model_inputs/inputs/pr1.asc
ncols 720
nrows 360
xllcorner -180
yllcorner -90
cellsize 0.500000
NODATA_value 9999.000000
[rows 42 to 62 of 360, columns 47 to 93 of 720]
16.3946191315 16.3398918521 16.6960753268 16.2845987943 15.6028864294 15.3086969513 15.1222918066 15.1228316536 15.3934069531 14.5798293088 14.8761062737 15.1340706070 15.2021891554 15.1894355658 15.0392508513 14.5986661955 13.6892527516 12.0186527492 11.5248318762 11.3435670646 11.2103215215 11.1085568351 10.5735048564 9.5375031960 8.2679593834 7.6718999844 7.5578249016 7.7895707072 8.5352820461 9.2779870974 8.8609052327 8.3803559901 8.1499362277 8.2020055270 8.3960292322 8.5717128750 8.7000933127 8.8920696071 9.1975257383 9.8825149034 10.7556925941 11.8731863913 13.3531567699 14.4431631634 15.5390371510 16.5221314528 16.8099747825
20.9686221206 19.9713032052 19.4660099951 19.4980637025 19.7250917408 19.9895825644 19.9271606980 20.1118472905 22.0996392018 23.8731000863 24.8940638267 25.0194309046 24.1517318354 21.0615583055 19.1493025341 17.2787281335 15.6101778994 14.3576481059 13.6277974234 13.0793223507 13.0240198632 13.1512681546 12.7871814620 12.1674418770 11.7635008064 12.0124633686 11.6522829048 11.7834067787 12.0646811847 12.3184516851 12.4501625542 12.5603490887 12.3873917910 12.4117084779 12.2331157909 11.8347629614 11.1322688463 10.4453430686 10.5161290267 11.8160745915 12.9959030310 13.8179826754 13.6208135955 14.4490437233 17.3756754521 19.7757065180 20.2371884370
29.7189424164 29.5189915923 29.1374706721 28.2804907474 27.4378297327 27.1296006977 26.1765233008 27.0752553188 28.3006088866 29.1002613085 29.2603106063 29.0118937846 27.0959722402 24.0667165490 19.6828516637 15.6612735882 13.5212177265 13.3404621156 13.4914577793 13.2009965455 12.6978733315 12.2966774652 11.9262234075 11.9946484192 12.6057221642 13.0509851006 13.6390104453 13.7960422580 13.5012881801 13.4905006707 13.7666359224 14.2208511243 14.4484708726 14.2718301213 13.9732287498 14.0483700234 14.2749147926 14.9213367258 16.1823991657 18.0400278477 19.0453324904 19.1364228231 19.2289217084 19.5230699319 19.9091783725 19.9262318783 19.9866758776
30.4217524244 27.6807231421 27.1137824748 26.7434286070 26.3362213445 25.9010151203 25.4000324348 25.3630399529 25.7897217816 26.1186583084 26.7811801750 27.7016687323 28.4594394034 26.1740409478 21.1624531075 16.5566934447 14.0433098422 13.2751323836 12.5980700104 11.7955427268 11.2275577267 11.2122086284 11.7476118612 12.1765179065 12.5867945171 12.0049078687 12.3808617645 12.7422138612 13.0176053499 13.1296624895 13.5401548032 13.9219303237 14.4313407509 14.7846635082 14.8890814598 14.8784129997 15.1210859913 15.9653877636 17.9735512356 20.1600021101 21.1815669900 22.0337755163 22.9483493313 23.3717142837 22.7923453494 22.0068656781 21.4451561042
29.4215645408 29.4546437217 28.6835560401 27.9747087043 28.1685514783 27.6799852727 26.2085510767 25.1988368982 24.8103781196 24.9815190327 25.2163783880 25.5872697453 25.9580479469 25.5967795383 23.3267631847 19.1823687492 15.3267464630 13.0214267119 11.7274960794 11.6302753013 11.9948487991 12.2962260211 12.2544963233 12.4536515214 11.4844965865 11.7173415347 11.5112744097 11.7224889400 12.1217493725 12.6305669110 13.0662245792 13.2672833861 13.3132375631 13.5884722840 14.1271157772 14.5004364458 14.9014755443 15.7117516355 16.9618415093 18.3080960414 19.3913119147 20.3174276103 21.3668382203 21.8830827798 22.2306546348 22.0704521053 21.7172460398
24.9276215618 26.6060128051 27.4713332474 26.3664645609 24.4434424967 30.3733029286 29.8045706295 27.7883106319 26.6019698465 24.8035015538 23.5674241267 23.6055835267 23.8839512458 24.2528553063 23.9564651856 22.0018326072 18.8870300335 14.1343506693 13.4288496774 13.5535154259 13.5873961262 13.6511876481 13.8430549123 14.1251261230 13.6213652295 13.0005259125 11.5337110619 11.3333865884 11.3596328156 11.8675792910 12.6962750073 12.7325142967 12.7125470317 12.8932743537 13.4538924467 14.8315205734 16.6134799219 18.2819323236 19.3374568771 19.8206128262 20.0380084862 20.4265403445 20.7374143938 20.8563433844 21.1131549440 22.2678946448 21.6653075768
22.0786040300 23.9974299038 26.0324077390 23.5300874629 24.5508131047 28.4962762962 27.5287621189 25.4801820265 22.7850515221 20.0601634278 19.4439917832 20.8267531707 22.2138368699 23.7529664591 23.8400963426 22.5801854976 20.3844582138 17.2315587115 15.6880148716 15.4071023280 14.7993584251 13.9995504142 13.9890952996 14.1173160227 14.2179090763 12.6142713125 12.3440790921 12.6847767388 11.5420115035 10.9255157149 11.5423309326 12.0157543133 12.5321450323 13.7330003927 15.6860888674 18.4958272293 21.3395700557 23.2912181527 24.1815318586 24.0536069905 23.4877413022 22.7485611686 22.0162080950 21.1179074831 20.8513221005 20.3645310248 20.6550134753
22.3722406954 20.6450274854 20.9010516701 23.8698727917 23.6942268675 21.3061514078 18.3555412805 16.0412079713 14.7261749808 15.4295625543 17.8631867166 20.1066350564 21.5499241313 22.5924298866 21.7660137860 20.7321196503 19.5891281037 17.4732298037 15.5514288781 16.2677492044 15.0753534108 14.4524702191 14.1414346872 14.1068231896 14.4774599466 13.6798938329 13.4204443311 12.9347518086 11.4639305393 11.4898314059 11.5693386033 11.9844219735 13.7684134097 15.7414927235 17.7332215098 19.5137251576 21.3302370685 23.4217408870 24.7291346896 24.8776751105 24.2850245268 23.3571690624 21.8833373801 20.5643191875 19.3566414819 20.2848199115 19.4651035708
22.3988039943 18.2596276863 17.2841124586 18.6430038884 17.1509918582 15.7200391113 15.2327942342 15.1131792372 15.3095432615 16.3860358007 18.5209265765 19.7469873674 19.4482091902 17.8340573766 17.0263709006 18.1147235708 18.3780227235 17.7027519821 16.1075537471 14.8874041624 14.7916449787 14.6985697065 15.4240898264 15.8130071213 16.3361247105 15.6957754662 14.1893490509 13.4180091263 12.1995179798 12.3285083973 12.9452870751 14.0311243886 15.6934204133 17.8439254960 20.9592655592 22.8748099180 25.7007531181 26.2217242853 25.6458678923 24.3806104409 22.8223457525 23.7792421540 22.3483106238 21.1115684069 20.0836290896 18.9785223047 18.4105243388
25.2164773992 21.9552596100 20.4747988901 20.4772128782 18.6260069604 17.7918444097 17.4790832534 17.2324215237 16.9318705739 16.8816247315 17.5237054937 17.1776152711 16.1455163034 15.5770162091 15.2508366737 15.1896076568 15.2612033853 15.0454025134 12.7624640154 12.8820071113 13.7740806240 15.1680786075 20.4267171503 21.3253808033 20.0673983200 17.1123774780 13.0448876589 11.8718061276 11.2007610442 12.6867557847 14.7350529878 16.6221610853 16.8570286914 16.2244211824 17.7059828129 20.9278153488 24.4039346580 26.7565122340 26.4280047559 24.3726989720 22.0878851542 20.5795386282 19.2590588413 18.8123708504 18.1789158523 17.6222853188 17.3492088070
27.0766084723 27.4047010462 28.2227954885 27.6140956557 23.1008030532 20.4700675677 19.5353909367 19.3268108123 21.0461266979 19.6524622879 19.9879724532 21.6144323058 21.9044291298 21.3470100425 20.2925144986 20.0208748283 20.6025469524 21.1229712004 25.4032290832 31.1303027265 33.8727252383 35.9313078225 34.1949195717 28.3847872925 20.3795265115 15.1532115997 11.4346526825 9.6321007659 8.6119279367 9.2633534732 12.3047221277 15.3731084720 16.2561566394 16.7971103947 17.4354027986 18.5372787528 22.7184711839 29.2106376146 30.8694387786 27.9731740302 25.2024390211 23.3098299068 18.5762007750 18.5088967119 18.0058925471 17.5327096222 16.1383580271
27.4520849925 29.3517616228 29.9715082801 28.5874585679 24.5429087081 19.4101994857 18.1232962932 20.6894363801 26.1809835210 32.3376221058 42.9041454918 48.5573378974 45.2825791435 40.0150213391 34.0203722008 29.9384314567 27.4429170240 28.2151999127 40.6325543881 48.3837570646 48.0206923094 47.2048161901 39.1210630769 29.5559793594 20.0182934641 14.7606603568 11.7715242523 10.1207111729 8.0068490861 7.6964801119 8.0606481351 10.8994439361 16.3306295872 21.9981998380 23.8205392670 23.2968688651 24.4021076651 24.6849426767 25.2300277934 26.7908078386 27.0854770497 25.2682178398 23.4102862305 19.6789972979 18.5733188409 16.5902016743 15.8620860457
26.4602116949 27.7098395163 27.4491335149 23.7924625108 19.5523348229 18.9266144880 23.0139607738 34.0736284561 53.3829048509 70.2378036221 66.5053772391 59.3318390893 57.3164183297 57.1949126897 52.2968742298 44.3004820263 32.0918856596 24.2943858029 24.5026700723 27.4688980426 27.3973718577 26.1671549524 24.4007662986 21.0444977274 17.5791329239 14.6924333676 11.4360565203 9.0234410090 8.0177986674 8.9037222860 11.6175688599 15.1515873440 19.2492307979 22.2568383906 22.4238561932 20.8625433734 19.2578035203 17.8866323404 17.6422785153 19.0382083965 19.5881674590 19.7611872281 17.9208819754 17.7460953273 16.9534727029 15.9467123594 15.5573683733
26.5654347022 27.2730986180 24.0172533668 20.4432944593 20.7675727434 25.7925223850 33.8490026188 47.4432069459 88.4477040963 97.8321300354 73.4444803675 53.9500836167 43.1414518389 42.0180138317 40.6842618249 36.1156313738 22.7918997989 19.0757961245 18.6774880858 16.5135233692 16.9290475751 17.3848057020 17.0605757448 17.1033108782 17.3400985950 14.6366829722 12.7270191733 12.5019407133 13.6644527956 14.6673729178 15.0601092173 18.2070668670 22.0286481490 21.7761836539 20.2133526618 16.7087181180 14.2277276900 15.4090684082 16.8172862905 17.6167901955 17.5031335530 17.5964092050 17.5060001638 17.2675363283 16.4740780019 16.4807742258 16.5442581056
34.5966552850 34.6087087237 31.6208279401 29.7271061281 34.5339434571 43.1963276351 62.4726545066 83.1658509560 115.5312457122 107.8123206971 70.2207972645 52.2639600676 43.9098119969 35.4070857866 28.8862367452 32.7797072532 24.9242363207 25.7073703688 40.9609274939 50.5762381945 54.8324387055 34.9830136111 24.9688432377 24.2628577980 26.5534166247 28.6745012272 32.9330827226 36.3471879973 37.1724819706 35.1084749855 27.0802058803 20.5987161607 18.6162178143 16.4696001011 14.1961878981 13.5632703896 14.9434162304 15.4405940557 14.9741969362 15.9886306501 16.4173881785 16.1878683575 16.1803647206 16.0959776840 16.4804571541 17.1298329224 17.7493344090
35.1343569928 36.9994079811 34.7391630930 36.0865291441 50.0268484466 106.1303556198 153.8250369485 139.5011952845 131.2454125145 95.8303209627 50.1567417523 41.2860568031 27.1511191386 30.8970464102 71.8712861999 133.6603530217 220.1219012495 192.4175026361 226.2749872170 208.1247197930 197.0727844164 155.9871499194 102.2826377302 61.6558778565 43.9132726751 36.5223105764 36.2860674213 37.8863647347 47.2625114489 50.8378824452 45.8132793428 24.9049291306 19.4188393943 20.0142269314 23.1610183837 20.9360049921 21.1825736042 23.2679410838 23.4172075870 20.8019815036 17.6857255865 16.3332015218 16.6500068153 17.7245462401 19.1734082327 21.0927633452 21.7155699211
41.5770885302 43.3068288839 39.5696499618 37.0384867711 43.4801079682 93.6621635919 149.0036048926 159.9272971507 138.3155782241 96.7485982692 35.8239372144 31.2421429844 38.0170289136 68.9614262665 207.6642704196 503.6860504188 531.0727832839 294.0979069099 248.3242037706 202.1920045372 254.6210729051 271.7965606134 233.4694073070 207.3430779856 159.9525874481 113.2252175594 110.7700219145 122.1725890646 135.1170628332 146.6291364050 143.9776439220 116.5420089383 86.2100597005 73.1939913821 60.8640001738 41.8565925211 34.0862217417 33.7418818963 34.6155381412 31.2456814572 25.0213969848 19.9736134673 20.1929587056 22.9020992992 23.4362436750 23.7766042119 24.5960046595
49.0579622565 51.9803117495 53.3522538026 47.2010113299 40.0182839949 49.0534596029 72.3864557804 94.4048232632 69.6602381067 46.6579913045 40.8281015698 48.3740209602 116.6336744791 162.3104126193 173.6101212446 324.5746577159 475.5813069642 484.2611406930 351.0097512044 183.1196502317 218.0603176821 249.3957504630 198.2641441282 206.1726709362 245.6713439897 240.0368882809 233.0651963130 227.5826709811 248.6592200585 273.6434123944 304.5358217787 342.0251137577 347.6160988212 322.9724862613 251.9105225801 168.5694500338 103.4138646210 67.0372467139 63.3545192541 73.1146220933 68.8592561055 43.8778360840 31.0060813499 26.6005742596 26.1546229594 26.4661193651 26.0052786616
58.3011463168 65.3325231979 67.0036111842 74.2804604815 99.6268641902 86.0609770752 67.8943633684 48.4877047129 9999.0000000000 61.2684940570 64.5456385100 79.1718604742 152.7235417161 175.9003170300 191.6089674924 262.6860185992 9999.0000000000 358.2321018912 9999.0000000000 9999.0000000000 9999.0000000000 9999.0000000000 9999.0000000000 158.1449724035 9999.0000000000 9999.0000000000 9999.0000000000 9999.0000000000 9999.0000000000 233.7389441673 266.9152126182 379.7771721147 414.6152450703 319.4161537103 418.3078547940 376.3151736930 293.7419756781 176.1054305825 139.4040982705 135.9212226234 136.3011900103 109.3428363092 74.6701309690 60.0780254463 44.9914625497 37.0099621068 34.4155590283
48.2685739989 61.5798513754 82.0611685049 106.0922410106 123.9811565029 77.3291765945 9999.0000000000 9999.0000000000 9999.0000000000 72.9559495230 79.2081740219 67.2143117990 83.9190718252 9999.0000000000 9999.0000000000 9999.0000000000 9999.0000000000 9999.0000000000 9999.0000000000 9999.0000000000 9999.0000000000 9999.0000000000 9999.0000000000 9999.0000000000 9999.0000000000 9999.0000000000 9999.0000000000 9999.0000000000 9999.0000000000 9999.0000000000 9999.0000000000 9999.0000000000 9999.0000000000 329.7507008538 324.8134916648 401.6794371419 338.5567408986 203.4060708247 168.2942553889 170.3648725525 170.6363707781 145.8497199928 115.6380552566 99.8137313873 76.3560329215 62.4833618640 55.9156734380
39.4305509690 48.4953191481 65.4863772215 92.7706570365 151.1037934106 189.3188094255 134.6438928740 9999.0000000000 9999.0000000000 9999.0000000000 9999.0000000000 9999.0000000000 9999.0000000000 9999.0000000000 9999.0000000000 9999.0000000000 9999.0000000000 9999.0000000000 9999.0000000000 9999.0000000000 9999.0000000000 9999.0000000000 9999.0000000000 9999.0000000000 9999.0000000000 9999.0000000000 9999.0000000000 9999.0000000000 9999.0000000000 9999.0000000000 9999.0000000000 9999.0000000000 9999.0000000000 9999.0000000000 9999.0000000000 9999.0000000000 244.4962032605 253.4656401258 253.7748946343 244.3895728793 167.8552678786 168.0785994977 142.8231258178 148.7587265437 189.1838524025 201.7604475841 203.4354158677
