model_inputs/inputs/pr1.asc
ncols 720
nrows 360
xllcorner -180
yllcorner -90
cellsize 0.500000
NODATA_value 9999.000000
[rows 231 to 251 of 360, columns 376 to 422 of 720]
9999.0000000000 9999.0000000000 9999.0000000000 9999.0000000000 9999.0000000000 9999.0000000000 9999.0000000000 9999.0000000000 9999.0000000000 9999.0000000000 9999.0000000000 9999.0000000000 9999.0000000000 1.0735483547 3.0068885826 16.1142393627 24.0217678074 28.7957970577 30.5549366749 31.9674874772 34.5850426820 36.5505712107 34.8535139929 37.9374686745 40.5239815009 36.3625088066 38.1718211866 48.0159256258 50.5060816649 56.0433979263 66.3833859726 71.5095698833 79.3079019058 82.9300722107 89.7011014167 103.4641057486 98.5231435625 105.9284481453 114.0504525974 112.5776558183 117.6543388283 119.0311230021 123.4441384440 132.8939778032 137.1018231148 153.0938720098 156.8428615574
9999.0000000000 9999.0000000000 9999.0000000000 9999.0000000000 9999.0000000000 9999.0000000000 9999.0000000000 9999.0000000000 9999.0000000000 9999.0000000000 9999.0000000000 9999.0000000000 9999.0000000000 0.6706452077 1.2859406324 5.4485515138 14.6967238543 21.8854001141 24.5936991123 24.3592829502 24.7240992612 26.1025925574 26.9628139213 29.2909310083 32.6427487889 31.5039168927 34.8661732860 46.6806460172 50.3480031621 56.4630122390 64.8361421772 70.9955790080 88.6090641143 86.4917325089 91.4748074720 97.0531756757 105.4405113682 108.7373119080 110.9691665042 121.4433289133 121.6209927807 114.3067125231 119.7262667120 125.1455945894 129.3385976460 161.2848448567 179.9512719736
9999.0000000000 9999.0000000000 9999.0000000000 9999.0000000000 9999.0000000000 9999.0000000000 9999.0000000000 9999.0000000000 9999.0000000000 9999.0000000000 9999.0000000000 9999.0000000000 9999.0000000000 9999.0000000000 1.1271666935 3.5998373787 10.3106972238 16.7451742891 20.6288532936 20.3333236277 21.7745263944 27.0136774052 26.8326212245 27.8553813114 29.2248080077 30.8799410413 36.5638080693 46.1511858157 51.6181145213 62.0327900397 71.2744747871 82.8286658507 88.3904944640 89.3061691895 98.8873823080 99.6124085505 100.2051463583 106.7819249583 108.4162514890 114.3279480748 112.2022806667 113.6231484124 111.6546071135 116.5630181786 130.5017910199 156.8616359727 147.9363109684
9999.0000000000 9999.0000000000 9999.0000000000 9999.0000000000 9999.0000000000 9999.0000000000 9999.0000000000 9999.0000000000 9999.0000000000 9999.0000000000 9999.0000000000 9999.0000000000 9999.0000000000 9999.0000000000 1.4851613960 3.7134607228 7.3922734082 9.8450185251 12.4873153400 15.2853574109 20.7197055279 29.7695795889 30.3488565842 27.7911796002 29.3288287357 31.5119485895 38.7390093820 46.6182783712 53.7708308548 60.3374961647 74.4050166104 85.8064710628 81.6859065089 83.9802796254 87.9842089489 84.6175819170 89.0519932145 91.4927803678 101.4343283605 116.1994772265 115.4107537586 103.8520317525 108.0031672027 123.7742230296 135.4821691057 141.0116351908 125.6047709612
9999.0000000000 9999.0000000000 9999.0000000000 9999.0000000000 9999.0000000000 9999.0000000000 9999.0000000000 9999.0000000000 9999.0000000000 9999.0000000000 9999.0000000000 9999.0000000000 9999.0000000000 9999.0000000000 1.8609675117 3.6384585364 4.0222858879 4.5514390367 5.3811254547 9.9355660641 16.5397130186 23.4021908836 28.0267013877 24.6314200340 24.4537255203 24.9901212228 32.3517147044 45.5069055897 58.2739748061 55.8942681528 67.9121712456 79.7594591277 75.4854837433 76.9804826123 81.1034187209 77.7759435587 76.5576197882 83.4890801925 99.4455510518 107.7553090872 108.4563086042 103.1379533233 106.2843227992 128.8462477969 134.4944142038 139.2841720954 131.2535691541
9999.0000000000 9999.0000000000 9999.0000000000 9999.0000000000 9999.0000000000 9999.0000000000 9999.0000000000 9999.0000000000 9999.0000000000 9999.0000000000 9999.0000000000 9999.0000000000 9999.0000000000 9999.0000000000 9999.0000000000 2.0754837424 2.0865616552 1.9227310713 2.3395988537 4.8922138885 10.6580639840 13.4704391094 15.6124858040 16.1508369783 17.7952826925 23.9520756877 30.3527203796 32.6752763358 46.5313417953 48.4587604296 56.0412951163 62.9643914290 71.6578179854 68.0240727961 77.5786518934 84.6498784376 82.2550890734 87.1226132149 96.2687332649 104.8798154807 112.0651453966 120.9253587294 137.6443480840 143.4499140596 133.2711068681 131.5673687495 126.4565598685
9999.0000000000 9999.0000000000 9999.0000000000 9999.0000000000 9999.0000000000 9999.0000000000 9999.0000000000 9999.0000000000 9999.0000000000 9999.0000000000 9999.0000000000 9999.0000000000 9999.0000000000 9999.0000000000 9999.0000000000 9999.0000000000 0.9287096573 1.3298441572 2.5778004274 4.3606936051 5.4552825095 7.9947107806 9.3062064770 12.2458705591 15.8396835759 22.2469820583 27.5291723083 28.9787155925 32.1818562225 38.8379381038 47.7941404679 48.8663095166 57.7692391234 67.8618735401 72.9117763694 84.4400972128 84.3400675803 84.1892876197 92.2297445359 104.6737306751 122.3575137556 155.9416896198 180.5740431882 146.5460801264 121.9516902929 153.1848774757 158.3420236129
9999.0000000000 9999.0000000000 9999.0000000000 9999.0000000000 9999.0000000000 9999.0000000000 9999.0000000000 9999.0000000000 9999.0000000000 9999.0000000000 9999.0000000000 9999.0000000000 9999.0000000000 9999.0000000000 9999.0000000000 9999.0000000000 9999.0000000000 2.2245162727 3.4233215702 6.2491038771 6.9069362653 7.4070019182 8.5599075537 10.8539305947 15.9775814682 19.4778465520 20.4813265591 25.7567911176 29.7571253905 33.6642877373 38.7747430068 39.1668251250 48.1753337081 53.6060007289 63.3514310466 76.3073712587 81.8699919619 89.7677595494 97.4438268458 109.5378978644 123.4623659402 116.5611133911 164.7750001866 158.0503931036 129.9031974049 127.5871549733 140.2574524982
9999.0000000000 9999.0000000000 9999.0000000000 9999.0000000000 9999.0000000000 9999.0000000000 9999.0000000000 9999.0000000000 9999.0000000000 9999.0000000000 9999.0000000000 9999.0000000000 9999.0000000000 9999.0000000000 9999.0000000000 9999.0000000000 9999.0000000000 9999.0000000000 4.3463119291 5.9425833751 6.8235063372 7.2472243119 8.3555430683 10.4643933009 15.0959984312 16.9760142599 18.0284529633 22.5071482128 25.9228093782 29.2745328625 32.2020427266 36.3654060639 40.7573556877 49.1760355071 61.5340563236 64.6501472220 72.3748384626 81.6734405234 97.1398435067 102.9957920546 91.1528323777 108.1372566987 173.5074135941 160.4455313645 123.3809409896 120.7302028779 125.2857284853
9999.0000000000 9999.0000000000 9999.0000000000 9999.0000000000 9999.0000000000 9999.0000000000 9999.0000000000 9999.0000000000 9999.0000000000 9999.0000000000 9999.0000000000 9999.0000000000 9999.0000000000 9999.0000000000 9999.0000000000 9999.0000000000 9999.0000000000 9999.0000000000 2.7080647305 3.4721193733 4.1605217739 4.7775140920 5.4634420958 9.2308707171 12.6221863175 12.5277661427 15.8710170945 19.8990532954 23.5863847774 29.2842147464 35.0054255105 37.6229500689 46.4698133874 49.7312197695 53.9269621368 65.9014841658 70.5755969393 82.3551564245 96.9575025374 97.1355058718 111.0719778808 118.8299604692 144.3870789371 135.6147687184 131.5101685468 131.0736798914 9999.0000000000
9999.0000000000 9999.0000000000 9999.0000000000 9999.0000000000 9999.0000000000 9999.0000000000 9999.0000000000 9999.0000000000 9999.0000000000 9999.0000000000 9999.0000000000 9999.0000000000 9999.0000000000 9999.0000000000 9999.0000000000 9999.0000000000 9999.0000000000 9999.0000000000 2.3177357889 2.7546165111 3.4852810895 5.1110941276 5.5443537203 6.4760505848 9.7296504027 10.9897881484 13.3276920242 18.8941128727 22.9956083349 29.4957923179 39.3263369333 44.5811647223 47.2698807134 49.9555367860 51.6664697207 63.6820719810 75.0113755348 75.5723071634 88.3585656993 101.5117457137 122.5190057885 137.2056717519 142.6901113009 149.7279710602 148.0407348135 128.4253086196 9999.0000000000
9999.0000000000 9999.0000000000 9999.0000000000 9999.0000000000 9999.0000000000 9999.0000000000 9999.0000000000 9999.0000000000 9999.0000000000 9999.0000000000 9999.0000000000 9999.0000000000 9999.0000000000 9999.0000000000 9999.0000000000 9999.0000000000 9999.0000000000 9999.0000000000 9999.0000000000 2.8268172100 3.7609483952 6.1923727990 7.2041043313 6.5555837136 7.7972151994 10.8331877418 15.0598876207 17.9827074171 22.6086795155 31.3564349490 38.5053640930 43.0815783329 50.2641925123 57.8428940498 60.8543866547 66.9299704023 81.3504753169 82.6073427452 86.9267312810 117.7281163400 155.7547941338 150.9598122211 150.1351806801 168.7374296598 136.2350410782 9999.0000000000 9999.0000000000
9999.0000000000 9999.0000000000 9999.0000000000 9999.0000000000 9999.0000000000 9999.0000000000 9999.0000000000 9999.0000000000 9999.0000000000 9999.0000000000 9999.0000000000 9999.0000000000 9999.0000000000 9999.0000000000 9999.0000000000 9999.0000000000 9999.0000000000 9999.0000000000 9999.0000000000 9999.0000000000 4.4847163699 5.0813518610 5.7938443424 7.1601068048 9.4747065014 10.8940643258 15.8846653212 18.3186855284 24.7903047712 32.1590930689 33.9643082698 37.8779181337 47.6116863429 62.2223541141 60.6195508735 60.0047005573 72.5677123410 83.7091774447 100.1107650809 148.8082510186 148.1348143425 105.4271778557 132.3175532743 145.1445337152 9999.0000000000 9999.0000000000 9999.0000000000
9999.0000000000 9999.0000000000 9999.0000000000 9999.0000000000 9999.0000000000 9999.0000000000 9999.0000000000 9999.0000000000 9999.0000000000 9999.0000000000 9999.0000000000 9999.0000000000 9999.0000000000 9999.0000000000 9999.0000000000 9999.0000000000 9999.0000000000 9999.0000000000 9999.0000000000 9999.0000000000 5.4155754697 7.5112006307 7.0030036804 6.6025397900 11.9037160330 12.9899446765 16.5835231310 19.1382863559 23.9168111875 27.8900541016 27.4431456928 33.4369768098 39.0680496348 46.0002974141 56.2598270481 54.8214060254 62.2760606348 94.6937851841 91.7230333434 104.6061767265 113.4955465095 134.5563952345 132.9030491179 9999.0000000000 9999.0000000000 9999.0000000000 9999.0000000000
9999.0000000000 9999.0000000000 9999.0000000000 9999.0000000000 9999.0000000000 9999.0000000000 9999.0000000000 9999.0000000000 9999.0000000000 9999.0000000000 9999.0000000000 9999.0000000000 9999.0000000000 9999.0000000000 9999.0000000000 9999.0000000000 9999.0000000000 9999.0000000000 9999.0000000000 5.9732833397 8.5122000528 11.1172061734 10.8329449286 8.1594937583 14.2182049312 16.4645069162 16.9505212252 17.0831833093 18.6074906815 22.5025724794 25.7559330203 31.6013038682 34.8462295951 37.0166453649 46.6011164244 57.8024644637 59.5452978741 81.9377250737 103.3956371248 104.9801562913 113.8257159619 126.6885478981 9999.0000000000 9999.0000000000 9999.0000000000 9999.0000000000 9999.0000000000
9999.0000000000 9999.0000000000 9999.0000000000 9999.0000000000 9999.0000000000 9999.0000000000 9999.0000000000 9999.0000000000 9999.0000000000 9999.0000000000 9999.0000000000 9999.0000000000 9999.0000000000 9999.0000000000 9999.0000000000 9999.0000000000 9999.0000000000 9999.0000000000 9999.0000000000 7.5689011937 12.0512958092 13.3254206594 16.9144434185 11.5409872087 12.8052215441 12.1629415808 16.7071139003 17.9167930473 19.3997738388 15.6530627282 22.3840018152 32.4425504368 32.5417526183 31.0897505551 39.8427040782 64.6077987039 49.9366633594 53.0028337380 59.7018157714 96.3864529040 9999.0000000000 9999.0000000000 9999.0000000000 9999.0000000000 9999.0000000000 9999.0000000000 9999.0000000000
9999.0000000000 9999.0000000000 9999.0000000000 9999.0000000000 9999.0000000000 9999.0000000000 9999.0000000000 9999.0000000000 9999.0000000000 9999.0000000000 9999.0000000000 9999.0000000000 9999.0000000000 9999.0000000000 9999.0000000000 9999.0000000000 9999.0000000000 9999.0000000000 9999.0000000000 9999.0000000000 15.1197941304 26.3436071109 25.7526043570 15.4395402933 26.4586699486 26.9522645103 30.5171591754 41.4921510383 38.3402440057 42.1028051642 45.1598240761 55.5671397597 50.1466708956 45.6503681489 48.6821156228 46.4264700422 49.7272451757 49.1873605060 44.5710702916 9999.0000000000 9999.0000000000 9999.0000000000 9999.0000000000 9999.0000000000 9999.0000000000 9999.0000000000 9999.0000000000
9999.0000000000 9999.0000000000 9999.0000000000 9999.0000000000 9999.0000000000 9999.0000000000 9999.0000000000 9999.0000000000 9999.0000000000 9999.0000000000 9999.0000000000 9999.0000000000 9999.0000000000 9999.0000000000 9999.0000000000 9999.0000000000 9999.0000000000 9999.0000000000 9999.0000000000 9999.0000000000 21.9620041607 36.6794272559 33.0026098236 22.1970332495 32.1645481163 35.3696053207 33.8955567568 36.8479207973 44.2207355518 65.1065088459 73.7197598792 84.1277875006 53.2078671386 37.5279134314 43.3423786308 34.5687836234 9999.0000000000 9999.0000000000 9999.0000000000 9999.0000000000 9999.0000000000 9999.0000000000 9999.0000000000 9999.0000000000 9999.0000000000 9999.0000000000 9999.0000000000
9999.0000000000 9999.0000000000 9999.0000000000 9999.0000000000 9999.0000000000 9999.0000000000 9999.0000000000 9999.0000000000 9999.0000000000 9999.0000000000 9999.0000000000 9999.0000000000 9999.0000000000 9999.0000000000 9999.0000000000 9999.0000000000 9999.0000000000 9999.0000000000 9999.0000000000 9999.0000000000 9999.0000000000 9999.0000000000 22.0657561440 25.9652521927 22.4218264630 9999.0000000000 9999.0000000000 9999.0000000000 9999.0000000000 9999.0000000000 9999.0000000000 9999.0000000000 9999.0000000000 9999.0000000000 9999.0000000000 9999.0000000000 9999.0000000000 9999.0000000000 9999.0000000000 9999.0000000000 9999.0000000000 9999.0000000000 9999.0000000000 9999.0000000000 9999.0000000000 9999.0000000000 9999.0000000000
9999.0000000000 9999.0000000000 9999.0000000000 9999.0000000000 9999.0000000000 9999.0000000000 9999.0000000000 9999.0000000000 9999.0000000000 9999.0000000000 9999.0000000000 9999.0000000000 9999.0000000000 9999.0000000000 9999.0000000000 9999.0000000000 9999.0000000000 9999.0000000000 9999.0000000000 9999.0000000000 9999.0000000000 9999.0000000000 9999.0000000000 9999.0000000000 9999.0000000000 9999.0000000000 9999.0000000000 9999.0000000000 9999.0000000000 9999.0000000000 9999.0000000000 9999.0000000000 9999.0000000000 9999.0000000000 9999.0000000000 9999.0000000000 9999.0000000000 9999.0000000000 9999.0000000000 9999.0000000000 9999.0000000000 9999.0000000000 9999.0000000000 9999.0000000000 9999.0000000000 9999.0000000000 9999.0000000000
9999.0000000000 9999.0000000000 9999.0000000000 9999.0000000000 9999.0000000000 9999.0000000000 9999.0000000000 9999.0000000000 9999.0000000000 9999.0000000000 9999.0000000000 9999.0000000000 9999.0000000000 9999.0000000000 9999.0000000000 9999.0000000000 9999.0000000000 9999.0000000000 9999.0000000000 9999.0000000000 9999.0000000000 9999.0000000000 9999.0000000000 9999.0000000000 9999.0000000000 9999.0000000000 9999.0000000000 9999.0000000000 9999.0000000000 9999.0000000000 9999.0000000000 9999.0000000000 9999.0000000000 9999.0000000000 9999.0000000000 9999.0000000000 9999.0000000000 9999.0000000000 9999.0000000000 9999.0000000000 9999.0000000000 9999.0000000000 9999.0000000000 9999.0000000000 9999.0000000000 9999.0000000000 9999.0000000000
