model_inputs/inputs/pr1.asc
ncols 720
nrows 360
xllcorner -180
yllcorner -90
cellsize 0.500000
NODATA_value 9999.000000
[rows 63 to 83 of 360, columns 188 to 234 of 720]
9999.0000000000 9999.0000000000 9999.0000000000 9999.0000000000 9999.0000000000 9999.0000000000 9999.0000000000 9999.0000000000 9999.0000000000 9999.0000000000 9999.0000000000 9999.0000000000 9999.0000000000 9999.0000000000 9999.0000000000 20.1790381980 31.0871668335 31.5737504570 31.9080618792 32.2769211489 32.5586104591 32.9394288710 33.2674931560 34.5588825003 36.7792352918 38.3466113708 41.2993290229 43.8084150665 45.7331273938 47.6592400228 47.4594070693 46.5859064134 46.5902676224 46.7729527736 46.9582499354 31.2048369669 47.3880671198 47.4801994278 47.4810292362 47.5977021852 48.2112842146 50.3586586565 55.1710146829 62.3007002869 74.4255685131 86.5210021148 72.8615965345
9999.0000000000 9999.0000000000 9999.0000000000 9999.0000000000 9999.0000000000 9999.0000000000 9999.0000000000 9999.0000000000 9999.0000000000 9999.0000000000 9999.0000000000 9999.0000000000 9999.0000000000 9999.0000000000 9999.0000000000 9999.0000000000 9999.0000000000 20.7838318020 32.8946522204 32.9639176489 33.0692585267 33.1899343582 33.4562627831 34.0811132337 35.2802689013 39.4828336139 43.4158261050 45.6784967682 46.5980187873 47.9562501423 47.5571783027 47.3645354505 47.3242048756 47.2650810261 47.2919272142 47.2344299778 47.1306662075 47.1003593411 47.1724819508 47.3160388065 48.0165809859 50.6200907403 56.8680058932 63.7056838023 72.5623515900 83.4261373384 90.2249085484
9999.0000000000 9999.0000000000 9999.0000000000 9999.0000000000 9999.0000000000 9999.0000000000 9999.0000000000 9999.0000000000 9999.0000000000 9999.0000000000 9999.0000000000 9999.0000000000 9999.0000000000 9999.0000000000 9999.0000000000 9999.0000000000 9999.0000000000 9999.0000000000 34.3282688409 34.7066638351 34.6314860217 34.6758972737 35.0328068307 36.2720337580 37.2878276976 40.9691501409 44.6103918948 46.6169723659 46.8436797964 47.3261002335 47.3479062784 47.3561713588 47.5510301767 47.6052176091 47.3850967828 47.0505991252 46.6008806834 46.2408098392 46.2776231579 46.3406178751 47.2083853092 49.6176586021 50.5181893241 58.9482837240 68.3768922463 76.4830266126 84.1366230743
9999.0000000000 9999.0000000000 9999.0000000000 9999.0000000000 9999.0000000000 9999.0000000000 9999.0000000000 9999.0000000000 9999.0000000000 9999.0000000000 9999.0000000000 9999.0000000000 17.0874844043 24.5970089163 9999.0000000000 9999.0000000000 9999.0000000000 9999.0000000000 24.5348958706 38.5981352592 37.9069685005 37.9864485876 38.8741432107 38.2622042962 40.4246260878 44.2146534333 47.5151692517 48.2759196893 48.1003209134 47.0149503672 47.2541709314 47.7096084505 48.2844063663 48.6086681485 48.4580060584 48.0327245314 47.2642417881 46.0230841418 44.7513273102 44.8532334412 43.3821764309 42.5114292302 47.2065182403 53.9439826389 61.9130948908 71.6996667325 81.2927376246
9999.0000000000 9999.0000000000 9999.0000000000 9999.0000000000 9999.0000000000 9999.0000000000 9999.0000000000 9999.0000000000 9999.0000000000 9999.0000000000 9999.0000000000 9999.0000000000 25.9636090777 39.7118678084 39.0401426121 9999.0000000000 9999.0000000000 9999.0000000000 26.8404053932 41.2373574218 41.7283965508 42.3879575101 43.3433027356 44.7049947688 45.7568995189 48.0015359935 49.0604752558 49.2112127831 48.2717376435 47.8735380457 47.8345700540 49.8375484021 51.0286063654 51.8075607251 52.0604589838 51.9051009323 51.6579217510 49.9202369247 46.8838217785 42.1816982562 42.0071225963 43.4577361448 45.5817439361 49.7698341496 55.7780336821 65.6042854534 75.5818546750
19.5578205166 9999.0000000000 9999.0000000000 9999.0000000000 9999.0000000000 9999.0000000000 9999.0000000000 9999.0000000000 9999.0000000000 9999.0000000000 9999.0000000000 9999.0000000000 26.6677722393 26.6806177679 9999.0000000000 9999.0000000000 9999.0000000000 26.8108033924 41.0274111782 41.5832602303 42.6528879907 43.7978302944 45.3825569130 47.0187410829 48.7170288689 50.3557543270 49.9566023354 49.7937005712 47.7121874574 48.0337052140 53.7048139377 55.7498249109 55.4796609795 55.1863142755 54.7579115373 54.2801634874 53.9042885648 51.1289848946 49.4728146004 47.9147125734 45.3260969371 43.9697043621 45.0969943777 48.5525853583 52.5658453116 58.0603604321 65.2718906058
26.8738617597 28.6691994115 18.6929892370 32.5590347929 36.5804230969 25.2524797688 25.4003294685 25.3497960221 9999.0000000000 9999.0000000000 9999.0000000000 9999.0000000000 9999.0000000000 9999.0000000000 9999.0000000000 26.4888424426 40.1075496920 40.3994866647 40.9069286543 41.7604479007 43.1580762961 45.1868871460 47.0884921378 48.8956969930 50.1840452780 51.2742532301 51.9408722757 49.9884839519 49.5937261730 50.3303885926 52.3686290835 54.2491588276 55.6065273704 53.4780782182 53.4663760336 52.4980697664 51.0052302852 51.8105546362 53.2376270858 53.1161497347 51.5385189210 48.7329838215 47.1962069278 47.4413163029 49.7744310996 52.4770558113 57.1357181179
24.6806922660 26.8033916946 28.6472424923 30.5784424127 33.3281705389 35.1051510370 37.2180837148 37.3249262630 9999.0000000000 9999.0000000000 9999.0000000000 9999.0000000000 25.5799476290 39.1033259220 39.7629906074 40.3123662109 40.7583552296 41.2475838675 41.8320094468 42.8930986673 44.6948107565 47.3502872628 49.4111541775 50.5153462873 51.2912124395 52.2738281870 52.7864423348 51.0609311750 50.0949351699 50.0901637715 50.5812123301 53.1260932912 53.2691880944 52.1844540490 52.4421048467 52.0854946808 51.3473565225 51.1289896094 52.9742572107 54.7458604560 53.5211292445 52.3801379604 51.0735150310 48.7098670565 47.5385453319 48.8899449119 51.6595955123
26.8838618940 27.8732716979 30.3758725058 30.4808951332 28.0431443243 30.9117566503 32.6976623037 21.7409828037 9999.0000000000 9999.0000000000 9999.0000000000 9999.0000000000 9999.0000000000 38.4708681086 39.2451877997 41.4283359423 43.3329254156 44.1780522815 44.4360378315 45.1067399117 47.0169683103 49.5553239598 50.8644410293 51.2893548002 51.9173547509 52.8204597649 53.3809953486 52.4147164542 50.9624951519 50.7117562811 50.6341361906 50.2104812767 50.5826503504 51.4150330564 53.5402949899 54.8768240260 54.9264239380 55.0575949601 55.3676981363 55.3008466959 55.3995043156 57.2955976822 60.2226997144 58.0869520199 54.6819510637 53.1005012454 54.7608818742
28.4006738802 29.8832869157 31.9885202916 30.6710721343 26.7236687941 25.6880278175 28.8925404602 30.0428623741 9999.0000000000 9999.0000000000 9999.0000000000 9999.0000000000 9999.0000000000 23.7720143341 38.8806378760 43.4538039844 47.3783781636 47.6968925796 47.3444833187 47.0894256723 47.9861986823 49.5777240722 51.1528984644 51.5068683308 52.3466155864 53.7710194476 54.7385807731 53.1550752930 51.5924328938 51.4791970490 51.1528183124 51.8574953894 50.4743414931 51.2492175330 59.8217796651 67.0193162514 64.4692159840 64.9995814310 66.4093457744 65.3289682232 64.6024002344 65.0245982688 63.9574740781 62.3675187235 60.8885030961 60.6539407745 62.8827213077
29.9129431369 31.6450597602 31.6932027927 30.7727660984 29.3169992510 28.7595141563 29.7922060126 30.1969969296 21.4335623605 21.6528745950 9999.0000000000 9999.0000000000 24.6284544119 24.4792114827 38.6135150038 42.1801942284 44.7768344893 45.8025295520 45.8313889685 46.0899261525 47.3563269479 49.0355574293 50.1255909330 51.1584713822 52.5917155319 54.0053931763 55.3118416574 53.7885821541 52.7376580867 52.9529650812 53.0772147467 53.0138569884 52.9725834494 55.5852635298 65.6605945551 74.1530566011 74.3331297417 76.7200689297 78.3341453061 76.0654255282 71.3613642147 67.3895993968 63.9784927480 61.5762256784 60.5754107237 59.7663192311 63.5492837755
30.7083640073 32.7778236824 31.2459431298 31.8181785406 35.4695783753 34.4014829316 30.2976064850 34.8258969316 23.6158877669 22.6996071870 33.3324586682 9999.0000000000 9999.0000000000 9999.0000000000 36.0259790614 37.5169962645 39.7854991606 41.2639065762 42.7589808824 44.1544687492 45.2109704493 47.0155632938 49.6680694632 51.5042280313 52.2568548331 53.3321969560 54.2098985170 54.0891566779 53.8377765915 54.4683178305 55.3410311113 55.4996801075 58.4277628222 64.0765940188 69.8822637205 73.1794461608 73.8749576267 72.0277805231 78.0522461864 74.6813380974 69.9432593537 65.2792975889 61.1269410001 57.7579376986 56.5272280946 57.3058665614 59.7608594690
34.5966387831 36.4309915749 37.1260975662 42.9681774694 43.5044222977 37.1567132534 33.7241282396 33.3645736682 33.5082413221 25.0847170246 9999.0000000000 9999.0000000000 9999.0000000000 9999.0000000000 26.1957244074 34.3483068282 37.1190300502 39.8865236202 40.6611544895 41.9282530784 45.8715073764 55.8799398132 59.2868266976 62.1307027177 62.3605926521 60.6558125583 58.2410229254 58.9197779191 59.6393255400 58.8922480820 58.9156194474 61.8998698192 68.4912643628 71.9123145682 70.8554121084 68.5357769835 69.3259714753 71.8206443125 72.0835568500 68.6063955654 63.4065331542 59.5341803273 55.6030336884 53.6084005726 51.1936015100 50.6063611829 52.9784015380
43.0812671548 48.9580929279 55.4144550115 63.1200417993 52.5854872540 45.2167225303 41.2458440987 39.0215332154 36.3301227044 36.8922047492 37.3418689705 9999.0000000000 24.2417471891 24.2959464085 33.2940682420 34.7248041071 37.3630998074 40.1108123478 40.3540075058 43.2065446512 61.3071838743 83.5593121592 83.4769913927 83.6912516970 88.7357796310 85.7470077462 78.8665475557 72.9411827051 69.7862841189 68.7312911614 67.7044079639 69.1142571741 73.2909893850 74.5848492952 71.9322912628 67.9182203603 68.6472966336 71.3487567846 72.7288554772 72.8778673802 68.4453702997 58.8778065867 56.3664527144 55.2927324898 53.5026990110 51.3724440825 50.6415573182
59.6272414550 64.2830041470 67.8062433726 70.8084854996 63.7382019195 59.7673706361 52.6075384696 46.3436306454 39.8343494162 40.8630101010 43.2077563601 40.3714853455 25.0966643798 36.2991651928 37.9679075559 40.5243869754 41.8971965555 42.1316975844 43.5399814742 52.9443605337 81.0463693924 81.0163359856 80.1966550061 81.6212474601 83.7896500016 89.2975787865 84.3142775120 76.8166378839 73.8042824669 71.3755511097 71.3987008785 66.9002245995 64.4903006614 66.8200113578 71.7708935263 70.9915289772 73.7774268491 78.7080635782 85.6283168541 94.5402423386 90.5322771287 71.4529637480 68.3598623145 67.3407915747 64.4570423174 60.9527849592 60.3045207099
64.1924748779 70.3597241663 69.7516443324 75.2055035555 76.2508924236 67.4328248715 60.9687210526 57.3729678872 47.4188124645 42.2753251623 39.5901877200 36.5362475859 35.0184596318 44.5434555877 51.9765728968 54.5898470446 58.0612232443 55.1512077218 55.4871669738 61.8729953421 65.4930204037 77.1984299063 77.2121783230 77.5356763043 78.3832313027 83.9477850823 85.7714776648 76.2771209702 76.8609100487 77.9596706852 73.7736408482 64.1436010483 57.4792918051 56.0691125575 62.7926870948 76.5106743202 81.9212986389 85.6303630862 92.8788621677 98.5756478040 94.2967501469 80.5798850488 79.2043738766 83.5574262310 83.4886935772 77.8926023631 74.5172293391
65.9427105566 62.2416283004 66.1803516559 73.5763538978 88.2493610261 83.3744534757 68.1752016535 60.5804838706 51.8176645855 46.4165877784 43.8549786340 42.1501042438 44.3033769261 51.3163565774 56.5292507526 60.1817939314 60.2990703774 57.2572001838 53.3698400832 57.7590173925 61.7329227389 73.3145163395 75.6159003940 75.6602762849 74.6671229135 77.3148671142 85.7009439496 89.8280526744 90.4583770316 85.9598913230 79.3013954535 68.5746412491 61.1258660210 62.5302979024 63.3299314650 70.4650391126 79.9460151466 83.1332526868 89.1895716777 111.3311138470 75.1269074972 64.6354275523 63.3518742397 69.9850845267 69.9108826811 82.3751755524 59.1082670144
64.5508483867 64.3553012051 68.2573762606 78.1686315313 97.2066336544 102.8460304951 79.4991161674 59.1442033765 44.8315405520 45.4621147946 48.4904534533 52.5109412265 56.1302166316 53.7516321056 55.3193193628 59.8874099669 65.8832048066 58.1188902142 49.5237770956 46.7349136015 53.3343280549 64.4389326917 68.0133512942 79.2997829849 73.4430093435 69.7500318638 70.8007531939 81.5883285832 89.1808586894 97.3368475679 88.4313813876 79.2886748677 70.3962357366 70.5650263117 68.2698469609 67.8246877505 67.6454962813 76.7327329377 64.3561875913 9999.0000000000 9999.0000000000 9999.0000000000 9999.0000000000 71.8050476862 96.0839877371 88.0923952209 66.1618412705
65.1301583857 68.2154803653 75.7982083596 78.3238764270 89.5025886130 88.1453992333 70.2480630716 59.9649923388 57.6509112725 59.9292917177 60.4179451475 58.1196021521 52.7321228874 51.3637876720 52.4286204600 55.3056369536 57.8419888043 56.6310484428 51.3270167867 46.5314219473 51.7775178887 62.0090509183 72.9579863255 69.4239831646 64.5260578603 63.8961955556 67.4478038563 70.4269952257 76.3083849452 86.6287169047 82.9425099073 74.2894233554 71.4457642171 72.8657408617 76.8170386436 71.0688897525 54.0789302322 59.5871230471 64.3069224316 68.5089873732 74.6937050717 81.1084918678 81.0883218655 80.5539535359 73.6494807643 71.0642173653 89.5905105863
64.6179355681 61.7524798145 71.5442945366 77.4364434765 80.4366770899 66.1091908696 57.8609470977 63.8253318029 74.9989519827 74.6049250010 59.6315885196 52.3940042476 50.0557455816 52.5765951024 51.7532884260 54.8120659660 59.7288929857 59.5250147162 62.8901424352 65.0028063683 69.8574920534 71.4483762276 79.3269120622 73.8590781111 71.5531914029 67.8070543217 65.1813707664 67.4413068336 72.9896557750 77.8146710945 72.6694628829 71.8083480606 74.4861869607 79.4300157577 63.9947635937 66.9782973127 78.1887213816 76.6891821404 82.3941291310 97.8886984522 110.8373401221 116.0181169398 117.1250530751 87.6550484682 9999.0000000000 9999.0000000000 9999.0000000000
61.6027936921 64.8175327806 70.9553993074 74.4984596386 66.8235899066 55.7293201564 49.7176505160 53.2198522124 68.3032373199 66.0932877799 61.7338279844 60.0161387119 60.4446640355 57.7730486984 58.8364387513 62.2591532883 65.8186400542 64.6968569490 79.6535736881 88.0809476366 92.8530249512 87.8441787791 84.3347021146 78.8193710614 73.3876714949 70.5797082628 76.2582994066 79.5094416244 84.4362687785 73.4703081544 71.5882602381 69.6147400886 71.0023400607 62.2979374020 83.5987846367 87.0016686385 79.3105893536 76.9331363845 81.7057370441 94.9835203355 105.1960384939 118.2707733242 92.1702435007 88.8426080346 9999.0000000000 9999.0000000000 9999.0000000000
