model_inputs/inputs/pr1.asc
ncols 720
nrows 360
xllcorner -180
yllcorner -90
cellsize 0.500000
NODATA_value 9999.000000
[rows 168 to 188 of 360, columns 423 to 469 of 720]
2.7978328508 2.7043915907 4.4937184357 7.2485373894 10.5352134415 15.6228065462 26.3914696116 37.5991685141 45.8618231351 49.1758893477 46.4705017512 34.9592155544 25.9563718282 19.7108140856 18.9907784807 13.6641757999 11.6002748982 11.1224243010 12.9414456751 16.9966156682 9.5323534333 1.9515632303 0.8011406844 0.6634985712 0.6395315177 0.6864181241 0.7864176259 0.5035653758 0.8688262797 1.2352560170 1.3826578088 1.7967663898 3.0264919224 4.4414626063 5.9780871525 9999.0000000000 9999.0000000000 9999.0000000000 9999.0000000000 9999.0000000000 9999.0000000000 9999.0000000000 9999.0000000000 9999.0000000000 9999.0000000000 9999.0000000000 9999.0000000000
4.1627512946 2.8459472996 4.5216767321 6.2273532312 7.8527422302 10.9279450262 15.2588117926 23.8594954717 35.9571261797 41.9164330233 38.4907198604 27.7959156374 23.1337431469 17.8666756838 14.5464578090 8.3328535839 6.8302939108 6.9678140280 6.9370633792 6.4195051527 3.9583520374 2.2203583903 1.2782460453 1.0222733554 0.9631025050 0.7935755339 0.6817950953 0.7419354306 1.0146504483 1.6880245057 1.9229946593 2.8934043257 4.4689673960 6.2923541045 8.7950533343 9999.0000000000 9999.0000000000 9999.0000000000 9999.0000000000 9999.0000000000 9999.0000000000 9999.0000000000 9999.0000000000 9999.0000000000 9999.0000000000 9999.0000000000 9999.0000000000
5.4043760028 4.9037333738 6.9050939492 7.8692529423 8.3291241608 9.0397766835 11.2278099696 15.6751540198 21.2805522897 28.0609663459 28.4102355363 24.2493144760 22.0862585411 21.3949456229 17.6969244640 9.2587529871 6.9564289151 6.8695500959 6.0284779756 4.9896150085 3.9679431611 3.0517730847 2.1942872008 1.8863024525 1.6970108063 1.3796837884 1.0114529896 0.7292832834 1.2702887543 1.9361637424 2.2434324273 2.9148134417 5.0605677534 7.6794808265 9999.0000000000 9999.0000000000 9999.0000000000 9999.0000000000 9999.0000000000 9999.0000000000 9999.0000000000 9999.0000000000 9999.0000000000 9999.0000000000 9999.0000000000 9999.0000000000 9999.0000000000
6.9373780934 8.3075467846 10.0338960037 11.6456043615 10.1044462208 9.2346396268 9.4696174419 11.4194084890 13.4041510901 18.7667620339 22.1767288749 21.2844750204 20.4404160613 19.1812961275 18.7120477203 15.5809495482 13.1862580165 10.6327666144 5.2521715770 4.9048973451 4.4091610762 3.5282048157 2.8196839812 2.4930639047 2.1550271849 1.7740248950 1.4321495746 1.1375033482 1.3289916587 1.7317487200 2.1218862694 2.8427842444 4.4685990506 9999.0000000000 9999.0000000000 9999.0000000000 9999.0000000000 9999.0000000000 9999.0000000000 9999.0000000000 9999.0000000000 9999.0000000000 9999.0000000000 9999.0000000000 9999.0000000000 9999.0000000000 9999.0000000000
6.9493336996 9.7351867807 13.3460597863 14.2644620355 11.2355352030 8.6865387930 8.3956432063 9.5839429996 10.2137746580 11.8340828485 12.9093825381 14.3483740540 16.9680898252 19.0295390203 18.6854985659 17.4839371612 16.9726797030 12.6378878485 5.8226960973 5.2743754350 4.9065982166 3.9512736184 3.2723170661 3.0870337541 2.6307873486 2.2634238558 1.8680842386 1.5397893694 1.5508948345 1.8768017944 2.3161289191 4.0457382893 9999.0000000000 9999.0000000000 9999.0000000000 9999.0000000000 9999.0000000000 9999.0000000000 9999.0000000000 9999.0000000000 9999.0000000000 9999.0000000000 9999.0000000000 9999.0000000000 9999.0000000000 9999.0000000000 9999.0000000000
8.8410923781 12.6654436172 15.5245037167 15.2894263010 10.1546732039 7.2393623486 6.9712358090 7.6654895965 8.1318961456 8.2904608644 9.5241078016 13.7913757644 18.5227347101 23.1086885906 20.0259668345 18.0615510035 15.4467657558 11.2350578274 6.9325159347 6.0158599372 5.4045993675 4.5605536689 3.9497840298 3.7030117965 3.1590199287 2.5612369682 2.7250189305 2.6738648958 2.7108859613 3.3508064516 5.7674725831 9999.0000000000 9999.0000000000 9999.0000000000 9999.0000000000 9999.0000000000 9999.0000000000 9999.0000000000 9999.0000000000 9999.0000000000 9999.0000000000 9999.0000000000 9999.0000000000 9999.0000000000 9999.0000000000 9999.0000000000 9999.0000000000
14.7919314040 16.1323159846 19.9769987084 21.9133448554 15.6821944256 12.2169828537 8.1941747994 7.7160307046 9.0033576416 11.2417434430 15.1897231699 21.4903735905 29.0943748550 32.4533921666 22.0721070073 15.4020468617 13.7905707088 10.7198564219 8.1741698159 6.9586136451 6.4041554651 5.6861902558 5.1483199932 4.4388158240 3.5897945163 3.0021728780 2.9169598638 3.6104215615 3.9407872682 6.8856364742 8.5429147512 9999.0000000000 9999.0000000000 9999.0000000000 9999.0000000000 9999.0000000000 9999.0000000000 9999.0000000000 9999.0000000000 9999.0000000000 9999.0000000000 9999.0000000000 9999.0000000000 9999.0000000000 9999.0000000000 9999.0000000000 9999.0000000000
17.5635209744 18.4227380814 23.9745300205 29.3129869387 26.8700003217 22.8925612173 17.3919722292 15.6638113403 17.6336586446 22.1989733982 26.2800419005 30.4842308688 36.1680554633 34.7117982747 25.0165336474 13.4627020889 12.7788751270 11.4449085959 9.6440027410 7.9953920722 7.0037144396 6.3620798173 5.8847926412 5.2388940530 4.4260304094 3.2336982658 2.9699777260 3.7172146040 5.0793539558 9999.0000000000 9999.0000000000 9999.0000000000 9999.0000000000 9999.0000000000 9999.0000000000 9999.0000000000 9999.0000000000 9999.0000000000 9999.0000000000 9999.0000000000 9999.0000000000 9999.0000000000 9999.0000000000 9999.0000000000 9999.0000000000 9999.0000000000 9999.0000000000
24.1537002730 23.4266372281 25.3137370746 32.8656254278 30.9372803313 26.6230969573 26.9441738783 33.6432690674 34.6231290023 28.3442681248 28.9899675117 34.2883649573 37.8607585444 33.9060519473 22.5160215050 12.0663726266 11.5987048630 12.0293907530 10.9004564438 8.9931689145 7.4400492740 6.8172686297 6.4082066747 5.7413430477 4.7348001754 3.8115104253 3.1926289375 3.6970967594 9999.0000000000 9999.0000000000 9999.0000000000 9999.0000000000 9999.0000000000 9999.0000000000 9999.0000000000 9999.0000000000 9999.0000000000 9999.0000000000 9999.0000000000 9999.0000000000 9999.0000000000 9999.0000000000 9999.0000000000 9999.0000000000 9999.0000000000 9999.0000000000 9999.0000000000
33.2030981372 32.0044705295 38.9580764459 44.9347196845 40.1963533368 34.4492794247 28.0884513923 34.9604885560 38.4708963975 30.7598592772 32.1695033927 36.2131880829 35.0671425113 27.1744857891 18.0826286087 12.1478883375 12.0878639573 11.6370646429 10.5101140944 9.1904299334 7.9893688890 7.2002487868 6.5994333127 5.8839763878 5.0821245022 4.3777423962 12.6729566837 9999.0000000000 9999.0000000000 9999.0000000000 9999.0000000000 9999.0000000000 9999.0000000000 9999.0000000000 9999.0000000000 9999.0000000000 9999.0000000000 9999.0000000000 9999.0000000000 9999.0000000000 9999.0000000000 9999.0000000000 9999.0000000000 9999.0000000000 9999.0000000000 9999.0000000000 9999.0000000000
44.4252644666 47.1443627612 54.7649366199 57.7161313850 57.6502134791 59.2678731191 46.8969384092 39.2451877997 47.4587517092 38.4697577683 31.7342099443 43.5806750902 54.5631470159 36.4578141889 26.0435818636 14.5720911096 13.0039748037 11.2296263542 10.4083659098 9.8632984736 9.1089708003 8.0989719645 7.1998162020 6.4217499967 6.2925810053 9999.0000000000 9999.0000000000 9999.0000000000 9999.0000000000 9999.0000000000 9999.0000000000 9999.0000000000 9999.0000000000 9999.0000000000 9999.0000000000 9999.0000000000 9999.0000000000 9999.0000000000 9999.0000000000 9999.0000000000 9999.0000000000 9999.0000000000 9999.0000000000 9999.0000000000 9999.0000000000 9999.0000000000 9999.0000000000
58.2702736720 65.9764450975 71.6754278401 79.0258849156 63.5647436720 67.3849694431 76.4332994004 54.2488240753 48.0235306313 36.9463473908 32.5163468078 49.0503289620 63.7794848881 39.1054805950 25.1062401803 16.6181923851 15.4071695142 12.8251734859 11.5008004359 10.8578191430 10.1857379777 9.3072095551 8.4222477599 7.9812894546 9999.0000000000 9999.0000000000 9999.0000000000 9999.0000000000 9999.0000000000 9999.0000000000 9999.0000000000 9999.0000000000 9999.0000000000 9999.0000000000 9999.0000000000 9999.0000000000 9999.0000000000 9999.0000000000 9999.0000000000 9999.0000000000 9999.0000000000 9999.0000000000 9999.0000000000 9999.0000000000 9999.0000000000 9999.0000000000 9999.0000000000
64.5065809367 84.4015111215 82.6677490259 79.2795092566 63.8839417370 72.4481633515 87.4227398308 81.4029701287 47.7466386510 37.4747750466 59.5563965617 65.1383197401 55.0862139207 38.5981494037 26.1323265731 17.3096938961 17.3674150865 15.5810674187 12.6777127589 11.4303468727 10.3942296992 9.6724938121 9.8083849589 9999.0000000000 9999.0000000000 9999.0000000000 9999.0000000000 9999.0000000000 9999.0000000000 9999.0000000000 9999.0000000000 9999.0000000000 9999.0000000000 9999.0000000000 9999.0000000000 9999.0000000000 9999.0000000000 9999.0000000000 9999.0000000000 9999.0000000000 9999.0000000000 9999.0000000000 9999.0000000000 9999.0000000000 9999.0000000000 9999.0000000000 9999.0000000000
85.9544504201 82.0312671131 97.0416998025 91.9723247644 87.0997463353 73.2216202305 92.0879887417 94.5807143580 67.0773839811 41.6904139565 68.5147347394 42.1608870383 40.1889935019 34.0139954060 29.6934682410 18.8808418316 16.9590114383 16.4311731351 14.8782550532 12.1761077171 10.2188808087 9.5964520078 9999.0000000000 9999.0000000000 9999.0000000000 9999.0000000000 9999.0000000000 9999.0000000000 9999.0000000000 9999.0000000000 9999.0000000000 9999.0000000000 9999.0000000000 9999.0000000000 9999.0000000000 9999.0000000000 9999.0000000000 9999.0000000000 9999.0000000000 9999.0000000000 9999.0000000000 9999.0000000000 9999.0000000000 9999.0000000000 9999.0000000000 9999.0000000000 9999.0000000000
151.7484602518 114.6063865162 112.6872093882 106.2670099782 65.9137757029 84.6181665547 104.4279376511 95.7260291325 82.7032139059 59.8715493106 54.9478527973 55.7341387030 41.4773417870 40.1438868139 35.2637599572 22.2085279820 18.6718963087 18.2559253735 18.0700718629 13.2189152209 10.6970107590 9999.0000000000 9999.0000000000 9999.0000000000 9999.0000000000 9999.0000000000 9999.0000000000 9999.0000000000 9999.0000000000 9999.0000000000 9999.0000000000 9999.0000000000 9999.0000000000 9999.0000000000 9999.0000000000 9999.0000000000 9999.0000000000 9999.0000000000 9999.0000000000 9999.0000000000 9999.0000000000 9999.0000000000 9999.0000000000 9999.0000000000 9999.0000000000 9999.0000000000 9999.0000000000
135.3669577511 126.3181421673 124.8126433929 88.3368775249 72.1398612368 83.4713996155 104.5795097016 90.8776377328 73.2724224217 52.1461319877 52.9815604677 56.3512898516 50.3783005988 40.2560806833 35.2965043858 26.4893940766 22.8095709463 23.2187749352 18.6130093789 12.4965882133 11.6893578961 9999.0000000000 9999.0000000000 9999.0000000000 9999.0000000000 9999.0000000000 9999.0000000000 9999.0000000000 9999.0000000000 9999.0000000000 9999.0000000000 9999.0000000000 9999.0000000000 9999.0000000000 9999.0000000000 9999.0000000000 9999.0000000000 9999.0000000000 9999.0000000000 9999.0000000000 9999.0000000000 9999.0000000000 9999.0000000000 9999.0000000000 9999.0000000000 9999.0000000000 9999.0000000000
117.7318033297 115.4932442587 117.2269686358 107.9024774954 90.9178174334 78.8297200925 83.9034563396 79.9926164327 73.1469138991 60.1904974901 69.2468709312 52.0146450726 50.5486282054 44.8495511664 41.5528590675 29.0812912281 22.3348521686 24.1021554975 20.2549468086 11.3864448213 9999.0000000000 9999.0000000000 9999.0000000000 9999.0000000000 9999.0000000000 9999.0000000000 9999.0000000000 9999.0000000000 9999.0000000000 9999.0000000000 9999.0000000000 9999.0000000000 9999.0000000000 9999.0000000000 9999.0000000000 9999.0000000000 9999.0000000000 9999.0000000000 9999.0000000000 9999.0000000000 9999.0000000000 9999.0000000000 9999.0000000000 9999.0000000000 9999.0000000000 9999.0000000000 9999.0000000000
114.7770535899 118.9622771926 116.8627487496 112.7628916875 114.9745857110 111.3801196916 79.5707248617 68.7955541653 74.9874619651 75.1221643877 72.9107626830 69.4844224490 64.9523483589 51.6684546601 42.4985671998 29.7617034812 20.9830801177 17.0425757387 27.9560450872 9999.0000000000 9999.0000000000 9999.0000000000 9999.0000000000 9999.0000000000 9999.0000000000 9999.0000000000 9999.0000000000 9999.0000000000 9999.0000000000 9999.0000000000 9999.0000000000 9999.0000000000 9999.0000000000 9999.0000000000 9999.0000000000 9999.0000000000 9999.0000000000 9999.0000000000 9999.0000000000 9999.0000000000 9999.0000000000 9999.0000000000 9999.0000000000 9999.0000000000 9999.0000000000 9999.0000000000 9999.0000000000
123.3266073978 123.2922269264 124.5418995386 120.8990594605 127.3457561620 126.7294065328 103.9710621117 93.5480272165 98.0980553431 79.4497142779 60.8413077425 61.3250200404 68.2224818738 47.0877943444 37.5562660047 31.1838937341 25.7712844759 16.5541639435 9999.0000000000 9999.0000000000 9999.0000000000 9999.0000000000 9999.0000000000 9999.0000000000 9999.0000000000 9999.0000000000 9999.0000000000 9999.0000000000 9999.0000000000 9999.0000000000 9999.0000000000 9999.0000000000 9999.0000000000 9999.0000000000 9999.0000000000 9999.0000000000 9999.0000000000 9999.0000000000 9999.0000000000 9999.0000000000 9999.0000000000 9999.0000000000 9999.0000000000 9999.0000000000 9999.0000000000 9999.0000000000 9999.0000000000
120.8129385486 127.0313059213 139.7440839792 131.2650355976 131.0553580988 140.9047124907 138.6838434264 116.7640958447 109.1522255447 84.1140579432 55.4588874802 41.7449974339 49.9657585169 52.6704718941 46.5428789612 33.3838242805 28.3831701090 9999.0000000000 9999.0000000000 9999.0000000000 9999.0000000000 9999.0000000000 9999.0000000000 9999.0000000000 9999.0000000000 9999.0000000000 9999.0000000000 9999.0000000000 9999.0000000000 9999.0000000000 9999.0000000000 9999.0000000000 9999.0000000000 9999.0000000000 9999.0000000000 9999.0000000000 9999.0000000000 9999.0000000000 9999.0000000000 9999.0000000000 9999.0000000000 9999.0000000000 9999.0000000000 9999.0000000000 9999.0000000000 9999.0000000000 9999.0000000000
132.1614267072 139.9982410949 143.5660495190 142.0101870317 144.2711132113 156.8777417997 151.7925815424 127.9015297769 119.1980653675 116.8311217334 73.7988227047 53.4478515037 60.8595729573 72.6545546204 55.0577882677 29.7928095097 26.5827003750 48.3570476063 9999.0000000000 9999.0000000000 9999.0000000000 9999.0000000000 9999.0000000000 9999.0000000000 9999.0000000000 9999.0000000000 9999.0000000000 9999.0000000000 9999.0000000000 9999.0000000000 9999.0000000000 9999.0000000000 9999.0000000000 9999.0000000000 9999.0000000000 9999.0000000000 9999.0000000000 9999.0000000000 9999.0000000000 9999.0000000000 9999.0000000000 9999.0000000000 9999.0000000000 9999.0000000000 9999.0000000000 9999.0000000000 9999.0000000000
