model_inputs/inputs/pr10.asc
ncols 720
nrows 360
xllcorner -180
yllcorner -90
cellsize 0.500000
NODATA_value 9999.000000
[rows 63 to 83 of 360, columns 188 to 234 of 720]
9999.0000000000 9999.0000000000 9999.0000000000 9999.0000000000 9999.0000000000 9999.0000000000 9999.0000000000 9999.0000000000 9999.0000000000 9999.0000000000 9999.0000000000 9999.0000000000 9999.0000000000 9999.0000000000 9999.0000000000 58.0679560080 83.2681814209 82.7386316378 82.2300816653 81.5125614172 80.7293637190 79.6887651086 78.8702486898 77.4346141261 76.1009611306 75.4811131046 73.8466875628 72.5447228760 71.7602191726 70.2130460995 69.9639291270 70.3902101959 70.8229411393 71.2795856525 71.7690123129 53.7078832858 71.6393406037 71.7872539535 71.5993117774 71.2760071037 71.0584888584 71.3379409863 72.3927736399 70.5896376749 75.1680820249 79.7706615413 66.0245598410
9999.0000000000 9999.0000000000 9999.0000000000 9999.0000000000 9999.0000000000 9999.0000000000 9999.0000000000 9999.0000000000 9999.0000000000 9999.0000000000 9999.0000000000 9999.0000000000 9999.0000000000 9999.0000000000 9999.0000000000 9999.0000000000 9999.0000000000 60.1952358847 82.9911479959 83.7298566476 83.1254260847 82.6915777288 81.6159668611 80.3671523463 78.9312160341 76.8654315616 75.3491782816 74.2239580723 73.4820904909 73.1779232738 71.7475740239 71.8781886972 71.9141533482 71.9512259820 71.8943275278 71.6906001326 71.6408682056 71.4244107949 71.1278061499 70.9150451585 70.8227148280 71.2034978787 72.6593213039 72.3699680530 75.3146045026 78.3493647468 79.5886317501
9999.0000000000 9999.0000000000 9999.0000000000 9999.0000000000 9999.0000000000 9999.0000000000 9999.0000000000 9999.0000000000 9999.0000000000 9999.0000000000 9999.0000000000 9999.0000000000 9999.0000000000 9999.0000000000 9999.0000000000 9999.0000000000 9999.0000000000 9999.0000000000 84.7948214505 84.6256159712 84.9360680440 84.3002744950 86.3338425988 85.8596259495 84.1391690774 81.0637859395 77.1021438413 74.7111310484 73.6761713633 71.2512778700 71.5194332879 71.9726076932 72.4639532855 72.6764266728 72.3954846617 71.7176396283 70.9380534827 70.0653307722 69.2831939086 70.2560924110 69.8188352399 69.6265884326 66.8497241568 68.8945606817 71.4539350010 73.7675634446 76.0780612472
9999.0000000000 9999.0000000000 9999.0000000000 9999.0000000000 9999.0000000000 9999.0000000000 9999.0000000000 9999.0000000000 9999.0000000000 9999.0000000000 9999.0000000000 9999.0000000000 62.1397787472 71.1925783544 9999.0000000000 9999.0000000000 9999.0000000000 9999.0000000000 69.9506569072 90.8940641675 91.6046913480 91.0282951081 91.1033739103 92.7177567501 92.0744100586 88.4699109010 81.0141011607 75.8282889146 72.6721267565 70.4776654020 70.9705668851 72.3070110544 73.6503294320 74.5810067165 74.5095300372 74.0047519212 72.9765155702 71.0585972993 68.4764315374 66.1099358113 63.9922081609 58.9850876131 59.6834986936 61.4319946035 65.1383055956 69.0332094091 72.7514206083
9999.0000000000 9999.0000000000 9999.0000000000 9999.0000000000 9999.0000000000 9999.0000000000 9999.0000000000 9999.0000000000 9999.0000000000 9999.0000000000 9999.0000000000 9999.0000000000 74.8154087341 94.5784606738 94.9117513373 9999.0000000000 9999.0000000000 9999.0000000000 75.6470936467 96.9856311567 97.1376935486 97.3447590368 97.6899876259 98.1674292125 101.5822888585 101.7379062250 96.8657332705 89.5208443981 81.1509912601 73.0672711506 71.0732179577 75.4871857935 78.5842806799 80.5347830756 81.4738715999 81.4921273850 81.3672223594 78.7761927349 73.1983384467 67.3485898878 60.4752066429 55.7499333518 54.1072427295 56.6409071325 60.5592718930 64.8955064826 69.0256562666
51.8627429847 9999.0000000000 9999.0000000000 9999.0000000000 9999.0000000000 9999.0000000000 9999.0000000000 9999.0000000000 9999.0000000000 9999.0000000000 9999.0000000000 9999.0000000000 76.7138642259 76.6584415105 9999.0000000000 9999.0000000000 9999.0000000000 76.7271694494 97.4671369186 97.4265894620 97.8790896479 98.1178670190 98.5585518647 95.6715918146 96.0404322250 95.9707566071 97.2329140641 95.0000222074 91.0622135270 87.4296140391 83.0528838560 87.1249140473 87.2124399757 87.3845686438 86.7210802389 85.8435295522 85.1245477097 83.3806581795 80.1814355655 74.4308679714 67.5717753475 59.2583491816 54.9359243014 55.2628452424 57.2739990894 60.2755858563 63.5808919324
63.3110721828 62.5964798382 54.7586564790 88.3065140806 100.8159136400 84.2324753758 83.3717188798 83.0926486524 9999.0000000000 9999.0000000000 9999.0000000000 9999.0000000000 9999.0000000000 9999.0000000000 9999.0000000000 78.0725717777 98.7383751199 97.8335350519 97.1553835552 96.6619681567 96.2778234389 95.9705491550 95.7362980116 95.9165833192 95.8411839092 95.2735666651 94.1454421263 91.8372828746 90.1938755997 89.6381868515 88.5572482366 86.6928007454 84.2021496501 82.7330964385 82.0387165295 81.8792612990 81.9281445583 82.1728531737 82.7666471014 82.1614810266 78.4681122168 71.0948259803 60.6245910167 56.0910977656 55.8893411653 57.1138460655 58.6081329966
62.9602235276 63.8967801933 66.7701332713 84.7126704175 99.4612419745 99.6554077137 97.1440679859 96.7472215416 9999.0000000000 9999.0000000000 9999.0000000000 9999.0000000000 82.3411345482 98.9671665011 98.8679478178 98.6065393081 98.2764830114 97.7836899692 97.3574890522 96.9409346581 96.4984770399 96.1279298645 96.0625824519 95.9549619583 95.5059224507 94.9104123283 93.6230494408 91.4331473177 88.8927171472 88.2140281610 88.0259256810 87.8504777793 85.8696590876 83.8548936881 83.5935040377 83.1660866970 82.1452337550 81.4611415844 83.6576538859 85.6559739914 83.8622393785 80.3409756627 69.9209723971 61.4328998490 58.8831013301 58.0180873512 57.0485693752
63.6186717893 63.8142896933 65.4123639688 76.5244038776 90.9602036700 96.1471851915 96.4986090548 83.7963261874 9999.0000000000 9999.0000000000 9999.0000000000 9999.0000000000 9999.0000000000 97.8745445609 97.9284821078 97.3702002084 96.5101886541 96.2120422628 96.2291570613 96.3149950840 96.6639295220 96.6440329794 96.6169133317 96.6426845407 96.2349280016 95.3485323116 93.5388898943 91.0314257490 89.5443336340 88.4710047394 88.3872600971 88.2907477207 87.3228139244 86.2520970404 84.8618756281 84.6598455682 85.0069600856 85.1054243976 85.0731090177 84.7859670175 83.7216151413 82.4819285190 79.0257010376 73.1236509746 68.6121995095 66.4084688178 66.7975829565
65.1245807530 65.2414517244 65.8676176099 70.6547493464 81.2308886088 89.4086316694 91.1343974294 91.4583527483 9999.0000000000 9999.0000000000 9999.0000000000 9999.0000000000 9999.0000000000 84.5854362706 96.2091945112 95.3615546459 94.6787826251 94.7268360760 95.1852957951 95.7622672431 96.4059345424 96.6202985728 96.7869014712 96.8281938694 96.6896818718 95.7575712819 93.3057043003 91.1079378566 89.2748156330 87.9187672399 87.6163020730 88.6364666512 88.2119159214 89.1988881631 88.2317181677 87.5675319694 88.4583313018 88.7797406176 88.6286023306 87.4941976508 85.9020404750 83.7673866190 81.1593930703 78.8231617771 77.5856534019 76.8352802843 77.4658545270
66.9865859672 66.3530555321 65.9833240206 67.9399415385 75.3514036769 84.0451461263 85.9590143664 87.3453790555 78.7814120413 79.8890412552 9999.0000000000 9999.0000000000 70.4850158072 83.9547252981 93.8086719252 93.9922764665 94.2007564008 94.4083499489 94.8248194763 95.1438619522 95.4501649830 95.4198392574 94.0164823551 94.2139578983 93.7925472390 92.7481862018 91.0697383806 89.7062688600 87.7802080940 86.6895946674 86.7574220756 87.8413215978 89.2743818695 90.7625678228 91.5294993902 91.4200495463 92.0261774445 92.6947578555 93.0555170635 91.2760494975 88.5292233434 85.4790267767 82.6933222124 81.0292074457 80.1998139359 79.3078547576 79.9914471572
66.8593376759 65.2649315307 65.5564583139 67.3044685973 75.0958462595 80.3622677922 80.9319595573 82.0611590752 75.1440222957 77.6604304556 86.9199230801 9999.0000000000 9999.0000000000 9999.0000000000 89.9078274379 90.6083931914 91.5707352106 93.0131308269 93.7836362282 94.1751643550 92.1063671121 91.3975127041 91.3134851726 89.4975437550 88.8698879862 87.6534454292 86.6220312892 86.1695405329 87.0147004025 87.1478186455 87.8478091909 89.8005558411 91.4940627990 93.2818755973 94.4569974672 94.6480325656 94.9735720642 93.6085843714 93.8894462306 92.4017129000 89.4608341623 86.9438837981 85.1712338626 83.6470738286 82.3198424187 79.7592045274 80.1456595073
64.4133217866 64.3941701856 67.1670598676 69.3238922395 77.1627764334 78.0255225836 78.4143962665 79.1799511062 80.2648407407 71.8373677810 9999.0000000000 9999.0000000000 9999.0000000000 9999.0000000000 78.1548029627 86.5123174153 88.8055589749 90.2842869982 90.6522598816 89.8452711990 86.9143690215 83.4280044073 82.1314381901 81.1525942991 79.7331787180 80.0003110198 81.2347359024 81.7139502615 83.5578694241 85.1012282073 86.2843464129 89.0252884710 92.2768550226 96.4356944896 96.5642016381 96.3512426242 96.4206164936 96.3654813822 94.9784000404 91.6660405928 88.4499860695 87.1263379231 85.4689087719 83.2078317180 78.1626389944 77.2426643525 78.4930960508
64.3774325727 66.3919245126 71.0051830974 72.5927668973 74.5490308036 77.0469002891 77.5926454808 77.9251581989 78.2008054666 78.3114434453 78.4741660464 9999.0000000000 71.7326799058 71.8960720114 79.3692511506 81.2138586771 84.5707448898 87.1874797158 86.3614242990 79.1134815663 75.0237095053 73.3007962117 70.8237615181 68.3371463092 68.5114862281 70.0316999573 73.4255739371 75.7931069238 75.5940000527 76.9446688355 79.8161689891 83.8125828886 89.2212081235 94.0242146607 97.0987491310 99.3278219830 100.7026919397 101.7719283700 101.5425994992 99.5554440888 96.4470760664 92.0473092701 80.5218456080 75.0157367438 73.3673364739 72.8044906282 71.4699512464
66.9019030756 68.2377861813 74.9817617470 77.9257664108 75.3633368877 76.9352769130 77.0755192498 77.3223023862 77.3734440445 77.2750598844 77.5266898563 77.6869466063 71.5297776042 78.6588125629 79.9824229907 81.5120522166 82.6653916156 82.8597836662 83.6816994706 80.3469634848 80.2697535837 79.7033999115 76.9806806347 71.6931037023 67.3442051047 67.7790482878 71.9473409699 75.5256304401 76.7160943360 77.8871520306 75.6400449900 75.4278969252 79.9624227220 86.4228489809 94.5220431313 103.9961166680 107.6242087875 111.1900369870 113.8844249072 115.8620846691 119.3429046543 118.4716058196 106.0658002971 89.7125867195 84.5760066295 82.5493787415 82.2824161733
66.7648196686 72.1182154957 76.6629158752 79.4187379070 76.9055593992 77.1780430223 76.2602041941 76.4537098585 76.5926414751 76.9421794103 77.4161650334 77.4158585700 78.2337432029 81.1008349992 83.7556278566 84.4959584065 84.3125518877 83.3579327445 84.1057409998 88.4009236470 86.9350576540 84.9160017679 80.9314692160 73.3708395856 67.4134941073 66.8111757841 71.5947619756 79.0623351932 81.7565156613 81.9388283417 77.4942896096 74.8838632135 76.0707391310 79.1902011260 87.6984342467 112.4464517925 121.7928668484 120.7976153819 118.9006356290 116.6163710877 116.3849771256 121.7113570310 120.7544747740 115.3368442319 112.0434666518 107.7652573586 102.9722179519
68.3212007862 75.0123232137 79.7200998059 81.2799416017 80.0108156400 80.1041690866 78.9333565626 78.0163428281 77.6143100811 78.2014796860 78.7786491564 78.9041105309 82.5003163191 87.0561625343 87.0400567073 86.1373383086 85.0181813585 84.4241328305 84.4567405293 88.4029793087 90.5725794146 90.5437152833 88.1582989823 80.8025283040 73.0416272418 70.5254972563 76.6953114071 93.5440196190 95.0556759490 92.7243857877 87.5724070938 79.2407251429 76.3965662336 78.0983477016 89.6296153078 108.0702213803 120.5973580945 122.3545434186 121.2789985584 113.5936996434 109.4536345918 116.0559675191 116.0454440396 111.1761659849 108.9937321376 110.7649487676 98.8259199075
74.6218983550 80.7748900261 82.6834870968 82.9451124882 83.9792800834 81.6808993695 84.0209402377 83.3773389459 81.5396244870 81.0800520703 81.7082924768 82.2013118304 86.7510382086 90.0920920540 89.3820117926 88.3766611805 87.3407773906 88.2808937458 91.1004507216 92.0882244827 90.5388778774 91.7701532599 92.2676234040 92.5609418191 89.0390934655 83.4121626103 85.4468056932 97.1249729628 105.0078134285 104.0962217376 98.7588091521 86.8928882992 80.2745344117 83.0971277319 92.6414615242 101.1546829250 107.7624378959 112.5196352368 112.0541504351 9999.0000000000 9999.0000000000 9999.0000000000 9999.0000000000 103.8599055028 97.2291516373 92.0940520009 87.3764874414
87.8673002589 92.3112826422 98.4902529744 87.9294321639 85.3850321146 85.6514289044 86.9018275989 85.8050754759 84.5954411197 83.5705617210 81.9941897644 80.5908800103 83.9108303189 86.7076430004 89.1251106514 89.6164609585 89.4860584522 93.7953289831 97.1212482546 96.9640844269 92.6312869415 89.1681758221 89.1177272424 88.9715206577 86.3534562523 82.1574074216 84.1783586657 86.9285040535 95.8777237684 106.7211603513 101.9179840805 88.2593753049 84.0758961858 87.3775247019 95.4216120299 101.5301335137 98.1874860590 96.1005367571 91.1757181166 94.0910425270 96.8579255277 96.0225819144 99.5723514352 104.0179651463 81.2120859046 80.5816012435 86.1680412199
97.4988676608 96.9414627180 95.5609349767 87.3993354617 78.5373022081 73.5253536841 71.3670974365 78.1017612317 87.3256428167 86.0883230343 77.7709269896 75.5852210568 81.0899720527 84.7205064492 88.1545648444 85.8196254121 85.1141185267 90.0479330448 93.3452427853 92.4817422638 89.3019824289 82.8039979097 79.5002571540 78.8710077759 79.7173369210 78.0409400468 77.4362313095 83.0218320480 97.1638702322 103.7446658593 95.9326231387 91.2500614068 95.5912795616 99.1870374419 92.3290103674 90.1895379648 98.0000436539 102.2605629405 99.9879157171 101.3696787413 103.2801145921 107.3373779655 116.3386210101 114.0344599262 9999.0000000000 9999.0000000000 9999.0000000000
102.3394135991 106.4632973867 105.2147940500 92.1855195193 79.9215357983 71.0295492900 60.6195037253 62.2994791484 75.9915725794 79.3387462618 78.9746819646 77.1389807342 78.9349454571 82.6914457139 83.5559269181 83.3472206723 84.2818018282 86.6316778120 88.0941019859 87.3405416496 85.4278049665 81.8349514157 79.1717944667 76.4362084446 76.5975967515 79.2962468695 83.0244912067 88.0508953705 99.6015361743 100.2425726037 86.7511607939 87.9628036637 93.7315751798 95.7439171616 104.8883021576 103.3635009080 100.5903849145 98.7847689539 94.9042924913 92.6552853780 100.7665117504 117.8139826516 115.9281770233 111.9114139583 9999.0000000000 9999.0000000000 9999.0000000000
