model_inputs/inputs/pr10.asc
ncols 720
nrows 360
xllcorner -180
yllcorner -90
cellsize 0.500000
NODATA_value 9999.000000
[rows 210 to 230 of 360, columns 376 to 422 of 720]
9999.0000000000 9999.0000000000 9999.0000000000 9999.0000000000 9999.0000000000 9999.0000000000 9999.0000000000 9999.0000000000 5.2719832529 8.6889910890 22.2903772665 31.5154587734 37.3137851420 38.1271506194 27.9002970492 26.2194729585 29.1901564342 35.0469324330 39.9563171086 43.1397639331 41.5006518597 37.4841622543 33.6351878650 28.5530285910 23.2051891799 21.8612272292 23.2110992074 21.7096669658 20.8483965544 20.9721040155 22.0270309655 23.9348665928 26.8872023444 27.4577003438 25.7020426216 19.9836866814 18.3782266395 20.6207084411 21.9080453971 18.9354653849 12.9526928795 11.3132814149 11.7331880465 10.9154212842 9.2837621632 8.1672290107 8.3396499977
9999.0000000000 9999.0000000000 9999.0000000000 9999.0000000000 9999.0000000000 9999.0000000000 9999.0000000000 4.9846343900 4.9022773783 8.2155470809 18.3724627714 20.2550411050 24.3036622123 23.5901589913 23.6515860306 21.7055367830 19.8876127834 24.6260592830 40.5090260901 45.7684649737 39.4765558303 35.5003142904 31.5377928782 26.3415726658 20.9620850219 19.5597488782 20.1158336713 19.8149621137 20.9399866580 22.1369334322 23.7955271441 24.4934266666 25.6480932876 24.7395402985 20.8569940296 15.8880682429 16.0841505567 16.6178812069 18.6170205125 20.3353250690 18.7542547937 12.4746560468 11.5763247886 11.0339766252 9.7666016300 9.0843335056 9.6362409677
9999.0000000000 9999.0000000000 9999.0000000000 9999.0000000000 9999.0000000000 9999.0000000000 9999.0000000000 4.1328888001 4.6395746504 6.6298126694 14.9941653799 15.9839394037 15.9520401066 17.6832066936 17.1816888760 19.3247068237 20.1869308075 19.7908528789 26.0632285208 30.2000568481 25.1261178637 27.1564256691 26.7412409303 22.8038235800 20.0289324566 18.4788149782 19.4340977323 20.8624655788 22.9159349401 24.8105195642 26.4330071805 26.1124465324 23.9228367282 20.5003838637 18.5564338899 17.1754051989 16.4546140441 15.1244629815 17.6141286793 18.3480447158 17.5918829773 14.6425859275 15.4316724365 15.8927088050 18.6746309046 16.1162384466 13.6343875638
9999.0000000000 9999.0000000000 9999.0000000000 9999.0000000000 9999.0000000000 9999.0000000000 9999.0000000000 3.8860172608 4.2760257420 5.5555897270 13.3663181914 15.8510286128 15.9014335804 15.2859726950 15.2381325897 20.9909963014 19.9203336379 17.4808206648 16.0274725204 17.7447362803 16.3517519832 16.5198871982 16.8330149318 17.9923857650 16.8771798344 15.3122130287 14.9222914770 16.4525737055 23.1392123387 26.6418124374 26.1944372614 24.1406260757 21.5455417056 20.3889420081 20.1123258448 20.9146468551 19.9589102995 19.2844905832 17.3136095545 13.7233020068 15.1811068354 17.3573607317 18.2932054595 19.4789651432 21.3505555876 18.9292807190 15.4387163784
9999.0000000000 9999.0000000000 9999.0000000000 9999.0000000000 9999.0000000000 9999.0000000000 9999.0000000000 3.4922578452 4.0999805315 6.5009483733 10.1580372284 11.8796280149 12.8500111605 12.8326924460 15.1053691370 19.2920354748 15.9831555648 14.9697956513 16.4575018716 17.9874705645 16.5054221288 16.3599864172 16.0885211953 16.7753255664 14.8324470356 12.6711568009 12.9675481003 13.1091942749 13.8533544377 21.1176670273 23.4304798068 22.1501773631 21.6743388155 21.0178990674 21.1837122333 21.7191343254 20.9754916141 17.6510551537 13.2653444161 13.8754056534 16.1632923555 18.8635172235 20.6743135932 23.8295870076 29.9082707497 21.8072826101 18.6197350704
9999.0000000000 9999.0000000000 9999.0000000000 9999.0000000000 9999.0000000000 9999.0000000000 9999.0000000000 3.4260287612 4.5992281630 7.5043718025 9.0589017636 9.5443891914 11.0938902071 12.0371242374 12.5119762088 13.9910366270 15.5767616088 16.8045609898 16.0636151559 16.7216461559 17.0227888157 16.1123581493 15.3829589108 18.7162179791 15.1289514906 11.6377989762 12.7453338937 12.9814285319 11.8273253320 16.4221407176 22.7331861388 21.3043621334 20.4707653611 19.1782550683 21.9235618715 21.1216864118 20.3906110546 16.9126447145 15.3546841320 17.9040559597 20.3673622746 23.8392547471 25.5500155909 27.8834957862 34.2627870559 31.4157379617 29.0650581010
9999.0000000000 9999.0000000000 9999.0000000000 9999.0000000000 9999.0000000000 9999.0000000000 9999.0000000000 3.5035483670 4.1094679291 6.3281478433 8.1438906491 8.2607904988 8.8699806729 10.6586816255 12.0264404541 13.8597430196 16.3598037179 15.3639511118 13.4279609338 14.7133836726 16.4536262891 16.8755709019 16.3953617157 19.3289348390 15.4923686787 11.0779446841 12.3340589198 11.9883411680 14.5400621550 21.5863414051 24.5820582204 19.5228365483 16.7280665628 16.9522185606 23.5563725873 24.9853639689 20.8116044523 18.8793719863 20.4994574015 22.0765672275 24.7095068917 25.5329620850 27.7352429694 32.2072101699 32.3979670939 33.1256147765 36.0271836980
9999.0000000000 9999.0000000000 9999.0000000000 9999.0000000000 9999.0000000000 9999.0000000000 9999.0000000000 9999.0000000000 3.3080645408 3.5886688529 5.3486155884 5.9434868526 6.7665907918 7.6465719685 10.1251336746 12.2784452542 13.3604718139 13.6371021217 14.1576501337 16.6015915020 15.9515839478 18.9392690663 18.8985506975 18.4268718003 15.2367063565 12.2854915535 12.5068818452 13.4828119772 20.7111834898 25.1154930156 25.3805201501 17.9073928739 15.3713533800 20.3952575102 27.9655619524 28.4265582450 22.4466712098 19.6989315591 19.7808551020 22.8890321741 24.9653566279 26.2205290783 27.6244682609 28.4465137229 33.2079496875 37.1501596528 36.3245568587
9999.0000000000 9999.0000000000 9999.0000000000 9999.0000000000 9999.0000000000 9999.0000000000 9999.0000000000 9999.0000000000 9999.0000000000 2.5256822119 3.2353036622 5.0712291413 6.5094279780 6.7695947218 8.5439337417 10.9749635740 12.6896766160 14.3302172801 16.2442717556 22.2312864207 21.2563251844 23.1550494209 22.6617495355 19.3784109870 15.3214222519 14.4511418184 13.5626444971 13.4928486514 16.1721621116 19.9292045727 19.5958490804 17.2313111834 17.3822019424 24.1979630082 28.7223236519 27.8140323353 22.6550686348 19.1949160653 18.8875545573 21.6772879357 27.2152737016 29.0269882826 30.5467611761 35.6366362539 39.7784976522 38.2869500318 39.9079996278
9999.0000000000 9999.0000000000 9999.0000000000 9999.0000000000 9999.0000000000 9999.0000000000 9999.0000000000 9999.0000000000 9999.0000000000 2.2890324035 2.6709411177 5.5120353936 6.9664390685 6.5351119629 8.6775246455 11.9287918060 14.0126988699 15.8384435781 18.0931485520 23.1555138307 22.1959559130 18.5079278162 20.5186655803 19.2090770288 17.7459644910 15.9808240860 14.5837673626 13.0904222169 13.3660600550 15.4315109539 16.7515652283 17.0917854994 18.3739055065 22.5760105241 24.6215519146 22.9208878591 20.9368348005 20.7293756248 23.3380127465 26.2756759766 27.7886100230 33.1988642283 33.8656200038 37.2589470644 34.3023844762 33.9260097826 32.7480000851
9999.0000000000 9999.0000000000 9999.0000000000 9999.0000000000 9999.0000000000 9999.0000000000 9999.0000000000 9999.0000000000 9999.0000000000 9999.0000000000 3.3418314961 6.0956618108 6.1532409673 5.0603679629 8.0336734682 12.0401051827 15.4301684088 17.0071344328 16.5229589038 16.4435023908 17.9657258122 17.3256948183 16.7260521557 16.2604459474 16.1695053102 16.1650050140 15.7169791928 14.6901207481 14.0118832060 14.3999306165 15.7460743503 16.6373534157 17.8548968834 21.1641080095 22.9776708002 21.0195091786 20.2947257494 22.5547844020 26.1386821512 29.2906221875 33.9157880517 34.4318510906 31.4567828318 26.5124731231 22.9264890659 28.6740674637 31.6810715594
9999.0000000000 9999.0000000000 9999.0000000000 9999.0000000000 9999.0000000000 9999.0000000000 9999.0000000000 9999.0000000000 9999.0000000000 9999.0000000000 2.5706450979 2.8754452796 3.2418422343 3.4768845835 5.6211876145 8.4605521406 10.2412160923 14.6781509975 13.5043469199 13.5181165533 15.0114416610 15.8480240934 14.7323502169 11.9730415754 12.0564526442 17.8816617408 22.1310846973 19.8465844151 16.4695871354 14.4353683863 15.0228585990 16.0508167755 16.7496899085 19.4120005472 22.1072135610 20.2073059045 19.7913832963 21.2050137925 22.0433654613 28.7398769287 34.0397784021 28.9795218268 28.0263242021 23.1318195001 19.0511152177 22.9233324935 26.6428308387
9999.0000000000 9999.0000000000 9999.0000000000 9999.0000000000 9999.0000000000 9999.0000000000 9999.0000000000 9999.0000000000 9999.0000000000 9999.0000000000 9999.0000000000 1.6573071553 1.8097816519 3.1963456895 5.0813783819 6.8617164216 7.4628153743 9.1439406242 9.0988592783 11.5566085879 13.7297318433 15.3475694678 13.7219889293 12.1857188788 12.2491886141 18.1918438902 23.3911959222 24.0403418429 21.0890009184 17.6943454571 15.7513455197 15.9619318001 16.6433612758 19.5972929941 23.3247758879 26.1021611514 27.3155626492 23.9683889668 24.2867525085 26.8832466099 27.0571904839 25.5072191649 21.3541082048 20.0817549485 15.8704784262 20.3201904951 22.7925881627
9999.0000000000 9999.0000000000 9999.0000000000 9999.0000000000 9999.0000000000 9999.0000000000 9999.0000000000 9999.0000000000 9999.0000000000 9999.0000000000 9999.0000000000 0.9377419274 0.8446519951 1.4501448659 2.6404836717 4.5079837146 6.9421642256 11.1514216260 12.5181019393 12.8011125780 14.0145506157 16.9199632946 16.7132290226 15.2678772138 14.6896905208 15.5874783959 20.6803721376 25.1029138744 24.7608937207 22.8188662149 18.5768313822 16.7476389615 17.8666662541 21.8487329548 26.7684595892 30.7273246581 32.9167057935 30.8232076059 27.4380018236 25.2041245694 23.8801039523 22.7909662644 19.6518623270 18.1472369732 16.6995925829 18.1839854631 21.4062847663
9999.0000000000 9999.0000000000 9999.0000000000 9999.0000000000 9999.0000000000 9999.0000000000 9999.0000000000 9999.0000000000 9999.0000000000 9999.0000000000 9999.0000000000 9999.0000000000 0.3916128830 0.5225219379 1.1128868282 2.9762136655 5.5249793440 10.2849413379 13.6182027636 13.1522205484 14.3174377590 15.8002488170 18.2837439934 17.6809176482 16.2313578621 14.2381981277 17.2979575291 22.3415802175 26.2694995617 28.7426115246 27.5807005819 21.8492445129 19.7289508214 24.7332106519 30.5237198481 33.9231785329 34.3781445699 33.6935950618 30.1871570991 26.3606771186 21.6788626858 19.8842770478 21.2667355081 22.5330585090 23.8380312512 26.4244379941 22.8650549543
9999.0000000000 9999.0000000000 9999.0000000000 9999.0000000000 9999.0000000000 9999.0000000000 9999.0000000000 9999.0000000000 9999.0000000000 9999.0000000000 9999.0000000000 9999.0000000000 0.3216129003 0.2805049326 0.7862495131 2.5299936206 5.7435006674 9.5590210476 12.0032859704 11.2797107140 12.2645660012 15.3629173874 17.7765907865 18.8050876313 19.5630351081 17.4882618303 16.8650639243 22.2596955718 30.8834960160 34.5133420487 36.3385080127 33.8464707602 28.9659289992 28.6779076851 30.3711765446 31.5537879069 32.7202557237 33.3504409937 30.0884405442 26.8096883374 22.7511236735 20.7891477621 25.1719223452 36.1058386916 73.9739971468 45.2608155319 29.7081572644
9999.0000000000 9999.0000000000 9999.0000000000 9999.0000000000 9999.0000000000 9999.0000000000 9999.0000000000 9999.0000000000 9999.0000000000 9999.0000000000 9999.0000000000 9999.0000000000 0.1677419143 0.1072010402 0.4780058916 2.1928307633 5.1521578571 6.7370094184 9.3404720246 11.1450636905 11.1149348086 14.4539082394 16.7048201401 19.2447646841 22.0901152643 22.4664710986 24.3857330934 30.0315609493 34.7339508589 36.6958678351 37.6418494270 38.1099250226 38.6611016875 38.3013184473 33.0078079132 29.8306341574 29.9204750627 31.7317110894 30.7470420375 30.8750989207 32.0294378616 28.9981665846 30.0581195334 36.5266175650 63.7547556544 46.5883628349 36.1344647245
9999.0000000000 9999.0000000000 9999.0000000000 9999.0000000000 9999.0000000000 9999.0000000000 9999.0000000000 9999.0000000000 9999.0000000000 9999.0000000000 9999.0000000000 9999.0000000000 9999.0000000000 0.2436478544 0.6176518773 2.9909937439 5.4621225354 7.1886084843 6.7024951641 8.4104724956 10.5127048882 14.1035381384 14.5316697744 14.8918867781 17.1532585082 21.7030214262 28.1703808287 31.1683937616 34.1448246036 37.2181756538 38.6305142893 38.9326494187 39.7017450887 38.3310760371 35.0645092840 31.4315161086 28.5832364461 27.8234761208 32.9808037786 35.4326966917 34.4674503431 33.6410413147 35.2834702644 49.0167170065 64.0915447148 39.7645464982 30.8617347619
9999.0000000000 9999.0000000000 9999.0000000000 9999.0000000000 9999.0000000000 9999.0000000000 9999.0000000000 9999.0000000000 9999.0000000000 9999.0000000000 9999.0000000000 9999.0000000000 9999.0000000000 0.3252059250 1.1945000770 3.1887624900 4.1127568111 6.1963090848 6.7314594853 7.3736710838 9.2344327641 12.8631089319 13.7200534955 13.8499409077 14.0900678962 20.1119604462 28.6734121037 30.7961209619 33.3953944501 35.7968010649 36.5651706525 37.5269681099 39.9795234553 39.8197711911 36.9656215771 36.7405714060 32.6809930557 31.8642399798 38.4844373621 44.7563344496 47.3941162345 43.9726558398 41.4689164027 45.7025376381 59.5666418667 49.7679953696 38.7358598819
9999.0000000000 9999.0000000000 9999.0000000000 9999.0000000000 9999.0000000000 9999.0000000000 9999.0000000000 9999.0000000000 9999.0000000000 9999.0000000000 9999.0000000000 9999.0000000000 9999.0000000000 0.5274193841 1.9128180138 2.2846725205 2.8785485156 3.6479854207 4.9038839534 7.8548238234 11.5783568763 13.3678210404 14.6033067576 15.1711927465 14.7512814001 19.5500127738 28.7624349876 30.9375561483 30.7507148827 29.8202898412 29.7600061458 32.9250062350 38.6005138862 41.4382229210 42.3580561182 39.1635294654 41.3205740042 47.8230894660 45.7565883407 54.1747401003 56.1543046497 54.7066472936 52.3839852540 56.2695584376 57.0201531518 75.4401460290 57.3179553612
9999.0000000000 9999.0000000000 9999.0000000000 9999.0000000000 9999.0000000000 9999.0000000000 9999.0000000000 9999.0000000000 9999.0000000000 9999.0000000000 9999.0000000000 9999.0000000000 9999.0000000000 0.8493548075 1.7494312124 2.1845637675 2.8202636095 3.3814899143 3.7428098913 10.1638305641 17.2569232673 15.8097798267 15.0326689618 14.0314886085 13.5524498764 12.7739599266 21.2983012316 28.1369951845 28.0542335822 29.1746635339 30.7998881035 33.1908608205 37.0850691979 40.6406497350 44.9837349588 44.6178978891 47.3742291215 54.0533570456 56.0623892234 53.7136447965 63.7370656477 65.1545670116 60.3506127954 65.6659458764 72.1668347251 86.3845834974 59.1458818526
