model_inputs/inputs/pr10.asc
ncols 720
nrows 360
xllcorner -180
yllcorner -90
cellsize 0.500000
NODATA_value 9999.000000
[rows 189 to 209 of 360, columns 235 to 281 of 720]
140.3578215977 140.0848523481 154.4341446133 169.4279056974 158.8799846359 125.3271151800 100.9419596521 97.2925565438 112.3858569190 113.2810410345 113.6285327375 125.8083852008 139.4529909594 151.6985680209 134.7197826253 113.0759086227 123.9634476369 127.5725578889 125.8286306402 148.2810869347 164.2141062766 134.9760048324 103.8232336286 80.1639624406 73.8200724008 93.8743022271 95.7586462609 98.6601845361 66.7995631811 41.7658888036 31.4155800152 28.3105807321 30.3535855492 33.0745839165 32.8678083897 29.7697375354 25.4353228665 26.5848149720 24.4710737024 24.2443969182 18.6681657069 13.0271139642 5.5136790979 2.3158648892 1.3734873355 1.1929352722 2.1622099193
142.7721397486 154.4197549811 167.9815307725 173.5419260804 171.7406194657 153.5885321209 120.8731468068 120.8664517617 164.7151785437 153.9717810228 133.6185514228 122.3854820710 145.7751786802 168.7815792393 154.4846874895 125.0296382932 142.4283821834 146.6687314678 144.7076678742 160.6165096164 175.9406193160 128.1059549656 96.7425444396 97.1577503951 115.9977017669 113.1219441304 102.3903996684 97.7505919291 84.8053920781 70.1887789182 54.8817132949 43.8920559827 36.2267007586 43.0616629310 41.6931249783 33.7634333409 31.2697011104 40.4376814258 34.9797650997 30.8035232301 27.1072218020 14.7538274032 7.8052822573 4.9161030001 1.7237081829 1.9530419158 1.3386764895
139.4988755928 144.5630077505 164.8175844457 166.5217657574 164.1788017005 161.6680088919 148.8646968501 154.6987214824 181.4338944387 186.9846526533 168.3685609605 140.0661062216 165.2088768315 183.6591388565 174.2914128117 141.8967013014 152.2443367867 152.1074278280 160.2383621503 193.2003702968 219.6115690749 184.9673695397 135.2127359714 130.7765896199 122.0329360804 113.8682436431 106.6116444999 104.7486114549 93.3582274010 80.6163871894 69.7980051627 56.0853786883 45.8457267378 41.5530146565 38.5263191129 49.1014706204 43.3350989479 44.3683424382 46.9266936416 42.3115774174 36.6267391364 17.3353908467 9.1975186660 6.2525462854 4.0137208271 5.3266987452 2.9278587608
145.6493872683 154.6856991481 165.3031355236 162.7167169936 159.5291399863 156.3130854629 146.1060553556 151.2924428098 176.9766916987 196.8839841429 196.6140889563 181.6570751835 185.7723214198 189.3841756973 183.8111823890 158.2550068852 157.9696093686 162.8774735145 187.9721812438 219.9572597165 217.9341490846 220.8350272849 221.5588653926 164.1742566135 125.2761008218 117.1651573386 122.5036826218 125.2443889389 117.0994798886 89.4904809538 79.2069481686 60.0267942064 55.8377563138 63.1126159569 60.5779991602 63.0674244021 56.0763686663 61.2048251205 52.4479417945 45.8461274975 43.8271046150 29.8514948809 13.6407785030 6.6496420259 5.7101957646 10.2574445045 9.9479601486
164.5825977903 182.0716210641 178.5627384670 164.6968473215 164.3296005204 159.4710533973 142.4314751057 146.3092546910 172.6132950280 196.6550135985 208.3668918349 201.8031072803 189.1791375820 186.2864820287 186.0374074895 173.5338543076 174.2418694776 176.6349615064 203.6561260466 203.1059253495 210.3722181637 224.1278956644 227.5599266868 196.1160907522 131.0448063305 129.6286816942 132.9470761120 135.4703914840 131.6781764617 110.0535389269 97.0283191418 64.1795185511 67.1639339416 78.6800575443 70.5471241381 67.4061295576 61.8233011337 53.4734906978 45.8695507259 42.8768419661 31.7703773326 23.1131134497 15.1153456973 7.7459091117 7.1345053293 12.9059855099 15.9187133977
167.7137666848 195.7980289590 196.5203206055 181.3392962795 183.6171958130 186.0588127747 154.8898980254 151.4273243956 168.9808086958 197.3579367623 214.4473129883 209.9580683280 191.4327275008 184.2053791042 184.3051258475 184.5994626638 205.8396725915 205.9022288304 202.5938392617 198.2460014988 214.7440260742 214.6405829117 216.1157748196 186.3729518373 161.9031841401 150.2362381434 156.2340084929 165.2600043453 147.6294327294 131.8310875213 124.8399233446 95.8945745369 92.5410924247 83.6478281999 59.5013981801 69.9255552026 65.8394371276 52.3909348994 52.6831736206 39.9685520679 25.5718192784 20.6768572389 14.7945092322 11.2536271481 9.0517977078 13.9915493637 18.2978177327
172.5243546534 202.9374365229 211.9742010254 217.2519522719 233.4267664701 222.4645635579 187.0217488613 158.8446989190 172.9015402962 194.8946882039 210.7225670479 207.9420676455 189.6797572263 183.6459939368 183.8137095328 185.0944056641 186.0999260098 215.6269045081 204.4779004063 195.2272716444 206.9355666172 206.0693220701 202.9981445521 178.1082109082 176.3209355995 167.7498633508 169.1307022702 176.1064112652 163.3765089791 150.0492672203 128.1149036950 100.9518041974 103.8473640801 85.3419480845 56.1058080057 64.1058211913 58.5067266366 53.6246572738 48.7837624387 32.7455436636 22.6462684222 18.9024451392 18.1156241015 14.0573552926 9.7962643340 9.7198200019 11.4297032997
181.9040940609 198.9499996416 211.0894932412 224.4772450067 235.8983131126 240.1203783229 218.8574052416 168.4134837706 174.1327308118 188.9318735339 199.0689074155 196.7476126738 185.7439004816 185.6028519105 187.6152127516 191.2536020391 195.4417959787 196.7055187561 188.4905474726 195.5592327286 169.4347516168 174.7372085229 175.2963108011 177.5111826137 176.8764546141 163.5056762025 153.0742394971 166.9836107176 162.7911168616 159.6267556306 135.4007441550 107.3925790843 99.4751789840 81.8380914861 71.2990908651 61.1423631781 60.7258842210 49.5010799496 49.6968015796 31.0868438683 20.7919978711 20.0862741040 19.7626122826 13.9605447039 9.3016112951 8.6833303576 9.4923941506
185.9523709863 192.9210643284 200.5124345887 220.5964573659 230.6427026633 212.2455672361 184.3100481201 151.8940633396 158.9945359156 173.3091836795 186.6568217520 183.1709097605 182.6595026068 190.2851213235 196.8400608748 201.0574301239 204.6171007678 207.6406963170 211.6379023064 204.4916299637 185.2625361644 174.1429902613 173.2068343554 177.4598099291 176.3372111600 167.6115305163 162.3455097433 162.5912839081 153.9985612035 150.0931056216 130.1952899667 112.2411024990 88.3680141997 83.1688684411 69.0441383631 58.2743708510 63.9425799600 51.4100872097 47.7082175785 29.1376781242 21.1095292470 16.6420364112 18.7045264029 11.9161714101 9.8628594060 8.5029218753 8.7649668858
180.5710257031 186.4103497937 189.7937804461 191.0543914419 174.4660497643 150.7595360745 138.2907405496 137.8828142770 146.4581204345 157.5417299755 174.9731570017 180.2607905120 180.1786394790 190.4965715948 204.0411760099 208.0607113894 208.6674144957 209.7855813336 215.7075279392 219.6501928847 212.6248273998 180.0451723393 158.8081119116 167.9030950181 184.9703870248 201.2092662044 206.1764427926 182.8611271922 144.7574186604 134.1000477551 121.8546215678 111.3038056064 83.6449427297 84.4729123637 64.1553362366 64.2363038496 74.5188700967 61.4343708730 43.1618481525 31.6256794904 25.4094950797 20.0451585115 14.7442881425 10.0450665923 10.5206988665 10.6225189520 8.8483237341
164.6458895411 173.1224202085 172.6802077610 155.9785783757 141.4930560859 135.3102950379 135.8871439006 141.0764451139 150.9225745685 164.3881963100 176.8269678578 181.5456545446 178.1274662353 184.1671136208 199.9955205247 206.2077869195 204.6494255774 207.0825370029 215.9743867815 220.6254440825 209.8446863238 178.9265340194 147.7879732847 149.2959237657 172.9283016175 202.9628588352 211.2911366858 193.7775020488 146.2876230944 131.0879940866 118.1838603225 108.2531847060 84.7529161256 81.6397012677 68.3023037855 61.2804791308 51.6543950653 42.6745290169 34.9692439777 27.4887403648 21.5369277284 17.7361989190 19.0553408756 16.0845595674 12.4673598621 13.7257584283 10.6548814801
157.4397201184 156.2951219967 152.3159454810 147.9359997902 143.0381404934 137.7752880799 139.2887171824 146.0267992225 155.3378531244 172.2194377799 181.7938238382 183.3890739363 180.4113253020 181.6287674010 191.1457080860 194.2328782752 193.7117774505 202.4261425249 216.3581731729 221.3060189970 208.3816397935 178.3545508515 148.1602177955 137.7689702203 152.0548387198 177.0254052244 185.3160776664 160.8616991434 143.9378319774 139.8835955188 125.9627861436 107.3487406829 88.1680869497 76.1053694878 66.4624676574 61.0935223522 52.1708093584 43.3865942177 35.7578684343 27.4420306378 25.0139947166 26.4308878686 23.9936957660 20.3831333492 22.3297790217 23.2213185809 17.9501539387
151.5160007402 152.4101098767 152.3048279341 155.1828581141 154.4666580157 145.9869872779 145.7917937078 151.2581472052 161.2102563959 178.1494561583 182.9155362211 178.2653841656 173.7014378887 177.2967525758 182.1621267591 180.9757081792 183.8857519906 200.2809746191 215.6276400201 218.5694805812 204.0085305925 176.9730141386 146.8810869846 133.1595447846 136.5070673637 142.4595471472 140.9423839068 137.4430912547 139.1966744559 139.0791151207 112.3471671017 71.5966243297 66.9037984335 69.3362686434 73.7075107754 63.7594610453 63.0822713720 50.5958471331 37.8449120326 31.3070094853 34.3435165705 35.4400305951 31.9109049160 25.8122326923 31.3355553662 22.5691433880 15.2178977587
144.7858961765 151.2415133184 156.8156193243 168.4407920111 172.0676771365 160.2178998291 159.7593175247 156.5740319202 158.7575313170 173.8278705161 175.4736257717 168.4536351822 162.8036771435 166.1758488044 176.9690536894 179.1492621414 180.8035983704 198.9317249972 210.7585316990 204.9502877053 189.6976735443 172.4973670207 151.7582953675 134.0075995540 128.2023541862 128.3867036691 124.2762665497 123.4169150703 125.2237285953 110.3242827812 70.8599666250 62.5640795915 68.0284811533 69.6058385074 76.5862104599 61.5171112586 57.7120719245 52.1163437515 39.4554357918 48.2503040694 46.1941991234 43.7570518116 42.5923496950 32.1394935600 32.8676763747 25.6407263805 26.8885578553
146.5750668431 155.7284288574 163.4480422363 174.0321731195 168.0869918782 158.6219896562 165.3457952198 159.9037230480 159.1478807386 168.3050994761 169.4596270099 166.4456874132 164.5210222341 162.9826140124 169.7818189859 173.8478990737 172.7591149975 190.5685197562 195.8905148786 183.0397245940 174.5736796875 170.2485107817 162.6797905192 144.5326537360 117.9827637970 114.0336678363 115.5468234792 111.9388730731 111.8926018244 84.6710102633 62.2870273073 80.0306650344 94.0898072440 99.7458379716 95.4579161480 71.3725147652 65.7510908204 58.4905500873 53.2478016685 62.3485085671 56.6948399646 46.9597728224 46.9535021111 45.3042295994 34.9588053650 23.5605381313 32.2009064548
153.7406416610 161.0960068647 168.6036984902 177.9051341582 172.3895862233 156.1292451806 159.0486054774 161.0387312248 162.8803401254 169.4324507844 169.6418076754 168.7800893560 168.4445072897 165.0430471636 164.7893898189 165.1413606014 165.1362685952 165.5735964887 155.4369963706 160.4165823665 164.0486537945 164.5174389705 162.4244735576 143.7260422390 103.8408293389 102.2930480540 111.3755840342 109.9732172443 99.6012061369 86.0937167890 82.5643530115 100.8260410745 110.2641216712 101.7523807241 92.8404552396 88.1859938381 82.3243026389 71.5077263885 61.0639981460 59.0137395775 65.5968030333 59.1847366886 51.3069787994 42.0856385026 41.7319656699 35.5018819682 36.3014613104
157.1554541588 167.5965562463 174.5310765691 180.4043850861 181.7145959940 162.9563807510 151.4873534907 171.1712577380 180.2061174531 175.7574391086 170.8844080567 171.9300986733 169.0962275025 161.6484140977 162.9692805000 163.3360369597 165.6347948592 163.2486619055 144.8384192772 139.3681619084 137.4583672732 135.8651256887 131.9368598051 105.6915849913 103.3103365917 104.5058170566 110.3179272031 105.0736700417 96.3405211223 94.6227045497 104.6024803072 111.4830819424 111.8316203356 95.0153830927 87.8653011750 95.5360784428 81.5502799815 67.6709987456 66.5572921280 67.5992533215 68.7944131787 58.2883597235 55.8238570229 39.9894575821 41.6135529522 40.7027533511 58.1540769199
156.9447205402 174.4838906452 177.3685121443 178.7838635501 164.5676046610 141.2709880387 147.2845907556 180.7377606165 187.2596398462 183.0146040302 180.2116432227 171.2499763817 155.1094577881 145.9737763507 149.0011720452 159.2047980521 167.8746363614 165.2568171266 145.1383195817 139.4403740996 135.2048810804 124.4546282105 98.9337289939 81.6940348595 98.0011280626 115.8120792825 115.4583828757 103.3987866249 113.5759907775 117.0585363870 124.0416947985 104.8503289931 101.4095849823 82.5388175435 74.4435649831 83.3755284548 75.3927573678 55.7081364677 61.3590940484 73.2607815298 73.0223624851 81.1795064947 67.1474226401 56.0710173449 63.2080062060 64.6534334519 112.1253725141
154.2748308275 177.2493026219 175.9223446716 168.6035287566 152.2968598874 134.5393935917 150.8862515911 179.8044336028 186.2029919866 187.8059178125 184.2262374703 169.7995278519 155.2265362116 145.7410433795 141.2336843787 153.8995876908 166.9993582182 170.1831822284 151.3883894077 137.4586218735 132.5181594584 122.4356383318 88.2692104205 76.6256075003 88.5883660521 123.5561531503 122.5752441678 131.7137922160 133.5059709381 139.7912604734 140.0524332421 106.5426949644 105.6181092281 79.9074667739 65.0095438468 70.8123846562 71.5321302996 55.2150086733 60.8341977932 65.0333961239 63.0723938229 59.2517154291 57.8269438120 51.0276586865 58.7888756418 83.8603063021 136.3487342605
126.9712768262 160.5568577070 146.5213273186 129.0844971081 111.2823060248 101.7700801603 117.0297476929 157.4701495701 181.4586755354 188.1300711539 182.3691073805 169.1569921095 160.8847074676 154.2017039610 151.1340154102 160.0167467259 166.6129692458 184.5419229940 179.0425751824 133.1845993409 128.9432505146 130.5757665541 120.7033566898 103.3277908573 106.9882926531 131.8140953081 134.7741256468 131.7229295382 121.1751970695 148.5062950524 157.2579920758 130.2399958950 124.2064589169 91.8016199721 68.9967591316 67.5035801833 66.3960311213 53.2728703693 52.4855660624 63.6079031392 79.9415360671 59.0974700754 51.1881558923 38.6350027984 52.8527185670 107.3683354771 123.9744708873
108.1916657276 108.2862733165 101.7976901494 91.0413551610 85.1423603017 84.8778965883 88.7189005734 106.6230826546 153.5439770669 177.0825865678 174.9708750285 163.1524229888 157.9407452373 151.8914701883 155.9575691354 170.0664621312 184.4467213377 204.6658897307 185.9915794339 130.7639821898 123.4001585981 135.8655877411 149.0887168329 131.2752950471 125.4244573647 143.0935584940 141.3545629475 136.1644790741 130.5577559397 146.6276465217 153.1862824922 148.2046219753 138.6784119532 100.3827630775 82.4178918265 71.7732839403 63.4158684989 60.3376989020 66.0306419595 86.8747079512 109.9590256345 76.1663368321 69.0283059957 63.1424749154 70.8492074045 91.1556801293 112.7875407692
