model_inputs/inputs/pr10.asc
ncols 720
nrows 360
xllcorner -180
yllcorner -90
cellsize 0.500000
NODATA_value 9999.000000
[rows 168 to 188 of 360, columns 564 to 610 of 720]
277.3365690373 297.7370694280 9999.0000000000 9999.0000000000 9999.0000000000 9999.0000000000 9999.0000000000 9999.0000000000 9999.0000000000 9999.0000000000 9999.0000000000 9999.0000000000 9999.0000000000 9999.0000000000 9999.0000000000 9999.0000000000 9999.0000000000 9999.0000000000 9999.0000000000 9999.0000000000 9999.0000000000 9999.0000000000 9999.0000000000 9999.0000000000 9999.0000000000 9999.0000000000 9999.0000000000 359.4446405768 251.5329597518 239.8508603219 284.6792985220 280.2997394465 276.8564117141 277.1738134325 9999.0000000000 9999.0000000000 9999.0000000000 216.9506186619 216.2334001623 9999.0000000000 9999.0000000000 9999.0000000000 9999.0000000000 9999.0000000000 9999.0000000000 87.2316764435 97.9337344179
273.0889117811 310.0840528496 263.0586402956 9999.0000000000 9999.0000000000 9999.0000000000 9999.0000000000 9999.0000000000 9999.0000000000 9999.0000000000 9999.0000000000 9999.0000000000 9999.0000000000 9999.0000000000 9999.0000000000 9999.0000000000 9999.0000000000 9999.0000000000 9999.0000000000 9999.0000000000 9999.0000000000 9999.0000000000 9999.0000000000 9999.0000000000 9999.0000000000 9999.0000000000 373.6168253236 330.8061040007 175.4546344746 175.9556878824 240.9853404388 234.8612223286 226.7870167270 248.6620489508 252.7414436918 212.2424931731 215.5598786194 9999.0000000000 9999.0000000000 9999.0000000000 9999.0000000000 9999.0000000000 9999.0000000000 9999.0000000000 9999.0000000000 9999.0000000000 9999.0000000000
266.4460691158 294.0570388455 257.3618735187 9999.0000000000 9999.0000000000 9999.0000000000 9999.0000000000 9999.0000000000 9999.0000000000 9999.0000000000 9999.0000000000 9999.0000000000 9999.0000000000 9999.0000000000 9999.0000000000 9999.0000000000 9999.0000000000 9999.0000000000 9999.0000000000 9999.0000000000 9999.0000000000 9999.0000000000 9999.0000000000 9999.0000000000 278.2654264010 328.5205853172 395.7232609391 308.9737126138 203.4775852226 212.9934132099 206.6640683915 196.6005291324 191.0043954849 199.6133748908 9999.0000000000 9999.0000000000 9999.0000000000 9999.0000000000 9999.0000000000 9999.0000000000 9999.0000000000 9999.0000000000 9999.0000000000 9999.0000000000 9999.0000000000 9999.0000000000 9999.0000000000
241.0512159113 263.2574925665 265.3684685938 9999.0000000000 9999.0000000000 9999.0000000000 9999.0000000000 9999.0000000000 9999.0000000000 9999.0000000000 9999.0000000000 9999.0000000000 265.5217568390 9999.0000000000 9999.0000000000 9999.0000000000 9999.0000000000 9999.0000000000 9999.0000000000 9999.0000000000 9999.0000000000 9999.0000000000 9999.0000000000 295.5178599805 278.9512630552 332.1752501652 331.2014322728 243.7872639857 224.8154485133 229.8011260573 206.4141074661 195.3943083063 199.7432776261 178.4119396470 9999.0000000000 9999.0000000000 9999.0000000000 9999.0000000000 9999.0000000000 9999.0000000000 9999.0000000000 9999.0000000000 9999.0000000000 9999.0000000000 9999.0000000000 9999.0000000000 9999.0000000000
218.1640814524 233.5387151688 257.5165007729 9999.0000000000 9999.0000000000 9999.0000000000 9999.0000000000 9999.0000000000 9999.0000000000 9999.0000000000 9999.0000000000 9999.0000000000 266.4259462617 9999.0000000000 9999.0000000000 9999.0000000000 9999.0000000000 9999.0000000000 9999.0000000000 9999.0000000000 9999.0000000000 9999.0000000000 333.5740808398 300.5462537985 269.6011704393 266.3498679176 216.3330148906 186.1401717179 212.6385380980 252.5670707691 262.6792669762 287.9319777712 9999.0000000000 9999.0000000000 9999.0000000000 9999.0000000000 9999.0000000000 9999.0000000000 9999.0000000000 9999.0000000000 9999.0000000000 9999.0000000000 9999.0000000000 9999.0000000000 9999.0000000000 9999.0000000000 190.9265820868
220.7549319137 209.7286828794 224.2504244205 9999.0000000000 9999.0000000000 9999.0000000000 9999.0000000000 9999.0000000000 247.7217628621 9999.0000000000 9999.0000000000 9999.0000000000 9999.0000000000 9999.0000000000 9999.0000000000 9999.0000000000 9999.0000000000 9999.0000000000 9999.0000000000 9999.0000000000 9999.0000000000 325.2283581533 346.4661352336 325.2117997035 272.0226456877 241.0278869793 195.9633682854 187.9587911535 210.0206622854 246.8282666523 268.8102310058 308.4835975897 9999.0000000000 9999.0000000000 9999.0000000000 9999.0000000000 9999.0000000000 9999.0000000000 9999.0000000000 9999.0000000000 9999.0000000000 9999.0000000000 9999.0000000000 9999.0000000000 9999.0000000000 9999.0000000000 9999.0000000000
200.4346589092 180.5601627566 207.8874888830 197.9998312891 9999.0000000000 9999.0000000000 9999.0000000000 9999.0000000000 9999.0000000000 9999.0000000000 9999.0000000000 9999.0000000000 9999.0000000000 9999.0000000000 9999.0000000000 9999.0000000000 9999.0000000000 9999.0000000000 9999.0000000000 261.2911106553 253.5918841604 312.4286010861 348.3364856802 344.9407964945 311.9380900171 239.4027826376 211.9075146038 236.0431523994 251.6957342159 226.0065441951 215.4322955757 220.8514914382 9999.0000000000 9999.0000000000 9999.0000000000 9999.0000000000 9999.0000000000 9999.0000000000 9999.0000000000 9999.0000000000 9999.0000000000 9999.0000000000 9999.0000000000 9999.0000000000 9999.0000000000 9999.0000000000 9999.0000000000
206.3841212075 185.2051096503 196.6012835037 203.5884966608 9999.0000000000 9999.0000000000 9999.0000000000 9999.0000000000 9999.0000000000 9999.0000000000 9999.0000000000 9999.0000000000 9999.0000000000 9999.0000000000 9999.0000000000 9999.0000000000 9999.0000000000 9999.0000000000 273.7875350285 275.2196523361 286.6651243530 337.1061980724 349.6736087836 346.6336810961 348.4425502829 295.9058142733 283.9122915175 339.3818344921 342.2131408006 274.1757344920 190.9265255090 171.7293793336 9999.0000000000 9999.0000000000 9999.0000000000 9999.0000000000 9999.0000000000 9999.0000000000 9999.0000000000 9999.0000000000 9999.0000000000 9999.0000000000 9999.0000000000 9999.0000000000 9999.0000000000 9999.0000000000 9999.0000000000
9999.0000000000 202.0945586264 203.2077654731 207.0503064897 198.2999579050 9999.0000000000 9999.0000000000 9999.0000000000 9999.0000000000 9999.0000000000 9999.0000000000 9999.0000000000 9999.0000000000 9999.0000000000 327.8455738910 324.2342476733 326.2836858630 310.6020230334 274.2667682469 276.9693788141 312.2028366197 350.0899840146 351.9107345492 358.0682524480 355.6262771599 316.6336929426 282.7957277186 313.0013574846 329.4628704898 328.0412955210 226.7167659011 150.8813104592 125.8683954366 9999.0000000000 9999.0000000000 9999.0000000000 9999.0000000000 9999.0000000000 9999.0000000000 9999.0000000000 9999.0000000000 9999.0000000000 9999.0000000000 9999.0000000000 9999.0000000000 167.3590613063 135.9236177523
233.7065062020 212.2272548731 211.9323334191 187.6978164073 206.7036917433 249.8952574097 9999.0000000000 9999.0000000000 9999.0000000000 9999.0000000000 9999.0000000000 9999.0000000000 9999.0000000000 9999.0000000000 339.2643034458 344.8402765207 343.4775425121 312.4930621125 286.8216563947 285.0298171397 336.3979943097 373.1695208699 373.3490235172 377.5425357744 359.1542076319 287.8174264915 257.4066831730 237.9901092499 236.2573184073 233.9833793230 191.0569751635 120.2833038988 108.3583157742 108.2191531314 9999.0000000000 9999.0000000000 9999.0000000000 184.4033827074 159.8881641403 9999.0000000000 9999.0000000000 9999.0000000000 9999.0000000000 9999.0000000000 134.3611262273 164.1190177761 154.5135987690
251.1091539636 218.7799313106 202.9353620019 181.6269946285 235.5118109845 266.3180523086 9999.0000000000 9999.0000000000 9999.0000000000 9999.0000000000 9999.0000000000 9999.0000000000 9999.0000000000 336.4888960496 338.0436175503 351.1095922440 361.8629663251 313.6585468892 260.8176106587 268.3209269308 335.6131087057 373.6456423067 372.5352077745 367.6030905917 308.6095210165 277.9023286421 294.2573809996 241.8143944815 181.6905504093 163.8558364939 138.2579819765 99.6661292156 100.5422277376 108.3763075294 9999.0000000000 9999.0000000000 138.3084965637 162.1972569264 149.9235701049 158.3521510474 150.9983605938 128.5641129361 110.3070736863 125.5227047950 157.7617517905 159.0429854114 9999.0000000000
231.5233934205 211.8167071603 201.4754838310 223.7876176368 9999.0000000000 9999.0000000000 9999.0000000000 9999.0000000000 9999.0000000000 9999.0000000000 9999.0000000000 9999.0000000000 9999.0000000000 328.7434265949 320.2210678719 306.2746475916 293.0442010984 245.9781090729 220.3005175106 251.8191870768 292.6122481003 344.6830278262 349.8132429086 301.6904653050 241.5994175244 271.6926459689 312.0862673968 279.5122889802 185.5151185300 149.4816688355 136.2865552073 101.3609751826 9999.0000000000 9999.0000000000 9999.0000000000 119.7764418321 116.9658618746 143.6204774072 134.8924865015 205.5097294506 179.8209354747 115.2408410562 105.2396694431 118.6605663970 155.5646359921 9999.0000000000 9999.0000000000
211.2595851067 204.2433475144 215.1720374823 239.2178862356 236.0987872817 238.2706787903 9999.0000000000 9999.0000000000 9999.0000000000 9999.0000000000 9999.0000000000 9999.0000000000 9999.0000000000 9999.0000000000 315.6395258848 312.9186783917 290.1903202292 237.5652662013 245.4823362641 275.8699581027 282.0888441056 298.5711400397 276.6289121937 243.3520671912 243.7442271039 259.6439786721 282.7902396675 240.4806094710 159.3705711421 133.3631778834 137.8737429623 9999.0000000000 9999.0000000000 9999.0000000000 9999.0000000000 96.5750928735 9999.0000000000 9999.0000000000 9999.0000000000 126.4477525838 9999.0000000000 9999.0000000000 9999.0000000000 9999.0000000000 9999.0000000000 9999.0000000000 9999.0000000000
213.9815075789 209.2677620240 217.7104591392 214.5033061970 218.7906999607 212.7013206482 9999.0000000000 9999.0000000000 9999.0000000000 9999.0000000000 9999.0000000000 9999.0000000000 9999.0000000000 9999.0000000000 321.1536970921 325.5035150796 320.4963756725 288.6632652953 278.9619185496 286.2784336321 291.6512356605 263.8164628297 243.6406330671 265.4823409393 259.6787551884 247.6692397613 241.7420314159 192.8403654601 150.8535213070 144.1173817730 143.3609642554 143.1861669989 9999.0000000000 9999.0000000000 9999.0000000000 80.0887421938 89.1297877533 9999.0000000000 9999.0000000000 144.7815679712 72.4505066173 41.4635697962 49.7317996924 9999.0000000000 9999.0000000000 9999.0000000000 9999.0000000000
222.2176012583 216.9350786135 226.7802651040 215.3580843005 213.9631952159 9999.0000000000 9999.0000000000 9999.0000000000 9999.0000000000 9999.0000000000 9999.0000000000 9999.0000000000 9999.0000000000 9999.0000000000 315.5558661092 325.8023592643 320.5890501849 302.3185359780 304.3139800429 304.7147397883 281.0488678515 211.1192531884 236.7381358054 270.1215734705 244.7268522810 196.1030212697 198.0746837799 157.9157095402 134.4224943314 155.0545961363 156.9556966424 9999.0000000000 9999.0000000000 9999.0000000000 158.6101083085 123.9100852981 112.8877307056 135.6843217509 141.1402460653 93.0189111969 63.2551591261 57.1955209016 77.8561756597 9999.0000000000 9999.0000000000 9999.0000000000 9999.0000000000
238.6537108105 247.3480473273 244.0915773623 213.8348766603 200.6840917747 191.1230392288 212.3813163489 206.8134150468 188.5507651605 9999.0000000000 9999.0000000000 9999.0000000000 9999.0000000000 9999.0000000000 9999.0000000000 250.8795610629 272.6314233150 272.0992709510 245.5375751015 234.5329765230 216.1528144497 202.1401415113 209.5466153696 221.2205110118 191.0290445667 143.1293817004 151.2689535739 132.6160391327 112.6917073270 131.5708388574 9999.0000000000 9999.0000000000 9999.0000000000 9999.0000000000 183.8073350955 150.8951437427 116.3168291096 135.5580399977 121.9792248448 81.5957685700 63.4299846715 69.6052397252 9999.0000000000 9999.0000000000 80.7969553862 70.9984220448 62.6113833860
274.5717794169 303.6192229483 280.5798375048 236.5128616802 215.0006254669 193.4175160713 193.7909109984 188.3780141361 177.6405761484 9999.0000000000 9999.0000000000 9999.0000000000 9999.0000000000 9999.0000000000 9999.0000000000 9999.0000000000 252.1320248488 246.8101428822 227.6966942009 220.0483123306 219.6979634464 215.0530542713 208.1319051795 210.6404348742 190.0652220938 145.9920698544 151.3777622022 146.6238180874 121.3098429143 115.9888284747 9999.0000000000 9999.0000000000 9999.0000000000 9999.0000000000 193.5056643561 161.4970683586 164.9285524618 168.1940371636 134.5442592865 127.1723639220 9999.0000000000 9999.0000000000 9999.0000000000 9999.0000000000 79.5710831881 9999.0000000000 9999.0000000000
281.6935724113 281.7514138296 276.6930714715 265.8949443139 228.1378505286 186.5956422407 176.9797091838 176.2349749915 177.4928325322 199.3456485216 9999.0000000000 285.4823833331 287.0275997557 9999.0000000000 9999.0000000000 9999.0000000000 246.4647539891 237.7149711829 226.6702400520 224.4221947622 223.3526660129 217.5194146112 207.2438404430 180.9270135127 149.0331856767 138.0690779770 147.4764368031 151.1558450293 139.9840966333 9999.0000000000 9999.0000000000 9999.0000000000 9999.0000000000 156.6215573112 153.2461607130 158.1437654095 173.5971271992 167.5388279837 142.4440636765 133.1325477222 92.0170778409 9999.0000000000 9999.0000000000 9999.0000000000 9999.0000000000 9999.0000000000 9999.0000000000
273.6867133062 237.3166820034 235.6288705487 252.9082351830 212.0609914418 167.5798657816 162.2701480519 162.8833953291 9999.0000000000 188.6994894594 9999.0000000000 286.1586206127 287.4494630378 9999.0000000000 9999.0000000000 9999.0000000000 9999.0000000000 233.4554702975 226.9206158817 225.3984077834 223.9562384784 217.3427031375 191.1379946396 139.9632854154 133.8323968230 142.7103944588 137.1970813489 140.4306750046 139.8137784563 9999.0000000000 9999.0000000000 9999.0000000000 9999.0000000000 108.6636475520 114.6642750828 133.1236650003 141.1085247528 133.3440074231 122.9477149900 92.1994282398 77.3687009350 9999.0000000000 9999.0000000000 9999.0000000000 9999.0000000000 9999.0000000000 9999.0000000000
302.7093191631 254.3215309270 228.8640649058 231.5831396263 192.6481705159 161.0736963339 145.8684284007 131.9693826372 9999.0000000000 9999.0000000000 9999.0000000000 9999.0000000000 9999.0000000000 9999.0000000000 9999.0000000000 9999.0000000000 9999.0000000000 9999.0000000000 9999.0000000000 224.9307918828 9999.0000000000 9999.0000000000 9999.0000000000 9999.0000000000 9999.0000000000 136.4560058573 133.9508519741 135.9912942862 138.6368460953 9999.0000000000 9999.0000000000 9999.0000000000 9999.0000000000 95.2063804725 95.1834287262 92.4048152519 115.7957094256 123.6004158854 96.4969682973 79.9161231844 78.8168344880 87.2641709866 9999.0000000000 9999.0000000000 9999.0000000000 9999.0000000000 9999.0000000000
319.2681837827 259.3844749499 221.0173776839 217.0668672770 190.0638076477 156.5640176414 127.0395757165 115.5415617395 9999.0000000000 9999.0000000000 9999.0000000000 9999.0000000000 9999.0000000000 9999.0000000000 9999.0000000000 9999.0000000000 9999.0000000000 9999.0000000000 9999.0000000000 9999.0000000000 9999.0000000000 9999.0000000000 9999.0000000000 9999.0000000000 9999.0000000000 129.7585467109 9999.0000000000 9999.0000000000 138.8392344816 9999.0000000000 9999.0000000000 9999.0000000000 9999.0000000000 9999.0000000000 9999.0000000000 81.9136606297 91.0265883431 9999.0000000000 9999.0000000000 81.4785864204 81.4196511637 77.8551478288 75.8834853186 9999.0000000000 9999.0000000000 9999.0000000000 9999.0000000000
