model_inputs/inputs/pr11.asc
ncols 720
nrows 360
xllcorner -180
yllcorner -90
cellsize 0.500000
NODATA_value 9999.000000
[rows 147 to 167 of 360, columns 376 to 422 of 720]
0.0000000000 0.0000000000 0.0000000000 0.0000000000 0.0000000000 0.0000000000 0.0000000000 0.0000000000 0.0000000000 0.0000000000 0.0000000000 0.0000000000 0.0000000000 0.0000000000 0.0000000000 0.0000000000 0.0003880481 0.0000000000 0.0000000000 0.0000000000 0.0000000000 0.0000000000 0.0000000000 0.0000000000 0.0000000000 0.0000000000 0.0000000000 0.0000000000 0.0000000000 0.0000000000 0.0000000000 0.0000000000 0.0000000000 0.0000000000 0.0000000000 0.0000000000 0.0000000000 0.0000000000 0.0000000000 0.0000000000 0.0000000000 0.0000000000 0.0000000000 0.0000000000 0.0000000000 0.0000000000 0.0042283298
0.0000000000 0.0000000000 0.0000000000 0.0000000000 0.0000000000 0.0000000000 0.0000000000 0.0000000000 0.0000000000 0.0000000000 0.0000000000 0.0000000000 0.0000000000 0.0000000000 0.0000000000 0.0000000000 0.0000000000 0.0000000000 0.0007724990 0.0000000000 0.0000000000 0.0000000000 0.0000000000 0.0000000000 0.0000000000 0.0000000000 0.0003340013 0.0000000000 0.0000000000 0.0000000000 0.0000000000 0.0000000000 0.0000000000 0.0000000000 0.0000000000 0.0000000000 0.0000000000 0.0000000000 0.0000000000 0.0000000000 0.0000000000 0.0000000000 0.0000000000 0.0000000000 0.0155510470 0.0000000000 0.0045758539
0.0101729390 0.0000000000 0.0000000000 0.0000000000 0.0000000000 0.0000000000 0.0000000000 0.0000000000 0.0000000000 0.0000000000 0.0000000000 0.0000000000 0.0000000000 0.0000000000 0.0000000000 0.0003871467 0.0023282887 0.0077700070 0.0038624950 0.0000000000 0.0000000000 0.0000000000 0.0000000000 0.0040160645 0.0000000000 0.0000000000 0.0033400129 0.0016700066 0.0000000000 0.0000000000 0.0000000000 0.0000000000 0.0000000000 0.0000000000 0.0000000000 0.0000000000 0.0000000000 0.0000000000 0.0000000000 0.0000000000 0.0000000000 0.0000000000 0.2155465111 0.2105798528 0.1281790356 0.0503718764 0.1051386009
0.0556120725 0.0000000000 0.0000000000 0.0000000000 0.0000000000 0.0000000000 0.0000000000 0.0000000000 0.0000000000 0.0852446459 0.0929965660 0.0000000000 0.0000000000 0.0000000000 0.0000000000 0.0003871467 0.0069767442 0.0132090129 0.0123599838 0.0030828515 0.0034602078 0.0000000000 0.0000000000 0.0000000000 0.0086840347 0.0066800259 0.0116900464 0.0070140282 0.0006680026 0.0000000000 0.0000000000 0.0000000000 0.0000000000 0.0000000000 0.0000000000 0.0000000000 0.0000000000 0.0000000000 0.0000000000 0.0000000000 0.0000000000 0.0000000000 0.2012898515 0.2308214430 0.2173617722 0.2807731248 0.4496281604
0.1336046154 0.0003377237 0.0000000000 0.0000000000 0.0000000000 0.0000000000 0.0000000000 0.0000000000 0.0000000000 0.0183066352 0.0191131504 0.0260536424 0.0084485400 0.0003849115 0.0000000000 0.0015467903 0.0100775191 0.0221445198 0.0174621655 0.0076982297 0.0026881720 0.0163989309 0.0291164663 0.0578982586 0.0454241787 0.0617902463 0.0420841750 0.0207080834 0.0060120235 0.0000000000 0.0000000000 0.0000000000 0.0000000000 0.0000000000 0.0000000000 0.0000000000 0.0000000000 0.0000000000 0.0000000000 0.0000000000 0.0000000000 0.1544962890 0.1897488180 0.2223353738 0.2539036020 0.3146639547 0.4309935321
0.1770302213 0.0982776070 0.1060452462 0.0604525495 0.0000000000 0.0030487804 0.0053030307 0.0007610350 0.0007645260 0.0327245057 0.0266971740 0.0290519851 0.0000000000 0.0000000000 0.0000000000 0.0058004638 0.0395348844 0.0493395471 0.0252231250 0.0142417232 0.0111367123 0.0043507365 0.0287817946 0.0384872826 0.0344021323 0.0794923254 0.0941883474 0.0477621818 0.0310621171 0.0120240470 0.0000000000 0.0000000000 0.0000000000 0.0000000000 0.0000000000 0.0000000000 0.0000000000 0.0000000000 0.0000000000 0.0952380948 0.1162947964 0.1423259007 0.1834862287 0.2240326171 0.2484725339 0.2970129374 0.4144603140
0.1637959963 0.0965889922 0.0688956374 0.0385005108 0.0067819591 0.0535230341 0.1077235750 0.0989761187 0.0011441647 0.0485952869 0.0449010593 0.0435280658 0.0000000000 0.0000000000 0.0000000000 0.0034762455 0.0372093015 0.0344961249 0.0275193807 0.0350269451 0.0368239317 0.0227576974 0.0184119670 0.0428380214 0.0951903664 0.1215764912 0.0995323938 0.0521042046 0.0313961189 0.0232018575 0.0043463724 0.0077249900 0.0023174969 0.0058004638 0.0011600928 0.0000000000 0.0000000000 0.0000000000 0.0015540016 0.1073961436 0.1446923631 0.1619337527 0.1943881093 0.2480461742 0.3003737941 0.3513238576 0.4443313173
0.0729483203 0.0334346526 0.0148598424 0.0000000000 0.0000000000 0.0044037940 0.0467479659 0.0721844227 0.0630938803 0.0559969750 0.0941534006 0.2860952732 0.7725535488 0.7403145637 0.6524249311 0.0204712213 0.1790697679 0.4356589207 0.2799070712 0.1415895047 0.1697317896 0.2660642660 0.1472556876 0.1278447070 0.1773547151 0.1837007530 0.1092184401 0.0895123504 0.0203740794 0.0416666601 0.1160147158 0.1558641948 0.2623456724 0.0339506146 0.0061799925 0.0046349941 0.0305137130 0.7134028101 0.8249903094 0.6299728821 0.2428234054 0.1997971688 0.2772143562 0.3520217615 0.3710499668 0.5993883569 0.7804961060
0.0523471836 0.0428909204 0.0219520433 0.0050864701 0.0318428159 0.0223577227 0.0149051477 0.0282166999 0.0302686367 0.0422857152 0.2054483416 0.5778283667 0.8630815655 1.0141761668 0.9900038713 0.6373117212 0.7542635813 0.9469609486 0.8292683460 0.2977571423 0.3482587085 0.4531791938 0.1211512733 0.1181392213 0.1619906252 0.1372745414 0.1068804232 0.2227788800 0.1092184309 0.3560430982 1.5096674124 1.1081601469 0.4304431504 0.2485549144 0.3518304429 0.6208092600 0.9125241204 1.2061657217 1.4682170677 1.2646605846 0.7435638854 0.5662937424 0.6354696998 0.6193877416 0.7248299144 1.0122324820 1.1569827029
0.1003039577 0.0520094570 0.0545947809 0.0335706986 0.0142276409 0.0081300818 0.0040650406 0.0026187806 0.0037622274 0.0375426656 0.3563087489 0.7109846965 0.9022071354 1.0015309444 0.9896193924 0.8033990098 0.7620154829 0.8226868249 0.5452435421 0.4785630877 0.7933946763 0.5413302779 0.2520080416 0.0729585004 0.0691382756 0.0621242526 0.1633266506 0.4275217298 0.5030580905 2.1313360958 3.4781767390 1.0721966009 0.3060361462 0.3167820878 0.6508853212 1.0088529871 1.3914550746 1.9168592044 2.1895426180 2.1658964670 1.4976284128 1.1824347039 0.9135299979 0.6958588892 0.8826530066 1.2499998502 1.5931972357
0.2474541880 0.1225937229 0.1091895434 0.1285181436 0.0687669375 0.0298102954 0.0081300818 0.0018580453 0.0011223344 0.0433634937 0.3412073629 0.7696079647 1.0250570149 0.9106527787 0.9281871962 0.9374275814 0.6597060874 0.5216550371 0.7454614533 1.0582560553 1.3772337024 0.7914993184 0.4447791516 0.1285140549 0.1867067274 0.2461589752 0.2972611837 0.5698062837 0.9610983379 2.9636015206 2.8589593203 0.9900267087 0.4470045469 0.7019968489 1.1824115718 1.6693547004 2.0472351898 2.8308395413 2.7978517101 2.6866588560 2.3906727365 1.7236348085 1.4198033750 0.9708077741 1.5746774206 2.6070824097 3.2877088925
0.5234216214 0.3706720445 0.2634791631 0.2065106312 0.1432926507 0.0873983612 0.0606368557 0.1042301139 0.2040133970 0.2842696431 0.4944070947 0.6764263881 0.9171395614 0.8230359426 0.9758064416 1.2008496878 1.4717707163 1.3488012719 1.6917439098 1.9114703118 1.8747095928 1.4802544465 0.9568273736 0.6328647614 1.0036740514 1.2127587352 1.3527052906 1.4569138748 1.3458617286 1.6257647112 1.6255285282 1.0914657041 0.8674329029 1.5692365178 2.1917911454 2.5256704248 2.6758516033 2.8874854579 2.9220185716 2.7437671197 2.4992370782 2.0877368243 1.8971739446 1.4412761411 2.5502375865 3.8389512702 4.6998020625
0.9293958110 0.6995926587 0.4510002836 0.3753815240 0.2618563808 0.1703929511 0.2240270735 0.4142132648 0.6883979067 1.1070234332 1.0933334361 0.6677864794 0.5177225084 0.6396189629 0.9082180895 1.9957413933 3.2204177951 2.0498261310 2.7807321967 3.2814897495 2.8737488283 2.7995316595 3.0284470995 2.3273213137 2.3867735799 2.6636605508 2.8577154917 2.9304781383 2.6322754638 2.5455239447 2.0645158911 1.4116073962 1.5141438398 2.6651357002 3.1779561214 3.3069571473 3.6403208906 4.3016781965 4.5638098418 4.0083992681 2.8844853587 2.5526138561 2.2568027744 1.9908065970 2.9991648225 4.0060436258 5.1764391828
1.4651824913 0.7569586169 0.6561439668 0.6171582945 0.6443088832 0.3418020933 0.3874788326 0.5104800284 0.6918308118 1.1275267880 1.6031568521 1.0530219415 0.5101351098 0.9722539717 0.5981524478 2.1105956002 4.9430897488 3.6334493343 4.9000381332 4.3735173276 3.9357061651 4.0628522038 4.2591687852 4.4489173270 3.8780895848 3.8710754052 4.0442722748 4.3614476817 4.1724915245 4.3272661169 3.7854404145 2.7759999903 3.8468880812 4.3764794136 7.2978231765 13.8041918253 25.2774588880 12.4988619355 7.5240803417 7.0345487766 6.0968605540 4.4242116674 3.1134892015 2.2459054981 2.6361283562 3.9933413100 5.7247162331
3.5309895065 1.1809233829 1.4215888186 1.6541200839 1.7575448292 1.1497289515 0.6331641525 0.5649087270 0.6104504678 1.0729052974 1.8959012377 1.6310572446 1.0883668147 1.2118450913 0.7809965400 1.7023258824 3.0667438186 3.2746234974 3.4773124535 3.6613321936 4.1687544399 4.2096186735 4.6809672385 6.0462758338 8.7633744552 8.6398644271 8.4902761373 8.7919627695 7.8667316920 7.4710403787 7.4974321760 7.0164880672 6.9149508709 9.9609636236 17.5167417037 31.5220147313 35.7003381941 19.2782186932 10.4541656765 9.1776003173 8.7301768144 7.1422753535 5.3902038417 3.4370030953 3.3265478160 3.9737748048 5.5413103037
5.6977610147 3.4229464472 3.0139174960 2.9094615311 3.0613771742 2.8207996256 1.4013538403 0.7741718373 1.1435678598 1.9371874478 2.8790146935 2.8083872712 1.5181079725 0.9829156543 1.4017930553 2.1854797687 3.6177189249 4.6159563462 3.4649080553 3.5413067126 4.5227661503 4.7828736642 5.1498475950 9.7651677352 13.6759204179 13.3154994983 14.4394313829 14.2692911904 12.6207011490 10.2797408908 11.2459938537 11.9820103428 14.3670930702 21.0269774543 31.0854152776 38.8766043470 36.2153616152 22.6740387152 11.9639254699 10.3879943490 10.2813592530 9.1060582199 8.2186176078 5.9824265554 4.7598724123 4.8299555674 5.1748119804
6.9136613674 6.2321806181 4.7433805594 3.8251866463 3.6880295702 4.7418694594 7.5089799502 6.3978700200 2.7784508129 3.0107780149 3.6395956922 3.7441715904 2.6552722957 1.9572637430 2.9112466800 3.6038102044 4.5303181141 5.2481221355 4.5436749060 4.0367267939 5.2185095265 5.2655569525 6.1271656523 11.2052306940 14.7352109343 15.8462077088 17.7519711724 18.7458353030 21.6307479423 27.5309615827 23.6430404184 20.6339641591 24.0640314587 32.3743647023 41.5936846985 44.0955382073 37.9389774171 24.8394827067 13.2247085567 12.4254840048 12.3677863885 12.1067609580 9.6764465998 8.0041097754 6.3014548869 5.6951967417 6.3974509903
9.3337651924 7.9456460007 7.2528850433 5.8228110211 6.2261786516 10.7364019059 19.0220766381 20.5042641610 14.5700790599 6.1850365382 4.5701282907 4.9934664275 6.7380620021 6.0094395303 5.1216582724 5.7351000360 6.2831749383 6.5757637349 6.3276392320 7.8695776756 12.3915042932 11.3278997160 12.8746602422 16.7257563007 17.1804583078 18.4780393902 21.9960215909 24.8165333178 29.9778002081 36.0691078822 38.0480099993 35.7137447863 36.8678951345 41.4716981468 45.5856619519 44.9015980703 38.8873729971 25.5661685660 14.7858139244 14.4244771509 15.0034771505 14.7684775293 11.3698910864 10.1324015704 9.7912589627 8.6664695700 12.1417354967
15.7900388731 13.3034884930 14.0198264999 14.1337660316 20.3272980871 27.3091316340 24.2057330324 22.1011998074 22.6062136644 16.3132814050 7.8663321110 7.9581202372 15.6964991911 20.6487121177 9.5618346168 8.1259248254 9.7031784535 10.5731854273 15.2736823366 18.1179213978 18.9220564353 19.8754697631 21.2502029899 21.6540250112 23.8744603121 30.2316107845 31.4892561582 31.1029968434 31.6496802843 35.7684720657 40.1200015331 41.4958003093 43.3500732179 45.3612223500 46.2835355429 45.1585275005 40.8761644503 24.2223881360 16.5600857581 16.0948638077 17.0241290034 17.8564009111 14.7223948734 13.6153279018 14.7168808908 20.6295251555 29.6186628984
30.7594042970 24.2638691270 26.2836911716 36.9864988024 39.7106985329 36.9363283971 29.0136288386 22.9478566325 23.8188136427 24.2659907963 16.3785828481 15.8742632484 25.1427541079 30.6844480801 29.7445886827 26.0274736793 21.9337600283 19.8972239450 20.9022303752 22.7295745863 25.0187118945 24.9962905655 25.1845203456 24.7694746940 33.0108937633 41.1756498506 38.1638979306 31.3194047485 29.8583478725 35.8137060539 41.5254942491 43.0044438690 46.5561464662 54.0016873274 60.4803788010 52.8250661446 48.7244217074 39.3498968915 29.3347859115 23.8173379039 20.2466463670 17.9310659878 15.3225113754 15.3728750884 18.9158163703 27.0391162194 33.9164929173
42.2533493838 43.3695312822 58.6719056591 55.4197497549 44.7151174885 42.6966839586 39.0663711587 32.0671682130 34.0429373318 32.6261526207 26.2440253864 31.4740508620 38.6418015696 38.7024082302 45.8183996379 47.4316980690 29.8258981202 22.7269531460 24.3280236900 27.2038096155 29.4549313257 31.2953214452 31.2251672731 30.3125760402 35.6128617714 39.2434197420 40.8651459147 33.9616302517 30.4494425654 37.9091066716 46.4015475009 51.4574805857 61.7367464583 76.6011045780 75.8176098461 60.7750597992 51.4427797752 46.1754907155 41.1073603900 36.5330108616 30.6858837430 21.2093184236 19.6419788845 21.0155369423 23.2012900233 32.6421735808 37.3523995222
