model_inputs/inputs/pr11.asc
ncols 720
nrows 360
xllcorner -180
yllcorner -90
cellsize 0.500000
NODATA_value 9999.000000
[rows 105 to 125 of 360, columns 141 to 187 of 720]
21.5291294153 35.5759352969 47.1026083105 50.5272700684 48.5220851842 89.5527071552 41.9217466260 17.1161623002 34.0821481368 45.0080068549 35.3919700719 25.8671462070 24.0766883944 20.3351694799 21.1706168193 20.9454582073 21.5777887206 22.6044432493 25.0846203708 29.2443155777 33.0946996983 40.1864710730 50.0051084091 53.9153071004 58.1251514959 63.8029411202 68.9868344343 73.4462389955 83.0749114975 98.3464603778 101.9634538097 107.3299096897 108.0151428469 110.0138401380 112.3079115059 113.9213891001 127.0630932413 131.6021452658 129.7588107409 125.0543911010 118.9592408482 111.0563906841 110.3967778618 110.7818183955 113.3205229416 118.6683929991 113.1040278124
14.8245037417 19.0859860304 24.3678497791 29.1598330659 29.8949183780 45.8439869690 44.7549907258 29.6839207294 34.5736163144 26.8173522782 24.6213468199 26.4111917058 20.5226590333 20.0750268996 24.0935674519 21.1439450795 21.8233342166 26.4902993222 32.2025589994 34.8349635315 38.2933574729 43.1146339397 51.7577816499 54.4977288810 54.9432228436 60.8927322901 71.4259714005 79.5972787309 91.6120653274 93.6350816628 101.6298802570 107.2566413786 109.0020490810 115.0166796288 115.0619136170 112.6468410948 118.6621505767 115.2609073324 123.3254004037 117.4265658483 120.9028501762 114.8950089701 121.5339854825 118.9543940127 115.6038916670 112.3233666876 113.4524813388
17.6511977770 12.6693911006 18.3094338718 19.6205464890 20.2989125100 29.9276085861 28.9637177484 30.6207272806 34.4662292046 23.7142318510 19.4251949724 18.6690391274 16.1001833039 19.7202001145 24.5189503476 24.3853276188 27.7752953698 28.4087032196 29.3005162384 34.0941426402 39.7694121930 46.2209321558 52.1468203515 58.0744247418 62.3039818020 70.8350770874 73.8079647417 81.9081348600 97.9182698065 105.7108308887 110.2388502331 113.8951369794 115.0260715513 123.5804816242 118.6960689956 123.1367887231 123.2922552153 127.0068265731 121.7121302616 118.6724854633 128.2974049682 130.0227558240 129.8322676448 122.3088568076 116.4472599048 111.5791699849 118.2128093205
24.2578530160 19.9266420677 18.6918329273 18.3427252196 21.1832808272 28.0891138245 24.8062856554 30.6656830944 27.0989967976 21.8620971136 24.2051531095 22.7876163844 18.4479093296 24.0171378537 24.5369326731 27.1847452386 31.9675652718 29.9416917551 30.0127087394 38.4828437527 43.1877655210 50.6118963822 52.4939773022 58.7372342125 65.5278629274 75.5940566305 83.5720798932 95.4889868153 99.6664403938 117.7339344285 123.6154090147 135.2334906114 131.6577329999 134.0313339606 139.6039217943 135.7855772367 127.7535598492 129.2662628694 124.3815013440 131.4288378926 135.7363639399 130.6676678360 119.2421866581 121.1010518018 125.7649617037 117.3988615628 114.9528220994
27.2610192478 31.2628104002 29.4607942051 16.8365781574 17.3838096962 20.6571398594 26.0547371290 26.7224476556 25.5984933756 27.4600176781 22.3570613307 23.2479172410 24.9579755764 24.1850491147 26.4310010243 26.7666019499 29.5733841194 35.5755958299 37.6402228139 40.9040007507 43.2100194739 46.5080175782 50.8965159534 56.6142825410 66.0483083921 75.9016468073 88.4199338034 95.8556206897 103.3750333590 123.8545918604 124.9805004336 120.6157741835 129.3128641555 136.1276563257 139.9041709956 137.5640358310 129.5838343212 127.5105674285 129.8275905428 134.8023485625 134.5112649724 133.5744018434 121.1723398883 130.0210867776 131.8262501154 122.8324659169 127.7203015052
22.6106125920 28.5249518347 26.9010662741 19.7787852958 15.2911719633 16.5160045435 21.4616037556 21.8503077049 21.5208053996 19.3405945902 16.5408151079 19.8187009664 25.0487641606 27.8395230125 26.9962820748 28.1445200380 30.2373110026 34.4220843399 36.4401336119 40.6006444828 44.4600362680 51.1683112127 53.9268536959 64.0345661086 69.2626561504 74.2417612346 85.3297178401 99.5285790414 118.2807781734 124.8030157294 136.0827995231 129.6950097894 137.1608526679 144.4817902520 138.1036753301 124.4315633085 130.0384938950 131.5548650455 133.7281427113 130.0667168107 132.0316371275 134.1366441920 121.7301408760 122.3745059688 124.8319741571 125.0933072297 131.1501637101
23.4004204685 22.8886597033 21.5429084783 19.8893360503 16.3964025123 14.5664026786 20.7841123338 20.4419672373 17.1819222596 16.6517866601 17.9516791832 18.7765771116 22.4035141000 25.9500633983 27.6460291352 29.3754064478 28.6857107130 32.6586094452 37.3309895222 46.2593909469 48.0921406997 55.1638340112 58.4856419591 63.4367457242 64.9928675266 77.8219460626 91.2767661503 110.1429507835 117.7437978331 130.7714976138 140.7857764279 141.6362263262 145.0286057079 138.6670020875 128.2700118609 126.1793189915 133.8911717758 136.9745983975 135.4185284581 136.2773424480 130.9163463302 126.2907302007 131.9304193603 137.2216644231 134.4957909314 127.6644874597 124.5238229167
38.7943566602 31.4158959081 22.0249187259 18.7283150299 16.9393730321 16.3943315274 16.9547775295 18.7534025899 16.0198686935 15.3355478542 18.4016097919 18.4358865372 21.5307348117 28.1821348763 28.9131347963 28.0577956291 32.4735433096 35.0604498235 39.5409932826 48.6351418658 51.1320731021 50.8410130860 55.4534748662 61.9230290176 71.1268160376 81.9533594185 95.2737646876 114.3635543995 127.9839919880 135.8847864904 131.9242618047 132.5905225240 131.1630068813 131.8086072570 131.1715878546 135.8986763516 137.1244636830 139.7905626800 145.0291149085 134.6856473247 126.5854442026 126.0854940629 131.6050495952 132.5767741073 131.3411893789 124.0683146752 118.5744926333
30.7132367743 31.9234180497 27.8231696575 23.6471918179 15.7701411517 16.0474798613 18.0646227091 24.6486550604 16.3280211127 16.8808208546 19.0216039773 19.5655398566 22.1931953856 26.0391852935 26.7478817550 30.1926687243 35.0974635221 35.3613803163 35.8226359240 40.8735052915 48.5535566113 55.2620107192 60.4692565394 66.7588742799 81.2863631872 88.3540583309 102.5729763787 116.0302057397 120.4126219964 122.4374393933 125.4149428569 125.2183159813 131.4892818918 128.5407745745 126.7552060308 137.6103447983 138.2845169865 132.7591810841 133.3982561482 131.1179709155 126.3734847307 123.3634018572 115.4667752562 128.0844176654 127.0283355843 119.0657769330 118.6358890263
20.4165284231 22.8957649379 25.7561263279 23.3687934524 16.4554143848 14.7111453116 16.6195585043 26.9673731527 21.3714469573 20.4578066769 18.7371965731 18.7623548554 18.9469895849 26.8820844067 25.4969243542 28.3099135850 32.8922052286 36.1642482458 37.5508180296 43.5309054446 52.4624823011 52.8212990030 60.9557034331 71.0650707479 71.3691436686 80.4723588517 99.1695831763 110.3670744924 109.2488039285 116.3114730734 125.4369139206 128.7339784903 136.5901330719 135.1147148525 132.9984676559 133.2983585307 138.5619370267 126.3967382256 125.6254784530 129.2679319158 127.5389317889 119.3492790917 113.2588153705 121.7256335076 120.8578613587 125.1696778927 118.9682461554
22.1501349297 22.2358032188 22.9030988412 18.8847292011 12.9707329615 11.7681802658 13.7712387659 16.7394375312 16.4198776038 18.2407153625 17.1850033948 15.9963570622 17.9169674957 21.3248527434 23.9100737090 28.8242062088 33.4281577379 33.1568481051 36.2922037602 42.6146507962 53.8383989478 59.2369674705 58.7292001583 67.6497961977 84.7309922101 85.6332674157 91.6078219889 101.0374159086 109.3669950496 117.8279008018 119.6421543136 122.1298350720 142.8269825410 135.8313392848 133.3792177029 137.2850127518 139.0441688709 128.9394032210 119.4833497284 126.3885815861 122.0054109581 123.2261251425 110.1040535141 116.5028853575 110.4529785225 110.1318992442 109.6940055722
26.6596462461 20.8131414838 18.4138977929 16.6368112114 16.5206887177 14.0364945692 13.5052097321 14.3694929138 13.0326326616 14.0716954193 14.9859686644 14.1364676238 17.1499781718 19.1225647868 21.4042550360 26.2540490949 29.2555887136 32.1839165990 36.2897001905 40.1930953958 44.7786496952 48.7270478625 59.7875123494 72.8813327732 79.0122779435 87.1818219312 99.7160120169 100.8903512266 111.2329795724 119.3204432493 129.7094559995 130.9707082110 143.7046746723 143.9940514974 152.5993816322 142.7366654389 127.9298564186 112.2726352187 116.5824903874 125.9699715301 126.3807644136 121.6496023117 119.2312105559 128.7383444142 125.6302498514 128.5269318614 125.0004064059
19.5365472464 23.7199108524 20.4469838063 17.1135396813 16.6105767712 13.6021205108 12.5929968635 11.3006798783 13.2464615599 14.7228651767 16.0295906535 15.4994597688 16.2224362430 17.6702256140 22.0562557806 25.0437593786 26.4600231021 30.7668537134 34.4499442144 40.5144811375 41.6946384357 51.0421567596 62.9047678085 76.5669221291 83.3924923791 88.6918092147 100.2860338194 102.4870912079 116.0732426215 133.2453167997 130.8640118223 136.8344739312 142.4963604659 149.1392785683 158.0153525574 144.2756205797 123.1362040853 111.5247326670 116.6720908368 120.1062906766 119.4744009990 123.9366768859 129.2421607068 132.5693435501 131.9835365284 122.2437357064 117.5408248091
19.1994175402 19.0142252832 16.3499238115 14.5740772277 13.3314862760 11.9653823494 11.6792846820 11.5912130132 14.2018103215 17.3656116676 17.7016569651 19.0845409379 17.4067767657 17.9952453036 22.7635047922 26.0410947958 28.1094016973 30.1174366905 37.3523877352 40.4529951629 51.2210559100 54.1930713225 66.0597701208 76.7534781480 78.9780200575 86.2484383397 92.4205344636 116.1667752312 123.5258274246 144.6369832847 143.0116620613 131.5894341096 149.1275575245 150.1603012439 136.6968106013 126.1422887910 117.1223561978 113.2307999069 116.7264244286 118.1829362176 116.2846174557 127.7592082042 124.3448766181 129.1322016623 129.9751078477 118.1689897785 120.4664369579
22.6368434960 19.5661362814 16.9283474243 12.2980695160 10.8483022777 11.0549116071 11.9488015043 14.2219390691 15.3369611216 15.5649674853 16.3387532230 18.1816280528 15.2106227906 18.5409209516 23.2782665407 26.7973968002 34.4145029085 32.5074570137 37.4098472530 44.5410887478 54.0386468056 65.5944927712 76.3366172905 78.2143181423 85.4772917228 94.0904296003 103.4705839120 124.3934958475 134.5789792249 147.2548402380 148.1176146772 129.5963474549 133.2569435472 133.8750848081 122.3978254711 116.3753211731 109.0928188059 113.7907602824 111.2838902045 116.4326628204 111.5588491084 121.0748562589 115.1633765548 106.5954820951 96.3016804308 113.6778120417 112.1311906027
21.0710916726 28.1997753773 30.9825921140 15.4929391720 9.2896993010 9.8621875441 11.0099003941 12.0857882575 12.4846632534 11.9515726401 11.8945421709 13.2659820956 14.0640102618 16.8515465339 20.8156874869 21.0247049108 25.3527663590 36.5559437487 46.7127256561 57.2592794197 61.6864817566 73.3386845095 74.9153016368 76.8925936427 86.6213429254 104.7378050862 117.5495849457 122.8365678107 123.9747349173 117.4274993828 120.6536907703 120.2654630179 112.3841878725 127.3887647549 124.8884577071 102.3552553961 104.4957839185 103.9648856968 104.9614384538 95.6637180643 91.9365581358 9999.0000000000 9999.0000000000 9999.0000000000 9999.0000000000 9999.0000000000 9999.0000000000
23.2035837835 29.1877070849 35.6029017130 19.6098473825 10.3909399331 10.1025378972 9.2065115969 9.3683507585 10.0177736749 10.2422887139 9.9681949796 10.2300348954 14.2011019198 14.1878108407 16.2543461483 21.5804690961 24.7454243945 29.2410482070 36.6179955017 39.9831632967 44.4581550546 51.4709225390 57.1983497939 67.2826531227 84.0842885664 102.8993362561 118.4385454981 128.5057434579 126.5214923769 104.4058062835 9999.0000000000 9999.0000000000 9999.0000000000 9999.0000000000 9999.0000000000 9999.0000000000 99.2401074618 97.3390918225 89.4899151754 83.3448255435 97.4002901930 9999.0000000000 9999.0000000000 9999.0000000000 9999.0000000000 9999.0000000000 9999.0000000000
24.7408816649 25.0487453013 24.6967108687 14.6802290546 10.2688755869 10.5316950066 10.2397450682 8.8596174974 8.9323412467 10.3916000080 10.8976735210 10.5389063247 12.8585614875 13.3352864214 13.7682413188 18.8017495384 19.7308968636 21.4542038448 26.8971765472 30.5602856388 36.4852968778 45.1732377405 51.3774889405 59.5408140798 67.2052687733 89.7187254159 104.4038826367 118.7349945540 121.5369652491 9999.0000000000 9999.0000000000 9999.0000000000 9999.0000000000 9999.0000000000 9999.0000000000 9999.0000000000 9999.0000000000 9999.0000000000 9999.0000000000 9999.0000000000 9999.0000000000 9999.0000000000 9999.0000000000 9999.0000000000 9999.0000000000 9999.0000000000 9999.0000000000
25.8727073378 25.7008804183 22.0589573728 18.9906063897 14.6095020318 12.7652929077 10.8274132654 8.8661828850 8.8743860833 10.1164584048 11.5361038334 10.7670447032 12.2945852636 13.2684939163 12.9980612401 13.2675957429 14.8309606884 18.7530407275 23.7961872190 27.7373387071 33.7115019502 40.5827611685 46.5940583381 54.5956368442 64.3178985338 68.2576167164 79.0113726980 9999.0000000000 9999.0000000000 9999.0000000000 9999.0000000000 9999.0000000000 9999.0000000000 9999.0000000000 9999.0000000000 9999.0000000000 9999.0000000000 9999.0000000000 9999.0000000000 9999.0000000000 9999.0000000000 9999.0000000000 9999.0000000000 9999.0000000000 9999.0000000000 9999.0000000000 9999.0000000000
33.8177716476 27.3806436744 27.6689690945 29.2880078196 22.4867966899 16.9909484539 10.0682741177 8.1095573260 9.4264703512 9.9183593265 10.3902303526 10.9060706163 12.8747981507 13.6331310641 12.7576336818 11.9893489609 12.8402998089 15.1831518888 18.9620793681 25.8241163974 31.9247476291 40.0324001675 40.7141820760 50.9386381600 54.8244753736 9999.0000000000 9999.0000000000 9999.0000000000 9999.0000000000 9999.0000000000 9999.0000000000 9999.0000000000 9999.0000000000 9999.0000000000 9999.0000000000 9999.0000000000 9999.0000000000 9999.0000000000 9999.0000000000 9999.0000000000 9999.0000000000 9999.0000000000 9999.0000000000 9999.0000000000 9999.0000000000 9999.0000000000 9999.0000000000
16.0806792701 19.9164863443 24.0204240836 24.3053996237 20.8168544050 17.8330531198 9.3150532484 7.2285371207 8.2767389686 8.7636915268 8.9486892975 9.2803268271 12.2201924678 13.3601853886 13.1213090062 11.8734645657 12.2499158751 14.6699118486 18.9636505820 24.2896096897 29.3057166855 32.5491430995 33.9257669693 41.8273700634 45.5203381134 9999.0000000000 9999.0000000000 9999.0000000000 9999.0000000000 9999.0000000000 9999.0000000000 9999.0000000000 9999.0000000000 9999.0000000000 9999.0000000000 9999.0000000000 9999.0000000000 9999.0000000000 9999.0000000000 9999.0000000000 9999.0000000000 9999.0000000000 9999.0000000000 9999.0000000000 9999.0000000000 9999.0000000000 9999.0000000000
