model_inputs/inputs/pr11.asc
ncols 720
nrows 360
xllcorner -180
yllcorner -90
cellsize 0.500000
NODATA_value 9999.000000
[rows 105 to 125 of 360, columns 564 to 610 of 720]
3.6535727777 3.5125377617 3.3149125229 2.3806278114 1.3501819776 1.7636020475 2.1903400120 2.5701120285 3.3014826513 5.0978443032 5.6344845871 5.6948413621 6.9857539202 10.7813671493 11.9428855833 12.2371752514 13.6786585499 14.3921358394 13.5331214697 12.4754375283 13.0249427893 15.6235467730 18.9907714084 18.2566408475 14.8521431984 13.2356080430 12.4677217245 13.0246174667 12.1303657070 10.2762754977 13.1743472011 15.6423341541 17.3508931766 18.5237955448 18.6394347693 18.6217706942 19.7711732180 19.0584255470 23.8283682265 26.6346883436 29.7569603717 25.8837046567 9999.0000000000 9999.0000000000 9999.0000000000 9999.0000000000 9999.0000000000
3.8319594860 3.8055573750 3.3793393668 1.9659046829 0.9834522598 1.0163379120 1.6988124571 3.7534913172 5.1456195797 5.7790009087 6.1427999972 6.8017845697 9.2310870095 12.5455197995 13.3492576133 13.4316361364 13.6145358119 13.3891025616 12.4515663920 11.5727533121 12.6967512042 14.6084282314 18.1138737244 17.9943447729 15.3546063375 13.6943777616 13.2812604716 13.9543258556 14.0812782920 15.9900168073 17.8994896560 17.5136994658 17.1594903222 18.1406562624 18.9005391730 19.9004818860 21.0968298779 18.5246076726 19.9352961208 20.4006512649 24.8562321067 25.7488537172 9999.0000000000 9999.0000000000 9999.0000000000 9999.0000000000 9999.0000000000
3.9534807438 4.2031950252 3.4076907614 2.2073375294 1.6339590693 1.7783159710 2.9794356560 5.7138521079 5.7468316882 6.5723566877 8.2062948350 9.8539136234 11.5775117447 13.2962606731 13.8802383444 13.5294191568 13.1407800363 12.6127319236 12.0722390420 12.0046108350 13.2920420874 14.5222684223 14.9791262811 15.2653312107 14.9855549389 14.2172336782 13.7564212637 13.6888378474 16.2186502421 21.0937416705 21.4822523121 18.9640666649 16.8137124565 17.7547305211 20.3563413816 25.9619306016 30.8203763561 24.9276357063 9999.0000000000 9999.0000000000 9999.0000000000 9999.0000000000 9999.0000000000 9999.0000000000 9999.0000000000 9999.0000000000 9999.0000000000
4.9077892982 5.1086542080 4.3577987053 3.5295959824 4.3527712332 5.7541691276 6.5852222542 6.9426156697 7.1718850159 8.4384119327 10.6888847658 12.3213760526 13.1250631821 15.2845476405 15.8131096687 15.3324278217 15.9016139223 15.1729054051 14.0451509797 14.2568806041 16.2868925545 16.0033939319 14.8751963134 15.3813370125 15.6855537352 16.2147899828 16.7642162705 16.5759157680 18.0046077585 19.7756145790 19.8206646892 18.9522124274 19.3163804506 20.1688353263 22.0214344736 26.9402346457 30.4805650958 9999.0000000000 9999.0000000000 9999.0000000000 9999.0000000000 9999.0000000000 9999.0000000000 9999.0000000000 9999.0000000000 9999.0000000000 9999.0000000000
5.8137226151 6.3490427492 6.0681343311 5.6415444415 6.3419204234 6.5255803638 7.2740822870 8.8788975772 9.2602434597 9.6390722174 11.4311495709 12.8438818938 14.2169378232 15.8853642934 17.0578317193 19.1180868860 20.7112164935 18.5437321634 17.5546630053 18.5459799541 19.3548981770 18.9611741225 17.7787666762 17.0662629971 17.3727899819 18.8902031077 20.5506367784 20.0390339596 19.9194260349 20.1566404430 20.1658673468 20.1386887638 23.1101855461 24.4078432443 24.2905998020 24.9387673975 9999.0000000000 9999.0000000000 9999.0000000000 9999.0000000000 9999.0000000000 9999.0000000000 9999.0000000000 9999.0000000000 9999.0000000000 9999.0000000000 9999.0000000000
5.7520109185 6.4983051270 6.6347119573 6.3701651452 6.2875284857 6.3273740234 8.0508802057 11.1001998157 12.0714834920 14.2628813919 15.2814264293 16.4204940666 18.5979797097 19.2847003927 20.1259469613 22.8750055830 24.6282446024 21.1531036184 19.6550825494 20.9397862782 21.1771609902 20.9674221987 21.1605271033 21.4660191850 21.9305916689 22.1065393416 22.4933667923 22.1319239354 21.3275708375 22.8117751249 26.5607434558 26.0655340680 26.9372383773 29.8882327625 31.6694778157 9999.0000000000 9999.0000000000 9999.0000000000 9999.0000000000 9999.0000000000 9999.0000000000 9999.0000000000 9999.0000000000 9999.0000000000 9999.0000000000 9999.0000000000 9999.0000000000
6.4039144199 7.2425760882 7.1678768290 6.7510118461 6.5255797745 7.2144103397 11.0847882461 13.5024598130 14.3807766581 16.7263762996 17.5776300748 18.0186154903 20.4427569697 21.3302795019 22.1222821274 23.2848224987 24.2419216374 22.8709720541 21.9676643028 21.9609480409 21.6889995500 22.3939241550 23.9661989326 25.3995680250 26.9871471100 27.3942977947 26.1934990122 26.2840447831 24.1662959161 27.9817644332 34.3752921035 29.6837109199 30.3812191123 34.5490025938 36.2527666439 42.0609799912 46.4749148232 9999.0000000000 9999.0000000000 9999.0000000000 9999.0000000000 9999.0000000000 9999.0000000000 9999.0000000000 9999.0000000000 9999.0000000000 9999.0000000000
7.8604804294 8.2813058616 8.2754712712 7.7603128884 7.2050755844 8.1216696999 12.3418796284 15.8184444881 17.3842505319 21.8520003255 23.4535352793 23.1509946752 22.4059516622 22.5249702344 22.7148714184 22.5865976536 22.8172867501 23.3080147009 23.7199438561 24.7206008644 27.3709688627 28.3857891918 28.3288860228 28.9208152390 29.4803371362 29.5837590820 29.8218834505 30.5564548471 29.2174835340 28.5986892704 30.6888045743 31.7005414108 36.1598870368 40.2147788554 42.4370717956 47.9666180327 48.6479473184 46.8763393583 9999.0000000000 9999.0000000000 9999.0000000000 9999.0000000000 9999.0000000000 9999.0000000000 9999.0000000000 9999.0000000000 9999.0000000000
8.5077604599 9.2078977541 10.4596195451 11.0581306508 9.0707171039 8.2834882342 10.8904233057 15.4631403275 22.0782857796 28.8952703413 30.1307513437 30.2298120805 27.5359333609 25.5279431585 25.3756238089 26.0243406810 29.2951083393 31.0921692580 32.1320323565 32.6811510022 31.5120971063 31.3425474451 32.9138321104 35.0263145228 34.3870178622 34.0803447179 37.0346842683 38.2235026918 36.5322399884 35.7625054603 39.5611915737 42.0195980114 45.0095344568 45.9300230141 46.7930284794 45.7427126239 50.5188022507 51.3341785991 9999.0000000000 9999.0000000000 9999.0000000000 9999.0000000000 9999.0000000000 9999.0000000000 9999.0000000000 9999.0000000000 9999.0000000000
9.3295536790 11.6527767823 13.4594865813 13.2792177756 11.5830563736 10.2042625076 13.4211421246 17.1602694463 22.6264190278 29.8649957695 32.0556946972 32.4768130376 30.2065915894 27.3379344726 26.8153744109 30.3271354060 35.5641883216 35.1989123155 38.1188431056 39.9927343824 35.7308902312 32.8149528941 35.0529367570 39.5281524688 40.5545382528 42.4138041562 45.6715895562 45.4715821543 43.4160995646 42.2120994190 45.5985569861 50.7747745723 56.0479382984 53.5398753709 50.8015547530 50.4142416758 57.0956279989 57.0028544753 9999.0000000000 9999.0000000000 9999.0000000000 9999.0000000000 9999.0000000000 9999.0000000000 9999.0000000000 9999.0000000000 9999.0000000000
9.7937914106 12.5375234638 13.8530585828 12.9201429372 11.2506155565 11.2444851111 15.9186709643 20.5253889144 25.8256793604 33.3511600038 35.0289453927 34.8634787661 33.1944252248 29.9876848294 28.5158121551 31.0271306662 33.0717361649 32.0229526260 36.4972913812 41.2597151008 37.5287809584 34.6416511748 37.7312353521 44.4614224252 47.3879068159 50.8760489174 54.7473409097 55.7959877187 53.8886447903 51.0826240643 52.2271184600 56.8578218808 58.6084111710 56.5368557582 55.2145324764 53.8202280295 53.5701115150 52.9621684109 54.7957149683 53.5962221911 9999.0000000000 9999.0000000000 9999.0000000000 9999.0000000000 9999.0000000000 9999.0000000000 9999.0000000000
9.7995688338 12.9357584228 16.2322206743 18.8909881253 13.4670609405 12.2800977988 19.1176118678 27.9638528300 32.1369805606 36.6970276809 40.2336664265 40.0738292956 37.4084210198 37.1943634527 40.9863120876 40.9999520634 34.0052824176 30.4423491179 34.2113153602 40.7132202527 39.9160996894 38.0906626233 37.7197476919 42.4505986157 48.2856605086 51.5923763160 55.4166851216 61.6055660066 64.5971620688 62.7030347823 60.5693757534 60.3351528989 60.2722477634 58.3850371186 56.5786856459 54.2662830558 50.6442353362 50.7837610203 55.3771372070 57.7113599866 9999.0000000000 9999.0000000000 9999.0000000000 9999.0000000000 9999.0000000000 9999.0000000000 9999.0000000000
10.7278598298 12.6697541418 22.3503214947 25.7202371140 16.8695406464 13.3830475534 21.1410713964 32.0240983274 34.7873414867 40.3017720091 47.3918154021 48.2554620830 44.7124630446 44.5156900096 47.0448470442 46.6705987346 43.0696451222 40.1505017071 43.1070242194 46.5451043565 46.1113408674 44.6158233681 44.6404771646 47.9914368480 52.3094580858 52.8873772128 53.3928059740 60.9746805858 70.1965206536 69.8517069686 64.6974085830 64.3126745126 66.1248157849 65.5491409125 61.6450196248 56.6829963354 49.7902021743 50.8290563012 55.5790729704 54.7492739861 9999.0000000000 9999.0000000000 9999.0000000000 9999.0000000000 9999.0000000000 9999.0000000000 9999.0000000000
12.8821662365 17.9070192244 26.5945039282 22.0992761606 14.9543605075 17.6946943538 27.5282317016 33.5267823539 37.3467535246 42.0463216142 49.7669156757 50.3557826160 46.0897658486 46.9640350202 53.1891115825 53.3403488807 49.4177502114 47.1439902904 48.1213537278 51.3456356130 52.7163706720 50.9709535399 52.2949741571 55.9970370959 58.5248268326 56.5379401669 54.6421485487 55.9933171025 64.2323434004 69.4623288000 68.9991448307 75.4412257229 76.6095158178 71.4820400462 70.5331116915 65.4296862194 61.0442666220 55.6733363774 53.8801816874 54.4566250755 68.4455918963 70.7465280429 9999.0000000000 9999.0000000000 9999.0000000000 9999.0000000000 9999.0000000000
21.1421864515 39.6192074404 42.6513933926 26.5938650700 18.6152371316 23.7002429785 29.6438423975 33.1403886667 40.0755172013 45.7343673916 49.9415337690 50.1262557227 48.4804344596 54.2672213051 62.3269476928 61.1764607602 51.0323970811 47.3338325392 51.5817632549 56.6782155074 59.6994819352 61.1137253582 61.6459814482 61.9037878350 61.5737975459 60.5800736812 60.8921146486 65.1066031423 70.0676363194 72.6847954793 73.7783226650 85.4437787784 88.2058055140 81.1173274415 77.3533919128 75.4066472291 70.7954113022 62.6391395344 65.1178904227 68.6683718814 74.0612826194 75.2800542978 9999.0000000000 9999.0000000000 9999.0000000000 9999.0000000000 9999.0000000000
24.5688331488 44.0886687138 43.7392109307 34.0476474375 29.5341120218 28.5761241394 29.7363000282 38.8563871966 47.8335375083 49.2121463176 49.9083555769 49.8482227558 50.8936210535 52.8192763450 52.9050342157 56.0456704698 56.4388346393 56.0064950259 62.4058502144 66.8918605079 67.9741711356 71.4136091410 71.4979054173 67.3698395840 66.8715773500 68.5665081837 73.5325579299 78.4054758260 77.3493088782 74.8745137244 76.9895869307 82.5938772177 81.8761400878 79.7731038183 75.4080899642 72.2943329019 70.6726939534 67.6194468979 68.7667560414 72.4709547940 73.4852022724 9999.0000000000 9999.0000000000 9999.0000000000 9999.0000000000 9999.0000000000 9999.0000000000
21.2719807460 39.6207020385 38.1372356205 32.8230105224 31.9153674936 31.8592328404 34.8573919327 42.4905001419 50.1310035470 53.3139081672 54.9690789194 51.4641662012 52.4136744789 55.5932787247 52.7843489544 56.1793827801 63.8027478126 66.6876757750 73.1138818664 77.2372705978 74.4538055733 75.9336415795 72.6516455761 68.2905685971 73.3932632720 77.9965452966 81.4575488912 84.4557504170 77.9767996282 65.6835698755 72.7450320264 80.3075570147 83.6158805760 79.7138479538 71.8659207341 67.8246123134 71.7159800115 79.1741990251 78.0802993686 85.8767596073 9999.0000000000 9999.0000000000 9999.0000000000 9999.0000000000 9999.0000000000 9999.0000000000 9999.0000000000
17.4275926984 26.9277309417 28.8958667661 28.1414106139 31.1360430205 34.6389307233 39.5647606929 42.3331618658 45.4577158671 51.1846904992 54.2803615099 53.2565570902 55.4119608714 60.6243411312 59.7242158838 61.7499008076 70.2761492576 71.6795438784 76.4523991384 79.6041340800 76.3398658019 76.6331417835 69.6250278270 63.2682710420 72.0006373012 78.1018272392 75.1608730643 75.4401318845 73.3635976212 65.7663574093 70.3755235299 82.9350322019 91.2501557032 85.6727210339 75.5800724728 68.8215799746 74.6058491059 92.8600500338 80.8969190111 78.1176973251 9999.0000000000 9999.0000000000 9999.0000000000 9999.0000000000 9999.0000000000 9999.0000000000 9999.0000000000
20.7606537442 22.6815612114 24.5899414003 25.2361146268 28.1855578360 33.4228629945 36.5816630947 38.6780420376 38.4596986987 39.1199621663 44.4638741319 49.7597444337 52.0688843681 55.7564728078 58.7222552276 62.5665360130 68.6646990362 70.5612874590 73.4196285484 74.9742463231 75.6749110878 79.0280443034 76.1821220513 70.7362921676 75.8985444554 76.7496638582 70.8886468783 72.7224668954 75.0876047532 75.1705573057 76.0339871049 80.5835248902 84.9224233534 77.1362367086 72.1318979049 68.5822132509 72.7406566730 85.3382893838 79.6824943973 9999.0000000000 9999.0000000000 9999.0000000000 9999.0000000000 9999.0000000000 9999.0000000000 9999.0000000000 9999.0000000000
20.6120308139 21.2214425846 19.7686896863 17.5894972781 18.7074955611 25.7184360526 28.2476732391 30.4880993790 37.7486943325 39.3915759050 44.9658940779 50.2522687311 50.2344608540 52.4653347675 58.7623972096 64.6790019237 70.2460121247 69.3915216252 67.8996628267 66.3400096237 68.9651179709 82.9158240231 83.7426526705 79.3018857948 80.2342509851 78.8541192887 73.5539867892 71.9931124477 73.8817045349 74.1687993868 75.4364684690 80.0415845588 73.8001334248 69.3219214445 62.0415124577 62.9021275090 71.7580503551 75.8959843079 9999.0000000000 9999.0000000000 9999.0000000000 9999.0000000000 9999.0000000000 9999.0000000000 9999.0000000000 9999.0000000000 9999.0000000000
20.9646545991 20.1275193540 16.6895606235 15.3674860485 18.4720279940 23.2975737308 26.4546010585 28.4707502578 38.2181914465 41.8916990748 46.4965652791 51.2381989975 52.4833359523 53.5500358092 57.1381038171 61.9679471129 67.7177273319 67.6818475476 65.4336136649 63.7757224613 68.3343928540 88.1070111645 88.2419493282 75.9065643651 77.5880862493 80.0001790049 83.6497424170 77.4232844124 72.0101046609 71.1312715430 67.3965254682 64.9270533468 61.3240865059 58.8502390310 50.0596305938 51.9084531697 61.0626167036 63.6917326483 9999.0000000000 9999.0000000000 9999.0000000000 9999.0000000000 9999.0000000000 9999.0000000000 9999.0000000000 9999.0000000000 9999.0000000000
