model_inputs/inputs/pr11.asc
ncols 720
nrows 360
xllcorner -180
yllcorner -90
cellsize 0.500000
NODATA_value 9999.000000
[rows 63 to 83 of 360, columns 141 to 187 of 720]
32.6522114337 31.8380302924 34.0002469893 36.6513929330 37.1086291561 35.1687186048 34.7772423411 32.1387061849 33.3748684789 34.5072198543 35.7915581844 45.1763118035 41.8415899621 36.6278376896 32.9833427095 30.7106176915 31.7666667688 33.1981098570 34.8920765100 36.5575114265 38.2587247586 40.4217547621 44.4476268603 54.2755288188 61.9629824068 69.9735897942 72.7863668581 73.7281664042 77.9762197053 82.7076646965 86.1066919751 85.7303644298 82.3471789481 38.8761776558 9999.0000000000 9999.0000000000 9999.0000000000 9999.0000000000 9999.0000000000 9999.0000000000 9999.0000000000 9999.0000000000 9999.0000000000 9999.0000000000 9999.0000000000 9999.0000000000 9999.0000000000
29.7558783204 33.6280661286 36.3353090070 39.1441326938 40.6947805895 38.4908895940 35.2841468411 33.3305326640 31.8763264222 32.7303195081 34.5939395484 35.2290895244 36.3807858084 34.3673193420 31.4620846475 30.2249534579 31.8706191320 34.3939792947 36.8550991116 38.5170639202 39.5763120032 40.5658113887 42.6866319613 43.6151828617 46.4517273358 62.0972322067 61.9640385266 63.6127452599 65.0370736839 66.2645630655 66.8844959582 66.9057503692 66.2034071283 65.3386571794 9999.0000000000 9999.0000000000 9999.0000000000 9999.0000000000 9999.0000000000 9999.0000000000 9999.0000000000 9999.0000000000 9999.0000000000 9999.0000000000 9999.0000000000 9999.0000000000 9999.0000000000
30.6032305816 32.5825570326 37.8669019556 41.6334824986 45.3519860166 43.1513906806 36.3496255595 32.8117727477 33.1995502347 33.4735567449 33.9869841991 35.9514448210 36.7465144373 35.9547381231 35.7713151025 39.5157501334 44.4732896285 45.2885575360 42.8744845558 41.4480203181 41.7265907745 43.3387057856 42.5343526877 43.1135495310 44.7548304219 50.3449338139 48.1634240714 49.5546025923 50.4238834837 55.9434154420 55.1250357530 54.9842323526 55.5853201076 56.3258958282 37.8633988439 37.8219202103 37.9349273862 58.4618792636 38.4149715537 9999.0000000000 9999.0000000000 9999.0000000000 9999.0000000000 9999.0000000000 9999.0000000000 9999.0000000000 9999.0000000000
26.5558895480 29.7094821290 30.7227206358 33.2148734014 35.2608202666 35.9126159165 35.2278235951 34.8892664770 34.3623899971 33.9266533556 34.5139549754 35.7806905231 38.2001266116 38.5995402758 40.6932624173 47.2406393965 57.7101294184 54.2172913556 43.2009340147 39.7568613407 42.9828782799 44.7640856146 43.2938206941 42.9095392465 42.8699536133 45.2926830039 47.2482255427 49.2104489822 51.7176490976 51.3294307748 48.1329521863 47.5995032466 48.3625026536 51.6292603570 52.6663417113 53.7194958888 54.7927304870 56.0422145063 57.5475529768 53.0901144957 54.1930524632 55.1727591665 41.4320842247 9999.0000000000 9999.0000000000 9999.0000000000 9999.0000000000
24.2385764723 25.4992911941 26.4625526033 27.4548832385 28.8573985454 30.9573324630 36.4587194344 35.3992851160 36.2002529728 37.8951602324 39.0578208317 38.2015127689 36.8781357247 36.1538827128 36.9002270163 38.2815892808 39.6580104134 41.0275809118 38.8614179101 38.2137524430 38.9458273421 40.3196317493 40.3105274308 40.0243378244 40.2609652374 41.3919893908 44.1534220590 47.6048970013 54.4692655094 62.6224254956 48.5923831584 48.0812636088 47.9869106202 47.9180223774 47.8582761716 47.9436285677 47.7245591464 52.0797520294 53.7432397250 55.0798347685 55.9823079966 56.7273062188 57.2861208930 57.9616273753 9999.0000000000 9999.0000000000 9999.0000000000
24.1027943557 23.4595042421 23.8660938630 25.2320528089 27.3494103458 32.1167209768 37.4306278245 38.5037351225 37.5620487321 37.5403204816 37.7579565975 37.0366762800 35.3747869085 32.5386219774 30.5393801245 29.1575110168 32.4561715533 33.3477818349 34.7738547425 36.0070891329 37.4927856610 37.9186730424 38.4814623103 39.0884506633 38.9493658149 39.7413212922 42.7059297217 44.5279485430 48.8066811813 48.8646168960 48.5655699740 47.7237481973 47.0768229570 46.8869524193 46.6023752815 47.2501350450 48.4093538253 48.6445479328 50.3257963574 51.4270134154 52.2796132718 53.0986388912 53.1920866342 53.3740457031 53.4086713451 53.5575700924 43.6319911969
24.2891217058 23.7426362874 24.4174379040 24.7859930678 28.6726412305 36.9841484644 39.5341850817 40.6205504551 39.4843046379 36.7350338493 36.2368776987 35.8293427562 33.5163531709 29.7239094798 26.9641034247 25.0557350228 24.9093869934 24.8195531603 28.8873730169 33.8472769945 35.6701633427 36.0920949897 36.9154959626 37.6944408927 38.6083970661 39.4249096862 37.3638329620 38.3859211870 40.9636809491 41.6726673720 42.4206547905 39.3709462078 39.2785569420 40.4024664313 41.6512243683 45.1133642346 47.4537257105 49.4316070690 50.9203540860 52.1187388804 53.1733687967 54.1385538527 53.9248498972 53.5385080730 53.2186923665 52.7644524118 52.8822427732
24.3798678566 24.7830793087 25.1345974684 24.6824343922 28.4909956972 37.5161381671 41.1567999981 41.3651149138 39.9067973485 37.3541581503 36.3360680931 36.9609774789 31.9188210997 26.9148806983 23.0625139957 22.6001268311 23.7447697436 24.9108886637 27.9363512818 32.0022050582 35.1030482270 34.9901919253 35.3834480338 37.1500488545 37.4207997811 35.8799257083 33.9350268769 37.5206620374 37.5647008186 37.9386285204 37.8906976548 37.6198854356 38.0222364329 39.3330861989 43.3693992672 46.2259958731 48.9821385127 51.4543970930 53.6061940365 54.2141607148 54.5163052739 54.0995387128 53.8537315442 53.2425210695 52.8900929494 53.6897925194 53.3081749454
21.8225586286 28.6380933831 29.6262490447 23.4251473448 24.6225726733 25.9086578444 30.8294240967 33.7722571276 32.3489235307 28.6830916302 27.5894677907 25.4631520947 25.0817183987 25.0661759928 23.8177999563 24.6040222119 26.0251516302 27.3874778068 28.1839241507 30.9890231292 33.4488510853 39.3043493677 41.1623917753 42.6878530998 42.2081248253 41.3376180804 38.9744533750 39.8961701430 39.0358450531 39.4968672772 38.5052155762 35.9976147010 36.5841053717 38.4746046038 42.6121377968 46.1194267846 49.5911330217 52.7977060410 55.1818823442 56.8784539355 56.0996551649 54.7484017443 53.7923162919 53.1807522057 52.7804497979 53.4687523032 53.5738928011
19.3477705470 22.1761866705 25.0784698874 22.3614366842 22.0296641928 22.4495001021 21.6784619261 21.9535787764 23.8279863261 23.8086649915 24.0039316413 24.4533412624 23.1473218300 22.0939507708 21.5417674917 20.7147172478 22.5893534662 25.5018725584 26.5817456238 28.6728274659 33.5431569256 39.1775749158 45.6074632821 48.6861185054 46.5593101108 43.7843459076 44.5230215555 44.2692699144 43.1381090311 46.5959489811 43.8326728181 39.3897394824 38.2241627667 40.4270872241 43.1164444308 46.4304069174 49.5854846667 51.7061543651 53.9185414673 54.8821612028 54.7938101809 54.0304100141 53.5777400946 53.3938385197 53.8918791572 54.2704179534 54.7534560319
20.2164290822 20.9835020942 20.8375642542 21.4339560480 21.2409124360 23.2760930085 23.3552241989 25.8818635193 23.0402246816 21.9860521029 22.9120640724 24.5520837489 23.9110897528 25.2840737812 24.7904674325 22.0767652499 22.2169722256 24.6295765392 26.8849981658 27.4779316387 28.4252545971 31.0931711574 36.8306881282 39.2363498686 38.9395637030 39.7655036068 42.1760781901 45.4832513351 40.3233423131 42.0695892535 41.6050379863 40.6164061278 40.0768656400 42.3817103729 44.3984795711 47.1833873307 49.2780217901 50.2691996517 51.6091846512 52.2206968744 52.8852413991 53.8729350083 54.4909159653 55.0800045021 55.6721576722 56.5650833887 57.0993149886
22.2841867071 23.4249587520 28.4654673014 21.0723010241 19.1866568784 21.2323903979 21.4965617924 20.5026964832 18.2616692036 16.6925969679 18.6771415465 22.7987480757 23.6087707453 26.6452259675 29.0578632848 25.0597308332 26.2572457432 28.2154380111 27.3235377681 26.5077441582 25.5556898774 24.7667542426 26.4063495852 27.8372103930 31.0688002501 32.6624025183 33.8517042110 35.8187344100 39.2125824583 39.9573025061 43.9546876587 45.8830209682 45.8423839300 46.2748697028 49.8649179353 53.7231828785 53.4314769320 53.9224406239 54.0458793403 54.8247959814 55.5225422722 56.2768616946 56.7918662564 57.0870894589 57.2912694770 57.5579821598 57.6673377072
20.1789792627 20.0991903548 19.8551441717 19.2536214745 19.8205727502 21.6775684676 21.0923390114 19.0212232555 16.4581749123 15.4786025814 19.5314870653 23.7910857832 24.2291374016 26.1412776599 24.5009444479 21.2741094874 22.7053003327 24.1087703907 25.4079839797 28.4764716926 24.6560196101 23.9510690735 22.9522296286 23.9068346273 28.7809548026 32.6411858259 36.0196022666 38.1855625310 40.5419496819 43.8624374801 52.5877833716 54.6373582911 52.7671445743 55.0500842510 57.5887840823 66.5116620949 65.3010281967 63.6920626857 61.3315972150 60.4778045090 59.8030854017 58.9439885225 58.2802926656 57.5441158726 57.0984616061 57.0139107294 56.9295295863
18.7215186161 18.7481196335 21.2361386803 20.9421766922 20.4567458422 20.9013510612 20.8936211129 17.3265823832 14.0803424001 13.9066472329 18.2418245240 21.1061793671 22.5020821381 25.6411931477 24.7679117310 22.5623210426 21.1909494828 22.5263163156 24.6567197610 27.9215656046 29.7290038434 26.7826134805 24.8667532287 24.0553844778 39.9497776525 48.5251026694 48.0404568370 44.7222745861 42.1998314559 48.0807402637 54.1105902521 56.1638521613 55.3435158217 53.2537894906 55.7086550980 63.5873606661 63.5368366493 61.8469318142 61.5850188187 60.7800999423 59.5803054166 58.4870375460 57.4265282485 56.8224607268 57.3365647579 59.3151061912 60.9293004381
18.1519140751 17.4142473988 19.3576139136 18.3026728191 17.7874784858 18.3515619719 18.3058659313 16.9609692675 16.3106022083 17.6144893630 17.2078431642 21.2886829977 27.8962116572 26.0539473966 25.1521625323 23.5039532126 22.9068282642 26.7776582041 29.6170763613 28.0688212370 30.3693754831 25.7243555097 19.4215126976 36.3642485754 38.7797548610 41.5121183032 41.5566356387 39.0065117972 40.1923928875 48.1541783083 57.5709479162 61.4556771470 56.8962288089 53.1286062906 51.6241824953 58.2035731059 60.1163192187 60.4776489199 61.2025195733 60.8341459301 59.2719090055 57.1373070125 55.4625414661 58.6455686716 67.6071930793 74.1745750420 79.3817737140
14.8320509907 16.1789043050 12.8715095634 12.0368342759 17.7152132528 17.5930605037 18.3520122373 16.9376214762 14.0648789675 17.4255818274 20.4467904987 22.6519026328 24.9639256799 25.2826003998 25.8436946897 26.2628823111 27.9333007929 30.6711098528 29.8924855306 36.4049398340 32.6843617950 28.3905087272 28.6105116829 25.9429935249 31.1741034093 33.8345729106 32.5016672141 34.8317904572 36.7670781270 46.8784940313 55.6061407551 55.7232050342 49.7783585452 50.4712862894 51.1464815936 49.1267279140 50.9695956716 55.2807709901 59.4257866032 58.9507542900 56.3025150332 52.9729606351 53.3953991253 65.2670154814 80.1409824053 83.6082237074 85.5405174661
16.7413882882 16.9667001319 16.1093830975 19.5100546698 22.4019534944 18.2505563716 16.7659725412 18.2084824919 18.2310570526 19.9274978077 20.1758721960 19.8135665269 23.3610305004 24.0197828680 23.3127837419 24.5974096761 29.2835711734 31.2041816069 27.3063852510 26.8258766737 28.0998235394 30.9143050108 31.0299454140 31.8798271765 29.7324621642 35.8007261530 34.9704981199 35.7554072980 38.9397004328 49.0357978852 56.0508614872 54.5092990506 48.6909559113 49.5305522927 51.9744889461 49.0398856346 48.4348044265 50.2533908584 56.3991594245 55.0564303994 50.2544941264 49.1274068481 59.0493223281 73.3710800414 80.9015961131 85.1537984563 86.4815767854
20.2120136528 20.5155467265 18.4311752528 18.0064595042 19.3367602624 17.5091048732 16.0487835092 14.2090947193 14.1757986567 17.1570987295 17.9549371242 17.5153131131 19.9732292094 21.6633697855 23.7044839596 23.9366157912 25.2164349658 29.7647091793 29.9295911682 29.1976223525 28.0462136725 29.9217622087 35.2178776811 31.6619553196 31.2606651569 31.8472053332 34.4932852022 37.4618917995 38.4395098372 49.3356038933 54.0123381070 64.6542208269 46.9458169537 47.5509453099 58.4697624436 66.6648088954 63.7603002833 58.9019653271 54.5905778417 49.1400567116 52.7396241669 59.5165704726 75.0441859709 79.2546810117 79.2195933172 81.8068605149 83.4001115290
19.2526950123 20.3041506757 16.5871653298 15.8957015374 17.2026804357 15.3509299562 12.3363609309 15.1369160012 15.3068652435 13.7881956180 16.5929633804 16.3535294705 19.0468294459 23.7344442867 19.8102449358 20.8249285351 23.6806764733 24.7472726041 26.6032687796 28.3893983869 29.1321264231 29.7562814376 31.8739949435 31.1332046986 29.9323941290 29.7199985362 32.2141668876 35.6959204073 37.4690347526 43.6502186931 54.6450057300 61.6187957930 51.5304754372 46.9765198650 64.4495363231 76.8417537329 66.5057308506 56.9959896966 48.5268471530 42.9670930607 53.7448050454 63.6393792811 68.2013500482 69.7535726940 71.4934970601 73.0927736149 74.2308794288
18.9292559662 15.5732573185 12.5834352075 14.3649961537 16.3610790769 12.5972543465 10.9615404799 13.0901617231 13.9146577130 12.0060948248 12.2170193936 13.8487150543 17.9543277336 18.5659672570 18.6620930181 19.5152904780 22.0218941686 21.9117465313 20.2619247430 20.2828726906 22.1886950894 22.4971197895 24.2526360671 29.4803300640 29.2314629769 29.6796184557 31.0330265493 32.4762425444 33.7878961873 39.4341978827 42.0772461221 57.8744173399 47.3172835191 44.4856566028 48.6715685693 58.2315461361 56.1344458256 51.4749725698 46.2683208170 48.3026244328 49.9239050550 51.1129356455 55.5296333623 61.0442571924 61.2605637289 62.1032671770 68.2987676701
27.6250057505 23.4719348664 15.8285554207 15.5867629219 18.1823812454 18.3528491179 16.0429253447 16.8428264733 14.1549732944 13.7218191958 15.5290641269 21.3346807868 21.1277260969 23.3399458230 25.5052035791 30.2416344930 36.3845058018 31.1478842923 25.6276922591 21.0482530820 26.0514579713 26.1398820730 30.0942845643 35.1689189847 37.9724550003 34.5385639812 33.7130719854 32.4354758486 29.1121473711 37.5908162096 44.5189526654 49.8659834848 47.8309490718 45.2169394121 42.5041919807 51.2433004333 51.7529631034 45.5006773118 53.5971887293 60.9525067848 58.3393033594 48.3776325127 48.4380482230 60.4173180764 63.8324417523 65.7068846631 66.3587604649
