model_inputs/inputs/pr12.asc
ncols 720
nrows 360
xllcorner -180
yllcorner -90
cellsize 0.500000
NODATA_value 9999.000000
[rows 105 to 125 of 360, columns 141 to 187 of 720]
23.8774825120 28.7109137862 36.0443786485 44.0123121953 48.4136207378 87.1222737478 46.8848401797 15.3648811101 29.6792436275 31.7098720407 24.6915057069 21.3477879879 18.1506328227 17.7343672112 21.3690117525 23.9607486001 23.3371122158 28.6942445382 36.6920700471 32.2284975846 29.8407969531 27.5177341537 33.8461218635 38.0367132893 41.7380949366 45.4079085030 53.3432673546 59.1974431300 61.1345035722 67.8539149230 72.5702300551 76.5842820983 78.3797894837 83.1678028917 87.0041109156 91.1829600809 96.7897397932 108.8242437690 120.4073131084 111.7030848982 111.3830617396 111.2226163968 112.9336247686 114.8555270629 119.7770170402 128.2054376788 124.6349795256
18.4570631536 19.8121426511 20.0877616298 26.3379611133 32.7240440820 41.8394494336 49.3135621073 28.4529070195 30.6130633398 19.1461872164 20.5189696862 21.0762237548 16.7730683461 20.7574735978 27.0246205037 24.6919229685 23.6883356993 28.6771627434 34.5928645693 32.4474727095 33.7965667422 36.1755213817 41.6616771254 44.4398709806 43.0782025214 48.5795352724 54.9910641275 59.9102108390 69.0441147890 68.3563073399 77.4377494818 81.5382854780 84.4524406129 87.1989273001 91.1238645203 97.5691467756 109.8268409260 112.2058733599 120.8932225127 114.5527695771 126.5073479153 126.3308721827 124.5644080918 126.4536366798 126.9703621510 126.4667910291 123.7304506358
20.8714001637 16.0702606954 16.9695490622 19.4321882300 27.8052085487 35.4233990656 29.6112134820 33.5245380993 37.2057214554 19.7570853343 17.6472432213 15.4652301717 15.4449281545 19.2823830585 29.0902187407 24.6175702487 27.0233545743 28.8594636368 30.4229476315 33.6119037238 37.1698605304 39.7030888125 45.2011259040 49.1888079559 48.7615744933 52.4913652916 55.8950743871 63.7200121419 72.0265499549 86.4415008109 83.4982269444 86.0702558421 85.3284919867 96.5829854831 99.7781250626 113.1873386912 120.7918067230 118.4888997814 122.7280892199 123.1496979017 141.0706081660 139.0110802604 134.4213533448 130.6166817667 125.5845160922 124.1359063424 127.0226400811
27.4290648813 23.0827170017 19.0554882138 17.6294235571 20.9418207232 33.5327772482 32.5755531667 38.8359343051 35.3677712556 21.5282194549 23.3644558175 21.8388719077 21.3864448015 36.5342272853 35.4668367072 24.3616992957 30.4884600628 33.3690456755 32.7699522895 36.8448750232 43.5178453918 48.3555011451 45.4462399939 47.7902696002 54.0430693072 59.1346322908 63.4512249380 70.7773771137 78.5238131066 85.6023476226 88.9985931572 100.5081207259 103.9737495594 110.7962457463 123.2052856358 123.4376979992 123.8438232103 122.1842723899 124.6109528001 139.5204694709 145.0009768596 139.5470233401 128.0055104289 130.9769317741 136.8277034489 134.3294426333 135.1801094133
27.3603770183 30.7186847494 29.1747837618 18.1606176338 19.7120694065 23.7275512191 33.7383834994 32.5844877516 33.8772443938 34.6130722901 27.1165807208 26.2637734122 23.1711976812 24.4840017403 27.6736131927 28.8908737712 28.6305496702 33.1034126866 32.3471601878 36.3216265978 40.3746207012 41.1072755232 45.1174661284 53.0645743129 60.6150859385 65.3503027861 71.9648470986 76.8243466155 80.9909419622 90.4052315746 95.2949719504 103.0538597843 118.2863133727 122.1612640657 126.9360571168 130.2272753092 131.9692411926 135.2549619041 140.1248528855 147.4107122049 147.3951532971 142.1807032311 130.2800247213 148.8358327188 161.9056169875 154.1484830668 149.5193591109
27.0872191759 29.8140592058 31.5838991082 28.3960509987 21.8269269099 21.7057630944 34.7042168432 31.3356520201 31.0324018355 26.2370545242 23.6852993548 23.3398963173 26.4091289719 33.1156264292 31.9107870455 33.2434970769 31.1424174579 28.5001943121 29.6524304431 32.9127995647 38.0650517181 45.6748710712 51.1037841788 62.0504941908 62.5907796202 66.1670181435 74.6229120414 86.4790685009 92.7780498751 103.1781141646 118.1961942930 123.4267124673 131.9968323223 134.8227920244 131.9184437161 128.7158358609 137.1203617891 146.5563301463 153.7871486507 151.4692768687 157.0467115380 164.2610847484 154.6487349551 145.0460128253 151.2411738513 156.7234068643 143.5613064095
28.1823776895 28.4445004945 28.3549306914 26.8300610769 23.5736830509 21.9709128141 29.0064929577 30.1442192285 28.2328356989 24.9843149213 23.8194312842 23.7115726923 31.1219739961 30.3335970675 27.8256567253 27.7473977767 28.1598974252 25.9860657679 29.4085516362 32.1736453625 36.2133271701 45.7102322252 50.5643332726 59.8212751793 60.7221878017 68.6891218065 74.9731383403 87.8796436591 97.8992973687 119.5949212415 136.2851124723 138.9920606744 139.5679571433 139.0795960324 142.9618264083 140.8306049416 142.4240068300 149.6735808905 157.1752846939 162.2067620046 166.5301204193 165.4875038657 160.8599829488 152.1432698937 143.7240054365 138.2156806067 127.9575229855
46.0716279340 36.7898082768 30.5928650487 25.8497438044 22.8799537872 20.1155248506 21.0215789848 32.0973430644 22.2858038906 20.8868765621 21.1180842889 19.9691438174 24.6417502058 28.5405343166 30.3082525497 27.9299957037 26.2652727251 28.7665816722 30.1654712821 31.1764396029 37.1871191310 43.7705267686 52.6114894892 59.9730169633 66.1207468947 73.5310067539 87.3644929379 97.5980863441 109.5292131649 123.2503404608 129.8245447688 134.7291368293 138.2069298998 139.3243989442 148.2750519644 147.5156358210 149.1906323936 151.3110286323 164.3989649601 163.7825116049 157.6638815459 150.6820338545 142.8357615368 139.9611543166 133.8851085166 128.8253800012 128.2680316363
38.5166843771 38.9208623674 37.9597131978 34.6700673981 22.0189756947 19.4938639761 24.2166784883 40.2442087652 23.9894123515 20.6384856720 20.6792688696 20.0039038318 22.6677279279 27.8702777869 26.9041214779 27.7347526280 26.8183753942 28.5011773522 31.6372968082 34.2629921506 39.8641046486 44.3883049884 49.0911923116 55.7616166770 63.8893213472 75.8464079699 91.7270786595 101.7672795570 111.5340585820 115.6557169743 124.5457656914 133.1326891668 137.4185836175 135.5361066526 141.8007264147 151.4555095928 150.0191300875 152.5481598219 156.3988480484 156.9744144799 145.9372082027 136.5164121380 127.9892348684 123.7260564230 126.1065881699 129.8982374137 115.2709310409
30.1342167368 31.8074664683 34.3392284412 29.3031706824 23.7319807929 22.0154890849 25.5229666654 36.1638616305 26.1921057827 20.5621857313 17.6365688676 17.7140663727 18.4122982901 22.5885071559 21.3376110478 23.4746293863 25.3273629060 28.9491018048 32.0885569963 35.4042026738 40.8124860842 43.0981320678 47.4959940766 52.8750998201 64.1865389189 75.7397964480 90.3818932129 102.4315411923 107.7215698315 117.4803996691 126.4361729845 130.6585588027 136.1747385236 141.4904440753 140.2074188227 151.0271021398 154.1161393980 152.4789085379 144.3605156383 143.3209731476 135.7844645390 128.1980071217 122.4536017980 120.9659156157 125.0733258203 128.3919182606 123.4977270942
30.8873503818 29.7281858220 32.9858509940 26.1411102838 23.0311510095 20.1038462401 22.1748688782 23.9086451184 18.8258033741 20.8594268770 18.1372981315 17.7658386383 15.9579524916 17.9083158000 18.0703806836 18.8611951744 21.6958101082 26.7485441873 28.9340615273 31.1798012699 34.8338508338 39.8274374893 49.4871665142 56.9754142198 80.7005750248 86.2465995597 92.7549661137 102.3497767746 108.6250426015 115.1079962729 126.5522235772 128.7714141654 141.6064192308 151.7511194106 151.1632095790 150.2956260229 145.7359890919 140.0426169857 143.1048269151 144.1214553779 134.8359652329 132.3444183217 128.3916542307 127.1279880311 130.7542602299 124.6362430975 122.8479588171
33.9675614960 27.1569843753 25.7370855252 21.9479610678 22.0948795904 18.7289267778 16.2945977499 16.3737477997 12.9337074759 15.2928539756 16.2390607002 14.3891077460 16.0403899499 17.2526021342 16.8302331876 18.8046939438 23.3085026848 26.1974500318 26.6786988359 28.8711799658 32.6281304879 40.3501743567 48.6080222181 58.7673572008 74.7511975933 87.1688373154 96.9224431319 103.4182494041 113.4915954899 119.8669946752 134.8434523679 140.0014377432 146.1249429267 157.1909661870 157.2834238177 138.0433444865 142.8225788986 148.8501563435 148.4983930131 141.7570388876 134.1244610958 136.0503804171 141.2795784418 137.3553295853 134.2080548638 123.3226280892 121.3691270677
27.4066223355 30.4265143932 24.3009111146 18.1168193085 18.6427587178 16.6851935210 14.7890754015 13.8315295335 14.0810555167 14.4613069715 14.7570523404 13.9315544511 17.0912645117 16.6874566348 16.6945536184 19.0120812185 22.3671675485 25.5832244293 23.1861578068 27.8655370348 33.1752476923 39.8357497179 47.7115886752 61.3250671886 75.4202919197 86.6907828022 93.8690216281 97.7839445695 108.9451223379 125.3836270189 137.1295085410 141.5834957734 146.7886576429 154.3853745097 147.6222284837 141.1555975210 145.5092062242 142.3000447685 141.3200693205 137.4304555357 140.9571035765 143.2869321434 147.6943840971 139.0103258891 132.9684813973 125.7700631395 116.6164559545
27.5618035812 26.8749202369 20.7814366731 17.2718103131 15.9500917071 14.6712614660 13.8566112000 12.2377693187 13.0145265721 15.5121944990 16.9506555976 16.7848365381 16.4935396024 15.7646165608 15.3192675789 17.0238425781 18.7708026351 21.8592328602 27.2043423902 31.6438527661 38.4166830336 44.8982175440 51.9228428020 63.1132760318 72.1157213557 83.1379580777 93.9525210997 96.8745028367 107.3322105221 133.9238643413 148.6354811350 150.6246450590 160.9477917664 155.7235443033 145.8395548398 147.2035995685 150.6642212626 148.3411631780 143.4799474664 143.4888113290 149.2905960185 140.6603716314 134.8286101129 130.8680194197 122.0779720461 124.1724084830 121.3328040903
35.8154434653 30.5871082528 25.7087989594 17.4792624166 14.3891843618 13.6966196587 12.9124589585 11.7695723166 11.1682617862 13.0028715357 14.6156419069 15.3104202182 12.2218921606 12.5986405037 13.1958349957 15.3616113821 17.3146255984 26.6264704114 30.1089052227 33.9462552220 43.8667468261 49.1926976829 56.0424455325 64.9519664585 70.2327399049 82.8993032919 87.5879471423 97.6589358179 109.0884340229 133.2495601382 146.0882804822 143.0030622287 144.6845841128 141.0699009430 136.1805943307 134.9779379088 138.7954055099 136.0447603511 129.8631780082 133.8763012318 128.5030465806 119.9004887603 117.0304454863 114.6257172804 105.2401880734 113.5647789342 113.4303876897
36.9520617533 45.8357831812 48.5139756929 23.5779405339 13.5876613349 12.9806175828 11.8877221830 9.5574451188 9.0847655010 9.8040991870 10.1151971903 9.8512238183 9.6843804640 10.8501929208 11.8307058583 13.4879971010 16.6687541205 21.3494806085 28.6849539843 37.1116442839 47.2630442237 51.7057347461 57.7720397268 63.4543650085 69.1664266633 79.2415926699 83.9781390969 93.8034761930 107.4868566357 114.2932281364 129.0081830230 133.0611181911 114.4271007506 121.7399571324 123.4003189020 121.1696618702 132.1157023776 133.7177889654 130.0573437475 124.5820886688 115.3656517854 9999.0000000000 9999.0000000000 9999.0000000000 9999.0000000000 9999.0000000000 9999.0000000000
40.1044190512 43.0537373177 53.3007066697 31.2246274261 17.4811424513 13.5821768199 9.5261516763 8.9089893299 8.4872592415 9.1870535325 9.8360344346 8.1386619131 10.3522454010 10.2338798315 10.8948245907 14.8414853466 16.7107808520 18.7490649550 22.8920826630 28.8955296564 32.4362349347 42.6194269094 50.3823129111 57.6802516007 64.3034381792 72.3419573042 83.1794390688 97.9308206588 104.6268182108 98.2277034782 9999.0000000000 9999.0000000000 9999.0000000000 9999.0000000000 9999.0000000000 9999.0000000000 129.8001125688 123.1257466134 115.1515706442 115.4034269275 112.1407805476 9999.0000000000 9999.0000000000 9999.0000000000 9999.0000000000 9999.0000000000 9999.0000000000
40.7569549279 34.9869787751 35.7712915284 21.8274431827 15.5279879691 11.6047480842 10.2955025359 9.1576719497 8.6070740290 9.9686629255 10.6773440639 9.5607767289 9.9932577868 10.1384660084 10.1849046332 13.3882975060 14.1999632906 16.7721407051 19.8377016932 21.3199068967 26.9399894751 36.8014916021 45.0587477535 45.0951980310 53.2343172817 63.7010161299 72.6721644751 85.1379283704 87.8601903096 9999.0000000000 9999.0000000000 9999.0000000000 9999.0000000000 9999.0000000000 9999.0000000000 9999.0000000000 9999.0000000000 9999.0000000000 9999.0000000000 9999.0000000000 9999.0000000000 9999.0000000000 9999.0000000000 9999.0000000000 9999.0000000000 9999.0000000000 9999.0000000000
46.9047555816 41.4004524937 34.6481576271 31.4086987346 21.0516453953 14.0832361212 11.1345861806 9.3494596513 9.0975739004 9.6596559451 10.6034180353 9.9100942462 9.6138874142 10.0348201086 11.3194095029 12.4302259355 12.3918508325 13.8118086179 18.4430848894 22.1276287339 24.8254608305 29.1827942419 35.0076791947 40.8591439482 53.3497549477 56.2531225733 60.9279944329 9999.0000000000 9999.0000000000 9999.0000000000 9999.0000000000 9999.0000000000 9999.0000000000 9999.0000000000 9999.0000000000 9999.0000000000 9999.0000000000 9999.0000000000 9999.0000000000 9999.0000000000 9999.0000000000 9999.0000000000 9999.0000000000 9999.0000000000 9999.0000000000 9999.0000000000 9999.0000000000
37.7736993833 44.8269294575 49.9479082064 53.4128816798 36.7730918806 25.1290716988 13.0050214939 9.4262110360 9.3257835906 9.4501346248 9.6297209602 10.5862678756 10.4786155571 11.3770281459 11.9287694106 13.0393548170 12.1414526075 12.0597058703 16.9887454540 24.4347837288 24.5428120543 26.9148194056 32.4608604424 40.4075112892 43.7111200299 9999.0000000000 9999.0000000000 9999.0000000000 9999.0000000000 9999.0000000000 9999.0000000000 9999.0000000000 9999.0000000000 9999.0000000000 9999.0000000000 9999.0000000000 9999.0000000000 9999.0000000000 9999.0000000000 9999.0000000000 9999.0000000000 9999.0000000000 9999.0000000000 9999.0000000000 9999.0000000000 9999.0000000000 9999.0000000000
31.5481277648 42.3497297452 46.4391906280 45.4101527575 38.4108107246 30.3673834715 13.7195961579 8.4744667547 8.8336464978 8.9720824690 10.6522989372 11.5588304470 11.3947275822 13.3004344680 14.3507173198 15.7354306430 15.1004928339 14.7553997958 17.9671968363 22.8481853264 23.4465149115 25.3328085237 31.3291762141 35.7231697126 35.7759851322 9999.0000000000 9999.0000000000 9999.0000000000 9999.0000000000 9999.0000000000 9999.0000000000 9999.0000000000 9999.0000000000 9999.0000000000 9999.0000000000 9999.0000000000 9999.0000000000 9999.0000000000 9999.0000000000 9999.0000000000 9999.0000000000 9999.0000000000 9999.0000000000 9999.0000000000 9999.0000000000 9999.0000000000 9999.0000000000
