model_inputs/inputs/pr12.asc
ncols 720
nrows 360
xllcorner -180
yllcorner -90
cellsize 0.500000
NODATA_value 9999.000000
[rows 63 to 83 of 360, columns 376 to 422 of 720]
140.6474718824 103.5993645201 9999.0000000000 9999.0000000000 9999.0000000000 9999.0000000000 75.4282505368 97.4469386274 83.4083530353 69.9293836369 63.3205253980 61.5146925556 55.8476762963 56.0748976422 54.8745892011 56.5018859343 60.1859712624 47.3912354792 9999.0000000000 9999.0000000000 9999.0000000000 9999.0000000000 47.8313026833 9999.0000000000 9999.0000000000 9999.0000000000 9999.0000000000 50.4244964104 51.2091839919 50.9236120270 48.9716999000 49.2769232369 55.2772348747 69.1597080440 66.2301920238 61.0487409867 56.3758776407 56.2634527450 54.2816863745 53.2844829722 59.1104264022 67.6810884615 69.6573950700 61.5086340113 55.7546717464 50.7064709673 49.4877605815
9999.0000000000 9999.0000000000 9999.0000000000 59.6955356305 58.6729806382 55.4178968305 9999.0000000000 73.8339952659 90.8755915007 95.9704454290 89.7809704766 81.0717068380 71.5902498923 62.9450559500 58.5393154761 56.3736381009 60.8552400372 47.3426351091 9999.0000000000 9999.0000000000 51.3802423957 50.1897784998 49.0609561675 9999.0000000000 9999.0000000000 9999.0000000000 9999.0000000000 54.7631921363 49.7252838104 47.1352065797 9999.0000000000 9999.0000000000 50.9384354227 62.6439486514 59.6043415717 57.3018448194 53.8186627091 54.0221685078 53.9936768473 51.9573458587 51.6833393485 55.2342451410 58.0439575715 56.5098256920 55.2686444717 54.2422469007 53.4215333755
9999.0000000000 78.3338624169 63.5344745242 71.4126661769 62.5791104394 60.2422897937 51.6896006302 62.5371815404 94.2783812061 105.2164725261 98.9500139840 83.9565075003 71.1378864362 61.6421765881 56.3810922322 55.7963271858 56.5832448774 45.3910058714 50.4495886853 9999.0000000000 53.6793633364 51.9911369774 9999.0000000000 9999.0000000000 9999.0000000000 9999.0000000000 64.6149935201 72.4888098193 62.0402064524 57.1447988623 46.3545218809 9999.0000000000 50.4098286037 60.7147242408 61.7959740339 59.9960252875 57.1295935661 56.3676644233 53.0013721436 45.7347728661 48.2612660271 53.1743589090 55.0580381532 54.9304928281 54.6438694582 56.2855699682 57.2365162661
76.3894798583 89.5025886130 73.1828738353 69.2772390903 63.9616184053 48.8432021812 9999.0000000000 9999.0000000000 71.4083945495 101.3216064312 108.2133350428 77.3639578256 60.8685688348 57.3204542161 56.2220896245 56.3731760485 45.5046943389 41.9796163333 9999.0000000000 9999.0000000000 50.0756421243 9999.0000000000 9999.0000000000 9999.0000000000 9999.0000000000 9999.0000000000 77.0362825133 78.4001150751 66.1451366614 58.4233638947 50.4686318454 50.6963529624 53.6271325545 59.8956420436 63.0861328100 62.8053888213 60.2486217977 55.4472324438 51.3769750251 48.7526399083 50.9893932031 55.1317732316 55.4967097705 52.0462579443 48.8837119192 50.4789667320 53.2614180702
104.5796888648 96.1931546917 80.0960690249 70.2418772271 55.1288170391 49.8605567263 9999.0000000000 9999.0000000000 56.9408310112 62.8657479538 92.4254001584 78.5237235250 62.3377352022 63.8659688411 59.7321792156 49.5480867103 43.6896157335 40.0456488132 9999.0000000000 9999.0000000000 9999.0000000000 9999.0000000000 9999.0000000000 9999.0000000000 9999.0000000000 9999.0000000000 79.1919456096 82.8641401604 68.9621382044 55.8776295511 50.4329547985 48.4618297778 49.0317808581 57.4978540535 61.7762236507 61.6804232122 58.0179317622 54.0637485101 53.2200738089 53.3614382730 53.0973988934 54.3768173084 53.5091818892 50.2282278612 48.2500070357 47.6538887015 48.2919547940
104.2130644200 97.8774583200 89.7738982458 83.7569008581 53.5375132458 47.7971155196 50.4593012156 62.8484539920 54.9865567591 54.8543484765 77.8048831271 61.6119074402 50.0395030249 9999.0000000000 9999.0000000000 9999.0000000000 9999.0000000000 9999.0000000000 9999.0000000000 9999.0000000000 9999.0000000000 9999.0000000000 9999.0000000000 9999.0000000000 9999.0000000000 9999.0000000000 88.4636496194 86.6323944647 74.7420744156 58.4560800344 50.5928862258 48.6087058671 49.8598306440 55.5446406361 59.9361847853 58.0737976707 52.4642739329 51.4969719225 53.0076381401 53.2081217389 54.1091428022 56.0657933238 55.7547566132 54.6519600903 54.5246505062 54.1523447027 52.8960902011
70.3812756110 107.2961704340 91.8266745284 62.8267846769 55.6108744349 54.5122929616 49.5388692361 55.0447046407 53.8548819604 48.0818482465 60.1284504519 60.7309715124 50.4054862540 53.4324293258 56.5114428755 9999.0000000000 9999.0000000000 9999.0000000000 9999.0000000000 9999.0000000000 9999.0000000000 9999.0000000000 9999.0000000000 9999.0000000000 9999.0000000000 9999.0000000000 66.4056729292 71.9426402939 70.6065685954 64.3710204167 57.9004431493 52.2163498099 53.9542185143 56.1921788030 58.3969939034 59.8135570181 56.4264205168 53.8519210531 53.7605478312 52.1518133464 53.8323262590 54.5820345869 53.1783193583 54.8474035459 58.2418055856 57.3818317498 56.6734771128
71.7064843629 85.4986310005 86.0452390043 85.6662523001 53.7062142394 50.9416462155 50.5155348801 54.0496134781 51.6907180427 55.1384682767 51.8479950260 54.0651346673 9999.0000000000 9999.0000000000 71.8887687544 9999.0000000000 9999.0000000000 52.3186991340 53.2390462467 68.9526189817 61.7558509111 43.5249411967 9999.0000000000 64.4844589988 72.8994518286 71.7194076860 67.7121308399 60.9263395309 56.1043275520 50.5770302843 50.1275522984 54.8314438784 58.9156901697 59.1166405356 59.6736635780 57.9874598770 59.2680994305 59.2011018307 53.8425527047 50.9178127977 51.5000837040 45.0752543402 36.4967562491 44.6102127316 48.1179449125 48.2349384692 50.2941693412
9999.0000000000 66.3266996853 81.8558192113 80.8376159985 72.6395803504 76.1190943304 52.7180208592 53.4417222370 61.2069562194 62.3725022888 49.9355742359 48.9026890718 45.8815499442 50.6652210024 54.3686700985 53.4469698323 62.7515125670 69.6994418395 80.8353245957 70.3997859964 60.1416613790 51.0468527209 53.9136333391 61.6010256344 65.1522661792 61.9090684340 53.9114645217 51.7696629977 52.1031422541 51.6952489852 51.5347706387 54.4827546109 53.8395210751 55.5059932522 56.5012871521 53.1035658787 51.7077102559 49.4387075887 46.4985030703 48.4204147942 48.6913236673 44.2671718192 37.7501629991 42.1289111255 45.1354013057 44.1812772187 45.4892910202
69.7332093841 84.0303981677 81.7117060069 79.0694922907 78.5710273194 67.1005856129 61.5949718049 61.4047287963 57.8649264062 53.3708820585 48.9261877374 47.9380650795 51.8970103003 59.0674319537 64.8346192902 65.1317519951 59.3968046014 59.4507091446 62.7293199068 58.8680516230 51.8974157749 44.7514828993 50.2749517327 55.8204293484 56.3454010407 54.9546609982 50.3351647058 46.9084001379 47.5665843696 46.2328983704 46.1401107023 50.6308216718 53.0001510051 54.6770382207 55.9797337046 56.8790291436 54.9660802935 54.3598911026 54.9866463407 49.4683119468 46.0387797793 47.4615145940 46.7859515338 47.3636066308 49.2484032875 48.5701056314 48.6487346934
76.8757523037 76.2228109525 78.1445482280 73.0692183715 67.3921878333 60.6618852471 57.6963479980 56.7004128825 56.3705216045 53.9398807450 52.8650006745 48.7962708576 44.5707072504 50.4323135829 56.4290608163 65.2968508657 59.6919099335 50.6688184105 46.0685868748 44.9530131882 43.6279647402 42.7287918865 47.3440212663 52.3956638644 54.3995663174 55.0655582920 52.9064156581 49.8821506044 47.0731548266 44.7595923906 44.5671192720 48.0923057185 52.7030890225 56.3658303581 56.5553614288 55.6184275774 53.8229626254 54.5231747674 55.8381004957 48.1827359763 44.3304494256 46.0402602330 46.6822820599 47.9825635557 50.5532534444 50.8754501352 49.8140497366
78.8974107709 71.8269574572 70.8045957726 70.3167202882 70.2566157561 60.4121977813 51.4344958356 49.7370001394 50.6236645742 51.9928295980 54.3840687023 55.2493231371 44.4266741979 44.4117376464 50.8103243192 54.0273548104 55.4077693960 49.5744519867 45.1702862629 43.2019807049 43.6117834761 44.8726443574 47.6951009477 49.2602987797 49.3547413498 48.6312097055 48.5142020043 50.0846427167 50.7001295337 48.6861939426 47.8207273409 49.0788630559 49.8565632734 51.3963340782 52.7870505466 52.7042818721 51.3539478416 50.7494229823 49.9871402280 49.9452773365 47.7635554271 46.1767542874 47.1419440582 49.1249268525 49.6799319517 49.4213476195 48.4022863093
80.9417475248 80.6151990546 83.7753169471 74.5152726886 66.1978530698 62.3125297716 55.0619137357 46.5806022403 52.6850689785 53.8872303441 52.7134427684 54.7642576857 51.8149865675 53.3341771807 53.1946043484 52.6379773510 51.3540751417 49.6486396878 47.4414577475 45.5001586815 45.4270082409 47.4947069306 48.9485265571 49.5999497361 47.7517495165 48.3925879234 49.5333811850 45.4419117887 44.1784247523 43.9264128800 43.5582231148 43.0757319555 44.3224200862 44.5505843963 45.7026507938 45.5547327292 44.6603218443 44.9009285658 48.4801327111 51.5663410770 48.7787458696 44.9843761744 44.6391900186 45.1282394934 44.2067466793 43.8267179998 46.7654420645
81.9139623782 91.9935886050 94.7451012908 96.2165684905 134.5113215502 155.1409150707 62.1507407050 47.0013433951 51.0381303029 54.3705513119 47.5081960321 53.3471665112 49.0796268568 52.9655347927 56.9483652944 55.0504567218 48.9411007147 47.4431692273 46.1041507660 46.7756355065 46.5164382476 49.6995408903 52.9724608641 51.2985722744 47.0667190966 46.0713591892 46.1900312221 44.5604619454 44.0161783481 41.8047106359 40.0013483595 41.4130363497 41.5417933837 41.3269390119 42.7254867973 42.6286255242 42.4644743325 43.3177059749 45.9183396888 46.4839389897 43.0746758357 42.3567736871 43.1298156618 41.3710225839 39.8900974542 43.8168545952 49.7678869287
141.7981709819 102.4541346123 64.2063835985 78.0740616610 79.6078022104 61.1105947173 54.2963306070 48.7641535001 49.4276796235 58.4833505563 58.1007994479 61.8493740913 66.9234686648 62.0979488594 62.4896750087 60.4152765591 44.3684273050 42.0889577363 45.1401632745 47.9190973565 49.4092493900 50.8577224100 49.7547891573 47.8514349670 47.5517468294 47.9816913139 46.9192536548 45.3061579610 45.2195561375 43.3333780384 40.8358291606 40.2078056359 40.2235437068 41.4562476799 44.3793326849 43.9137488720 42.0282779960 41.5924022673 44.3015428609 45.4898945172 42.1086986898 40.0844942196 41.8255312834 42.1765449573 42.7325967466 46.3956209715 50.0551750883
113.7674879283 76.8603395554 82.2347399080 78.1789522734 77.7836004272 84.9038281012 64.2232107930 54.2631901335 61.1041919910 75.5712274695 92.6038749749 85.1941761794 74.3354305741 76.1464780080 114.2206953373 191.6531547904 65.9722347627 40.0523580029 39.6283777663 46.2375047500 52.2276370903 55.6506675202 50.3293843358 49.1866674274 47.4180910969 48.5280918656 43.5313109192 40.7032012590 40.7999399467 39.2400792916 38.4771576792 39.0869466355 40.0936504011 42.0801693108 46.4161681593 43.6624017893 43.1514708325 42.9384788149 44.3328492693 44.6390815778 43.1932960055 41.3440208067 42.0618946664 42.6439534058 44.7748212609 45.1568725985 43.5847251210
71.0762354429 67.4748527817 97.3500962136 102.1588454023 79.6744320542 81.3121909741 96.1369257420 96.4877649676 74.4252714794 81.8182043731 56.4662984689 42.8804535186 37.5691351073 48.8443950308 56.7612246377 68.4266807511 77.3809641832 79.1586306877 85.9166752780 53.0257430510 53.3436445403 63.7402528664 60.0405520527 55.3513659979 40.6051848549 37.0137221762 43.4760296484 47.9637844255 46.9566657557 44.9658092111 43.1445211871 42.3258256051 42.2285258537 42.5467620953 42.6975844894 42.3721675761 41.7321165442 42.9900919553 44.6198545396 44.2300756113 43.1072741048 43.4918997344 42.8593499819 45.6471243524 46.6772843502 42.3348450568 39.0441808559
53.2111156499 84.9263177952 84.9345687311 72.4926429684 61.7870347342 67.9225815693 85.3983656270 90.1098763570 78.0453059706 81.6706022015 42.3518042662 43.2675072807 40.8887294470 47.2459529992 53.0126594240 62.6350847888 76.0328366887 67.9851943860 69.6616054047 60.7468085946 72.0020140288 90.3033537325 78.2006875961 60.9822573024 57.2981814039 46.5890181949 50.6995590404 54.7022436513 57.7973535983 60.1065595401 43.7028030865 48.3196402201 47.7360255900 44.0163763706 43.5891240486 42.1430320130 41.4442013134 43.0748502840 43.2459652657 42.1133852215 40.0608682539 36.9659138960 40.6089897151 45.0482195592 47.6703622844 42.7430636482 42.1192646027
71.6879834072 80.7571340119 85.2397402050 88.9767918270 78.9050487801 64.4215114298 70.4101255978 74.3139168480 68.3108517551 91.0394126549 113.1470364053 73.6949646380 40.5702857533 47.2158865887 54.7088726889 47.8846461629 40.5679613468 43.3538875077 44.3078465760 60.7082885108 86.5539869992 71.3698508916 83.0168060493 80.7344368659 123.9904729882 53.5728366813 45.1389657101 51.7532695667 64.6439425182 64.8131244234 51.0173992370 41.2347501260 41.0657143802 42.7487591514 42.1791428234 39.9184052367 40.0446869899 42.6105771912 43.3165744180 40.5463203206 40.1267955895 41.8939433293 42.1858708723 42.6306198933 43.5467189527 46.0119854542 45.9886612371
120.9413231118 88.0755350227 65.0098031620 100.3953139298 83.2087746821 63.2400056929 62.9376253928 60.9950297512 62.5440463191 75.3797067446 100.1990642399 112.5642185798 62.0084238471 51.5233419137 45.4377014539 37.0260490745 37.5648823392 40.4968901421 47.5649483269 55.6271217065 68.7825224013 69.3916112068 76.6784794978 87.0421595173 55.7241857168 50.1988450997 47.1099304268 45.9296316840 63.2855602889 79.0578796878 91.3470452651 71.5386933298 44.3907661247 36.8538897601 35.7994531514 37.4232892063 35.8011339849 35.8449653140 40.6203995808 36.7625118233 35.8825000003 37.8785664216 38.7675906240 38.5855891218 40.2632802143 42.6953873830 41.5944673587
130.7765519014 81.3777646981 66.4910206106 69.1888314905 69.8514900869 67.1020990703 63.4846907342 65.7684319303 68.8726509106 80.2057168912 82.7667696867 87.3547992669 71.2760636816 70.8006494679 63.2220139378 49.4801885798 50.1050673192 45.6724523683 52.9221537290 53.3112961566 61.3808105118 53.4074926400 52.3250877159 44.8272312060 41.8759704335 37.3953963281 41.7866670177 44.3336413591 53.2345388783 70.4227094539 99.9679343076 89.7402438568 75.6756843184 57.7360232128 37.2668585333 36.7643482459 35.0651552144 35.1735748700 34.7587319557 33.1647902203 32.6966179709 34.5623526082 35.0563196407 34.0801561251 35.9732602956 36.6137120873 37.5220269780
