model_inputs/inputs/pr12.asc
ncols 720
nrows 360
xllcorner -180
yllcorner -90
cellsize 0.500000
NODATA_value 9999.000000
[rows 126 to 146 of 360, columns 329 to 375 of 720]
9999.0000000000 9999.0000000000 9999.0000000000 13.1290389545 12.3535240564 13.7273591099 13.1447970634 11.9548730145 12.2197598830 12.4274111877 11.2254502019 7.8271053935 5.0456807076 4.3369960331 4.1332167748 4.2030043696 4.2742688820 4.4440828678 3.5512879876 3.4813792809 3.3154673984 3.0836635415 2.0223830761 1.5922083021 1.4912799070 0.7863108794 1.2458288547 1.1954651418 1.1743495234 1.0480619503 0.7274324953 1.3384495887 1.3779731926 1.5910721777 1.7654313979 1.9173103537 2.0316409209 2.0989029927 2.1128377921 2.1064860448 2.2809296897 2.5553564083 2.4937952912 2.6975388937 2.4438797809 2.1823576735 1.9690686222
9999.0000000000 9999.0000000000 14.5461301290 12.8441942506 12.8431345947 11.2180715078 9.2075500361 7.5342513883 6.6593209631 6.1539028102 5.6656572124 4.7648141335 4.2873837447 4.1427625183 4.1247728259 3.3134459190 3.3679563167 3.4969390726 3.5162733730 3.4012394135 2.3682381470 1.4523011596 1.4384463648 1.3547730341 1.2880232571 0.6907754287 1.1959087769 1.0288146532 1.0151707729 0.4643601696 0.5352497801 1.2652076512 1.3911086826 1.5404939404 1.7032128580 1.8568690066 1.9839363667 2.0508782727 2.1010360069 2.1159769785 2.2819865462 2.8843834007 2.7536594025 2.5642571054 2.0369613012 1.7437936131 1.6257726675
9999.0000000000 12.3853160912 12.8183876805 10.9629030630 10.1496719581 8.1374154324 6.5040418849 5.0308083955 4.6314919746 4.3263331718 3.5323647608 3.8194537192 4.0411198279 3.5280725060 3.5766958608 3.3283350276 3.5734532430 3.5480394763 3.2699051408 3.0744599171 1.4072579743 2.2181542117 1.9074762695 0.8756700627 0.6888510452 0.6274227535 0.4725495182 0.4497269138 0.3216061227 0.2962409960 0.3833897940 0.4484817591 1.3173945263 1.4933566381 1.6691596247 1.8164674148 1.9074899719 1.9600709766 2.0518620495 2.1148046089 2.1182685286 2.2771002241 2.3318553503 1.9756239908 1.6565362821 1.4435105240 1.3591987772
9999.0000000000 8.9211960003 9.6494524842 8.4799265169 6.6874430995 5.6522694795 4.6391903925 4.0474812995 3.1620863301 3.1365820978 3.4516850465 3.6848087584 3.8450905558 3.4730835541 3.5232239024 3.6105618274 3.5306208665 3.2578210557 3.2397105460 2.3986248707 2.3266127646 2.1938145401 1.0936110948 0.8090850097 0.6198416168 0.4355824890 0.4208002742 0.4191597745 0.2985172598 0.3118497225 0.3565022407 0.4172653007 0.4933395194 1.5010406169 1.6900492265 1.7574299054 1.8393614046 1.8418735199 1.9561369008 1.9961316921 1.9944041524 2.0019749754 1.9832124945 1.6616589346 1.6114640712 1.3609360412 1.1808715935
9999.0000000000 7.2081390390 8.2426189911 4.9722355907 3.8284042166 3.7667216930 3.6171994107 3.6093471717 3.0628868008 3.0305225046 3.4096733434 3.6379139747 3.3666915660 3.4382637205 3.4802365262 3.4419073927 3.2139620271 3.3340299415 2.6345244332 2.8319982084 2.3788220351 2.2144274408 1.6547498071 0.8986175362 0.5371956013 0.3160041056 0.3961633111 0.3642040106 0.3281088179 0.2485404568 0.2844189703 0.3509860849 0.4324922556 1.3280818457 1.5074380390 1.5213424867 1.7042305226 1.7544604525 1.8266456809 1.9446912320 1.9795468688 2.0374205542 2.0268982535 1.8667352106 1.4331606089 1.3539584015 1.1712854794
6.5940878849 7.7546221000 6.7085613700 3.9479691186 2.5840248745 2.5602050118 2.9721913343 3.1313020881 2.7403064414 2.7108346876 2.8577107769 3.0553047800 3.1793181151 2.7752574060 2.7400132385 2.4954613909 2.7121185922 2.6841078434 2.6387586367 1.7693993614 2.3290665340 2.1582664140 0.8765342009 0.4504266963 0.3242264947 0.2324817597 0.2110432313 0.2536895013 0.4525271856 0.4035524294 0.2148361571 0.2654434384 0.3118388563 0.3535042042 0.9175627902 0.3551975246 1.1806189823 1.4039440448 1.6240495479 1.7860193984 1.8881808664 2.0061100204 2.0297616229 1.8414388724 1.5905429391 1.2761830167 1.2500826542
6.5299999187 7.2020516163 5.3123692269 2.8568889247 2.1972046434 2.0891399254 2.2310986042 2.3664373803 2.4263991418 2.3987757450 2.5092339711 2.5933230900 2.5401463972 2.4301077901 2.3603887075 2.3512774642 2.7501309487 2.7506445695 1.4799736200 1.3448288883 2.1411974376 1.7673737566 0.4645699055 0.1677156329 0.1951942700 0.1494405004 0.1485569596 0.1746768444 0.2674024463 0.1919812855 0.2138566715 0.2249276595 0.2018164196 0.1697622149 0.1754787322 0.1839591105 1.2691003249 1.5043959484 1.7038960650 1.8592735651 2.1612575256 2.0861090325 2.1294261514 1.9801590588 1.6710467316 1.4067278516 1.3701430544
7.7490079275 6.4969348823 4.2819157316 2.7146934735 2.3068183273 2.0744081739 1.6393326387 1.5876735288 1.7135973976 1.7862141794 1.9582211462 2.0912509863 2.0845021627 2.2542613387 2.4385437828 2.4203934918 2.6491763274 1.7160177213 0.1442207981 1.0724092099 0.8640920105 0.0000000811 0.0731591980 0.1227282887 0.1242216345 0.0997128370 0.1168865800 0.1420269884 0.1528014216 0.1172130906 0.1224370565 0.1256470389 0.1225155601 0.1257739615 0.1324244829 0.1488834610 0.9363663785 1.5181225590 1.8632154497 1.2709613529 1.8593509176 2.0053107110 2.2393592644 2.1176121372 1.9262861933 1.5339845413 1.4809083332
7.6638299797 6.2979488284 3.6915061610 2.7133638941 2.7848980353 2.5434379313 1.5104113227 1.5645700241 1.5160932708 1.4369825603 1.4316067809 1.4841541924 1.5460528612 1.5814235921 1.6408488955 1.7233053604 1.2885958131 0.7288940897 0.0338468701 0.0367193676 0.0000000811 0.0232368180 0.1435586973 0.1567588135 0.0945267831 0.0759402469 0.0685647850 0.0672587981 0.0705237883 0.0914197071 0.0954342755 0.0834148811 0.0869991117 0.0900225916 0.0917461992 0.0976231678 0.8036735744 1.0779952408 1.2075423019 1.7133201072 1.7102028742 1.8213360563 1.8868766292 1.8406457511 1.6802444625 1.4995731290 1.2086900661
6.6896083808 5.7735505761 3.1333751358 2.8079841541 2.6314653987 2.4631153647 1.8603575318 1.6079350280 1.5299541064 1.3796528474 1.1487534257 1.2166402848 1.0410717869 0.6568081672 0.4271632192 0.1339209596 0.0217122412 0.0552010497 0.0000000811 0.0000000811 0.0091778235 0.0732050294 0.1061615420 0.1018497189 0.0760180552 0.0729686806 0.0417919022 0.0290879011 0.0395464459 0.0486976639 0.0514306943 0.0439883547 0.0518084831 0.0528393713 0.1204780762 0.1694528601 0.7709908068 0.8898777323 1.5169831931 1.5590853618 1.3490399597 1.5495533207 1.6064143510 1.7500739013 1.5005585265 1.5579888714 1.1402238733
2.4103105534 2.5253984386 2.6509927120 2.6983386451 2.5381072373 2.1652960640 2.0346047750 1.8498585105 1.7356581902 1.3909983263 1.1548110124 0.9548526741 0.6193828058 0.2389744911 0.1207540313 0.0000000811 0.0000000811 0.0804740210 0.1424560739 0.0020417305 0.0091778235 0.0502019080 0.1145297683 0.1205504192 0.0945267831 0.0680160655 0.0503318142 0.0339903384 0.0287610706 0.0277805813 0.0299470252 0.0329098203 0.0355524473 0.0349001122 0.0342824362 0.1217840722 0.5239076163 0.8738467532 1.2867092955 1.3907393059 1.4123978654 0.9401765428 1.3214978935 1.4209300698 1.5235528535 1.3324127031 1.0381830753
0.7707322284 1.4290903928 1.9293338828 2.2978641464 2.4782440451 2.0770030933 2.0076673845 1.8755810979 1.4943171354 1.1923940256 0.9019797926 0.4655268667 0.1631960722 0.0582101228 0.0097017550 0.0054559907 0.0610380804 0.1249360863 0.0064927004 0.0174276365 0.0264356327 0.0400722082 0.0940722081 0.1181142291 0.0780011437 0.0729686898 0.0467366899 0.0431415610 0.0287610660 0.0283194682 0.0299470229 0.0309547905 0.0313122535 0.0443589976 0.0688912909 0.1028471429 0.3480734308 0.6114638595 1.1063663051 1.2824388468 1.3372972571 1.2558659710 1.1986729878 1.2233099878 0.7446949267 0.4695669891 0.4150757086
0.7322393285 1.0878551830 1.5415195612 2.0734713980 2.5806452322 2.2772007087 1.9679124598 1.8165099955 1.5833342732 1.6012824162 1.0420788431 0.3444043796 0.1195627195 0.0272508247 0.0134553151 0.0266568540 0.1522826163 0.1350892129 0.0255476533 0.0497852542 0.0624020449 0.0404061501 0.0206531079 0.0452400475 0.0708104715 0.0350418377 0.0500049814 0.0402000977 0.0375854673 0.0335276344 0.0332356609 0.0312806288 0.0081542936 0.0123944828 0.0594228262 0.0953376677 0.1931562704 0.3588588038 0.7043504284 1.1112936609 1.1763354205 1.0827147762 0.9615005711 0.4550985677 0.3120582060 0.1352864526 0.0000000811
0.6216630109 0.7731644864 1.1901073376 1.7181592812 2.2594171423 2.1643981854 1.9260261415 1.8200586346 1.7372594612 1.4436419497 0.7699874341 0.3317391561 0.1239930485 0.0122541719 0.0043055722 0.1157982668 0.0764268771 0.1100014226 0.0587124584 0.2344199377 0.1755819426 0.0763919810 0.0593969223 0.0629426423 0.0862182748 0.1183452184 0.1018504096 0.1005827398 0.0498031466 0.0377592664 0.0374715657 0.0309547905 0.0349001076 0.0231580428 0.0264464690 0.0519133603 0.1000098799 0.1732196702 0.3485581365 0.9029627590 0.6126072772 0.4205716054 0.2453060715 0.1137747064 0.0437788905 0.0000000811 0.0000000811
0.8717034252 0.7338581327 0.8416290584 1.3034687145 1.7921692925 1.9361544601 1.7815862884 1.6960735884 1.5766169799 1.2228831492 0.6395196569 0.2562742911 0.0834603718 0.0056303389 0.0827130635 0.0774194343 0.1035689248 0.0563446055 0.1077466150 0.1752941544 0.1030283964 0.0510204911 0.0771175293 0.0879467814 0.1058878154 0.1557173723 0.1740756127 0.1262130291 0.0654937194 0.0341786572 0.0091235737 0.0078281244 0.0065234509 0.0084804611 0.0117540303 0.0404859061 0.0551783413 0.0222244807 0.0236998834 0.1231073805 0.1161949380 0.0608954019 0.0154707846 0.0006584090 0.0000000811 0.0000000811 0.0000000811
1.3736243600 0.9867972776 0.8140517784 0.9359578835 1.3872638938 1.4892198251 1.5114923426 1.5232603873 1.4931829264 1.1167532020 0.5271359423 0.1702325919 0.0416874256 0.0572374701 0.0504651507 0.0036245822 0.0471185996 0.1855086657 0.1629362230 0.1984859514 0.0954576102 0.0523371462 0.1243486491 0.1352017332 0.1522660132 0.1540782355 0.1727643032 0.0750721996 0.1139480958 0.0075095488 0.0058651832 0.0049025224 0.0032617660 0.0058711136 0.0091420428 0.0375474218 0.0434243996 0.0298625797 0.0285499442 0.0118499831 0.0000000811 0.0000000811 0.0000000811 0.0000000811 0.0000000811 0.0000000811 0.0000000811
2.0936182682 1.6604593075 1.3378783588 0.9474140134 0.9070289234 1.1405410924 1.3076514970 1.4266711005 1.4642244987 1.1020124630 0.4477711473 0.1187759154 0.0618060022 0.0000000811 0.0000000811 0.0332795930 0.1863068333 0.2346939682 0.2797894401 0.1988151048 0.0855827041 0.0467413587 0.1568512314 0.1119024254 0.1545631253 0.0892594169 0.0642539472 0.0475348344 0.0170156929 0.0604023302 0.0030797723 0.0052208776 0.0078599143 0.0344217951 0.0478626480 0.0472550255 0.0498803057 0.0465987077 0.0045943117 0.0000000811 0.0000000811 0.0000000811 0.0000000811 0.0000000811 0.0000000811 0.0000000811 0.0000000811
2.5093656914 2.4936945119 2.2786194277 1.5982857058 1.0029932018 1.0093115770 1.1022890903 1.2209611969 1.2240843971 0.8889993760 0.2835801927 0.1058777780 0.1209266287 0.1298231359 0.1398947477 0.1919026254 0.2452272088 0.2814352072 0.2183421234 0.2676663657 0.1591530031 0.0743152821 0.0841801555 0.0721951323 0.1407804433 0.0580315167 0.0378847824 0.0144094446 0.0052452948 0.0079769952 0.0228549820 0.0275094952 0.0327493829 0.0521243945 0.0538182122 0.0869623047 0.0498803011 0.0124701363 0.0045943123 0.0000000811 0.0000000811 0.0000000811 0.0000000811 0.0000000811 0.0000000811 0.0000000811 0.0000000811
2.1925561250 2.5273780739 2.0470828422 1.3339948200 0.9488639680 0.9429025931 1.0194078495 0.9968271743 0.7003005448 0.2984779574 0.1458196932 0.2323898207 0.2906518157 0.2430042630 0.2107790724 0.2505672956 0.2873961216 0.2933149710 0.3015356842 0.2653645940 0.1387656587 0.0624774728 0.0680675510 0.0599922145 0.0531078720 0.0306119761 0.0158674776 0.0151527402 0.0049174692 0.0058949559 0.0016325741 0.0130998031 0.0343868506 0.0504340071 0.0523989684 0.0462705489 0.0049224712 0.0072195874 0.0006563998 0.0000000811 0.0000000811 0.0000000811 0.0000000811 0.0000000811 0.0000000811 0.0000000811 0.0000000811
1.0450955915 1.6923936710 1.3766515694 0.9657629162 0.8722236762 0.8396343210 1.0245319754 1.0323900342 0.6517378933 0.2440708070 0.2828330225 0.4864990146 0.5390579554 0.3951778399 0.1185862452 0.2657513567 0.2916708615 0.2979186249 0.2288645899 0.2607609954 0.0588603629 0.0322252642 0.0411036258 0.0447207450 0.0478626526 0.0288749883 0.0036061655 0.0294744542 0.0055674629 0.0045849834 0.0019650393 0.0029475188 0.0173572135 0.0409367101 0.0108073517 0.0088423938 0.0016425488 0.0000000811 0.0000000811 0.0000000811 0.0000000811 0.0000000811 0.0000000811 0.0000000811 0.0000000811 0.0000000811 0.0000000811
0.3680053715 0.7194766040 0.7239998849 0.8734643370 0.8857020957 0.5628770814 0.7761585448 1.2324151903 1.1805009644 0.7189220969 0.5017556950 0.4252946401 0.5913432524 0.3403193928 0.1842849488 0.1366534007 0.2161487926 0.3071415322 0.2158203206 0.1685172629 0.0042704968 0.0305499789 0.0512450713 0.0505880905 0.0432730879 0.0036025042 0.0032816742 0.0042661523 0.0052399699 0.0052399694 0.0045849840 0.0245620602 0.0298019478 0.0255445385 0.0062224483 0.0000000811 0.0000000811 0.0000000811 0.0000000811 0.0000000811 0.0000000811 0.0000000811 0.0000000811 0.0000000811 0.0000000811 0.0000000811 0.0000000811
