model_inputs/inputs/pr12.asc
ncols 720
nrows 360
xllcorner -180
yllcorner -90
cellsize 0.500000
NODATA_value 9999.000000
[rows 63 to 83 of 360, columns 517 to 563 of 720]
44.9696329306 42.8657055600 39.9830548558 38.9109353127 37.4020135787 37.7372184594 38.1963005348 38.9864172321 39.0439168259 38.5308618424 37.9797205387 37.8169154283 37.7398446144 38.2100041606 38.2322887599 39.1692862613 40.2006485383 43.4529223130 45.9660631022 46.8684608932 47.9848455288 50.0052828575 52.2090937011 53.0011976953 49.9577951850 46.1234579561 43.3174513746 43.0650151684 43.7180413865 44.1257602070 42.9658011999 39.0705979953 34.9569406535 31.6225653514 31.2182694906 30.7928960246 30.5025550188 28.5294214846 26.7599705548 25.9958890965 24.1804780962 21.9799251936 20.5141652841 20.4333296861 21.4492462110 22.4613531609 23.4604142024
44.3371161819 44.3087989697 43.9136970090 42.7489713184 40.7339324593 38.3500484750 37.7755829541 38.6850553332 39.7506613517 40.9295220743 41.5267813951 41.0651155980 40.1271586306 38.7246551109 38.5797663184 37.6549825596 37.1230093588 37.7267350559 40.8707046881 45.8322894992 48.9897340885 49.8135028174 50.2064736793 49.5336310705 46.7332822736 43.5677706264 42.2911198111 42.3227185383 41.8643153971 42.0548082911 39.6707215696 35.4345614032 32.6119350793 31.4453988976 32.1511226648 34.3986634689 37.4165187241 38.5815485206 34.9495407427 29.3819930521 24.9571646273 22.0351805328 20.7502976409 20.3744180035 21.2899960752 22.9381535319 25.0767678372
41.8587707682 42.2828358714 42.9912612308 43.0733981193 41.6283197701 39.3396280124 37.0933107042 36.3682019524 37.3742927914 41.1322074942 44.4356936496 45.9824282443 44.8783351458 41.5259610163 37.5495945336 35.5173937278 35.0114722678 35.1073151396 36.7649234540 42.2970510554 43.7925591250 46.0611138842 46.8802668038 47.6026668912 47.5696442882 45.7216515206 43.4415784548 39.6565582487 38.1610761106 37.1159064816 34.5675271237 32.0856550243 30.3082148312 28.2301576808 26.7884032801 28.7243156636 35.3851689433 39.9849077803 38.3036404965 32.8501938202 27.3482764314 24.7326755198 22.9851744371 22.4744155712 22.5153685024 24.1097557882 26.6641088238
37.6948746562 39.2893656681 40.0191609515 39.9882694473 39.3082438095 38.4159663809 38.0466379866 38.2438353554 39.8719878285 43.8965916401 48.7337617669 53.2092862995 56.5515707131 52.1845672047 43.9992804313 38.0269795423 35.1376220060 35.0343014288 36.4935171674 39.5407457545 42.0291596674 43.0770096718 42.2252679127 41.1613497999 41.1063325591 42.0629555010 41.5433728485 35.3871774569 32.3495576740 30.5281093461 29.2464961822 27.0678860543 24.1861476679 22.1015157003 21.6632330557 23.5423318518 32.3992919584 39.3667335156 38.6398331320 37.6508688787 36.6134244832 34.4219075341 31.4271784737 27.1195416281 26.1633383052 27.0447009243 28.5876141570
37.0588925143 37.2288028593 38.0198271596 36.9415146997 36.0999050899 36.7696382746 37.3756176559 38.9446109184 43.3069326100 46.2614984717 47.5544012734 51.1216344894 56.2506661518 55.1414763322 50.9789640200 46.3709388860 41.3616825244 37.0472091890 36.1024322337 37.4934457359 39.8353348137 41.2386728567 40.4294823529 36.3517000806 35.6391846144 39.1872968758 42.0745351003 39.5971467951 30.2669247903 29.2643677094 29.7662792145 30.3259496286 26.7118298798 22.5660952565 21.1207929533 26.0802466655 36.0419481585 40.8035609289 38.3605813840 36.9926516432 37.4493291602 37.5705896295 35.4249478842 28.4353843890 26.6351456812 27.5868015597 28.6346822104
35.5779791716 36.0963784042 36.7189233075 36.2124289968 34.2158910935 34.4781647727 35.4916908836 37.9215137218 42.0233180048 45.9393394995 47.1699689515 46.6513669817 46.1966366856 47.0539277885 49.0173110738 49.7048262041 50.8894578670 53.0935421702 46.5677637840 34.8835049663 34.4655856316 32.8452149697 29.7535185528 28.4029087052 31.4211717923 35.7459187217 38.0134645093 39.8046507617 36.8743921572 34.2484563589 33.8017719041 33.2993346965 29.8915684980 26.9501451985 26.7503311043 29.2439596087 35.4711154068 38.2655117428 35.1707978407 32.5407719356 31.2707690173 29.4889298966 25.6178382842 23.3074984280 24.1360597720 25.3642775933 26.8237408600
33.4236032213 31.3630922756 30.6826776650 31.2791024626 30.9808712045 32.3791526025 35.9890455147 39.2051141826 41.6295786272 44.9845977710 46.1921198876 41.6401539696 40.0892939069 42.2327974811 45.8773160353 52.0194683340 65.3500623303 82.2778522270 91.3042158354 90.7469429076 89.4712822046 60.5587296886 27.7504317637 19.0229182335 22.3567312933 27.7056692576 28.8699517550 30.1745567413 31.9996189792 31.7548797175 30.4727219918 26.8591255881 22.9098386772 23.5876059160 25.6538830872 26.5414598398 28.0325076892 28.2622373197 26.3821649132 21.7997671862 18.6167989159 16.3535801548 17.1347728756 20.1834677719 22.2191599023 22.7381437726 23.2975855179
31.5490990179 28.6260187277 26.8772493582 28.9898284245 30.8880882512 32.8390055511 36.4441223501 38.8808995485 41.7993923184 42.4341156031 43.4091593488 40.6058779336 40.1451881044 41.1646690336 42.7104088012 47.6049912977 60.9468065668 79.4876874425 116.6177100968 154.2696633842 165.5531718861 114.3168871058 44.0194174298 16.5843694413 15.2050887700 23.4640163253 25.9853679745 26.4377031417 27.8902049758 29.9076978990 30.0628626428 26.5267708164 22.0049773925 19.5920100377 18.5337933217 15.3429819475 13.9938678767 16.8889138440 19.3597355828 17.2232629848 14.6879118547 14.2923348758 16.0280170821 18.5830761620 19.8968255427 19.4088592980 20.0321856828
29.8059968627 27.8641013720 25.9550186747 28.6608683236 30.5308722309 32.7123065363 36.6803702200 40.3299100581 44.1558690509 45.2810704010 45.8289419767 42.0916451840 41.6075415560 43.0282537127 43.1975629181 42.5729623530 45.2593020746 53.4739386057 90.9613352269 132.3419383261 121.3079664158 88.2552545518 42.9210575530 16.5172315756 12.6684811403 15.8400984801 21.2587768910 23.3461764583 24.6954449394 27.2802627878 30.4436221195 30.8457420906 22.3968190548 15.5635011761 12.0425509958 9.5978499521 9.3705054314 12.2507221095 16.1362752551 14.0941214631 12.1052227478 12.6036771107 14.4310578617 16.7898165673 17.9298094881 19.4765429042 21.1258519557
28.1546474725 28.7178209983 26.8427415867 27.2175910359 28.3760365855 28.7181934691 32.4074368109 38.6577188037 46.7500717496 50.8494007518 49.6442737640 45.0511427480 45.0246973196 48.2600354590 51.7039949773 48.8428155659 48.9420483937 54.0595711791 63.5772756650 84.1390464921 86.9119173149 53.7671202910 26.0152717237 10.4614206066 9.4167142088 12.4705753697 16.3822545146 21.6733510606 28.8635301695 40.0521505508 56.1633288162 73.5250189318 59.2419887544 17.2229282325 9.8542725391 9.3359911771 8.6898379886 9.0688594646 9.1474508081 8.5643165003 9.0169693285 9.6226404785 9.3012388243 11.0523125622 14.5139373344 19.8296534945 21.4419971744
28.1154673139 29.3703993084 30.2219312580 29.8952696321 30.6079029688 31.2286397384 32.5453382393 35.0852191332 42.7121579996 44.4636713946 42.7717014682 46.2683868245 51.2471335824 54.4279071037 59.1537084547 67.1176862670 73.3324420871 82.8919670312 89.5401185844 84.9377088016 59.7867202596 24.2829335039 15.7219745452 12.8885948943 11.6630786652 13.1743695965 19.0373361547 29.1249811125 43.6419819016 60.3809290915 74.1963339387 84.0049758554 65.1187720941 27.4236758414 14.8122499231 12.8846497682 10.8179270464 8.1537758597 6.5403183035 6.3624705581 6.7185945081 6.7444034357 6.7681849905 7.6768540821 14.8563995026 22.2835337045 22.7474201820
27.1704734769 26.1338471028 28.6116173083 30.2193121752 29.8163741827 31.3218705996 34.6491783857 38.4214638616 45.2344408259 47.5211240700 48.5916004982 53.7044414668 55.9519398375 57.6743957936 60.2000780054 76.4025682001 89.0852704179 96.6629111208 90.3079459677 82.5545744738 45.5023180693 20.5923487956 18.9909965411 18.2012087025 15.4797388532 14.9654096895 20.2139042958 30.9426175081 48.7274061888 65.2540261508 71.1243737605 70.9432539297 42.1252524247 20.7627046912 14.6851489699 13.5319993424 12.8517061385 11.5085893194 8.6018747606 5.1807119889 4.1320047712 3.5240118668 3.3855399452 4.2044087968 9.3772853434 17.1420395927 20.8868482732
21.4356227370 23.6876355484 29.8240404809 33.8533661852 34.0170765412 32.0808105462 33.0401020765 37.9324945388 43.8856862602 48.8088264246 48.4734942438 51.8582591903 49.1411316907 47.1582573373 48.2465322129 59.8191912286 71.5414043516 70.4253073200 63.7835113448 56.4257510123 31.9533312286 19.7031088901 19.4779361336 19.0720879182 18.4014023398 19.6118452877 21.2447102240 22.6517635456 26.5728911909 29.9557324906 32.9955423076 26.4017502777 18.8437762699 15.1333657413 13.6965041456 13.3147852030 12.6436835417 12.5733242749 10.7231237926 5.0337186185 3.0150222374 2.8254893987 2.8195171944 3.2685676051 4.7711172592 7.3544045590 11.5685547644
20.9718164115 25.1387347234 31.7831922148 35.2386912564 31.8084777973 28.3803624334 35.5767816072 45.6874549272 51.4969247743 52.2643561126 45.2870817971 35.8726507402 28.2872848038 21.5077406319 18.8956840866 26.6212534625 41.9433357893 47.5826477632 32.4641773186 26.8117793603 22.7815884864 19.2020366230 18.6645081849 18.2529078884 19.9292587931 21.8010967656 22.7919658064 24.1860557289 23.9439638390 20.6814424018 17.3225358885 15.0639824424 15.1283868909 14.5859078912 13.7543349556 13.4954995592 13.2766481984 12.8068505146 9.6837380697 4.6954270038 3.3115396582 3.1950759294 3.0514259561 2.8504867878 2.5597541571 4.4001551796 10.8155330963
21.0652735841 26.2731747644 29.8726903566 29.9523873255 29.4452329399 35.0380921445 57.8661522595 76.7658781260 76.2285771780 67.7302027470 52.1533409483 28.6748524813 17.0285420754 13.5298894602 12.9900153988 14.0253923455 19.4981320674 23.1797055749 18.8212759676 15.8374133898 14.6974876552 14.6769817220 12.3274463840 8.2269799314 12.6328547776 17.7150376257 17.9823078361 17.1698688209 17.3331383412 17.9715097183 16.2386493321 15.0537548179 14.6000606037 14.1551677807 13.5685804562 13.0110305327 12.5298406638 10.0377126510 5.6266131942 4.0184412464 3.7677253604 3.6522078371 3.3412053090 2.9357843741 2.3319474367 3.9599848387 9.0629182014
19.6373076760 24.4507740426 28.5179739003 29.1990674450 28.7742055370 39.9841911276 61.5255790763 71.7419020948 71.0830672178 55.3092673654 40.6668217038 35.7001873199 26.9998653384 16.0364754702 13.8121905184 12.1593465301 12.5934306270 10.9316426242 9.1729391279 8.0320710185 7.6088233473 6.2437667002 3.5356506960 2.0133447651 3.7667576435 6.7851306449 8.7840153501 9.6357341245 9.5176272807 11.1402746115 13.2702725823 12.7864153037 12.4829482374 12.2536676936 11.4523261873 10.1375536906 8.1733423649 5.8149072138 4.5589052497 4.0090378316 3.4894625460 3.2074983028 2.9837886141 2.7451845126 3.1079575383 3.7802826955 4.6290844693
17.9419348278 22.8804559156 28.4389417211 30.0399533298 30.0896640401 35.1008864818 38.3700723178 52.4537928868 59.6629609354 46.7552769114 40.2212853078 46.4988095337 47.8496527649 28.6205212469 19.5407127903 19.7395709547 19.8254973802 15.2393513708 8.3009377850 5.9579819790 5.1507711105 3.6195491593 1.7010293068 1.6887611964 3.5045343539 6.4058345306 8.4868838239 9.7140673315 8.5017667443 7.8742889600 8.6975649901 9.8212788143 10.9336464229 11.4583305112 9.7537071852 7.5019754950 5.9062415385 5.1856454593 5.0818810996 4.8504255501 3.7780720340 2.8282396124 2.5720772246 2.5627448267 3.1081997622 3.8482609780 3.8144454011
15.9570130636 19.9705488340 25.0636323472 29.5917035546 31.4065134153 32.7431461774 34.2139085114 41.9069043710 45.2299617464 43.5263462132 42.6487625227 49.5037721121 47.3945594276 33.9684997452 23.9796951064 24.7121047578 26.3172536215 24.2543970526 10.4580648331 5.2808176479 4.5561665283 2.7773628681 1.4726454629 1.7399261342 3.1447298970 5.5920423620 7.0616360099 7.5852539594 7.4000351815 7.5446228147 7.4802773015 7.6636903032 8.4281147647 8.7055966869 7.2314043209 5.5861641595 5.0988155563 4.8764716921 4.9624499807 5.0148805531 4.6509214553 3.4978469703 3.2472742969 3.3417637205 3.4173758868 3.4678294760 3.1540219243
15.7237296371 16.4064745477 20.0670140621 28.7233703420 33.9887758309 34.4668751350 35.5123064364 43.3443494258 43.6770365923 39.6078447229 37.4910199607 34.5379015489 29.0116604010 25.5251119088 23.9810694766 27.1077121433 30.3895737743 30.7940535131 20.1365694520 6.6785020317 3.4126150967 2.4244156757 1.7540349399 1.9460153599 2.3273130628 2.9808168038 3.4605771980 3.9718767948 4.6012405073 5.9471166751 6.9170937568 6.7336595384 6.5966439070 5.9528074635 5.1765700191 4.6082157896 4.0896011487 4.2630971147 5.0931377336 5.5859667264 5.6986845302 4.3288049164 3.3029916885 3.2626012944 3.2027330926 2.8896554541 2.8486403462
19.2206012289 19.0171944414 21.1760011443 28.7040301482 33.0531291256 33.5243212176 36.8021493196 41.0636162851 37.4474125856 34.6323724079 31.6500126792 28.3689195639 26.4295488596 27.4058821087 29.9487262673 31.6135270405 34.1322643217 34.0897460701 29.9955232185 11.9737487985 3.6168301813 2.2058665054 1.9310785137 1.9872326156 2.0905691053 2.2215300232 2.2639505896 2.3549635698 2.7107371498 3.6118754942 5.4951445491 5.5999679753 5.4269865141 5.2650648431 5.1117565599 4.5939841038 3.7243089355 4.2968891175 5.7299278778 6.3465256244 5.9175777351 4.2584798321 2.6521404761 2.3435501680 2.3936529451 2.3652175678 2.2322441582
25.3795724711 24.7518860560 27.1480592201 29.7336762305 30.0413960649 31.2707595876 33.2762556500 29.1250801238 24.7334699670 24.8742615804 25.7081318123 23.2133363897 21.6157100222 25.6675089186 30.0509294320 26.5172987420 25.8879904286 26.6927607881 24.9427325616 18.0052654759 9.8922627949 4.2409928574 2.5170623412 2.2563270195 2.1786549187 2.0994068891 2.0361230945 1.9912038206 1.9493955915 2.1681762300 2.7370841563 2.9928572767 3.1143036867 3.5531149806 4.1094010376 4.1572974260 3.8837447173 4.1803048662 5.3924592939 5.9051842400 4.5656512739 2.8165536351 1.8733761826 1.8417241190 2.1740277643 2.4458863791 2.2982011087
