model_inputs/inputs/pr2.asc
ncols 720
nrows 360
xllcorner -180
yllcorner -90
cellsize 0.500000
NODATA_value 9999.000000
[rows 105 to 125 of 360, columns 141 to 187 of 720]
28.5026507336 37.6708573604 46.4951979811 49.9908177881 53.7208018941 106.2725640368 68.0251619196 14.0819171502 41.1821327289 40.1155460277 28.6563326663 22.0493839297 19.2677553277 16.2529552763 16.6019345052 17.5520887133 16.5269971476 20.0472495344 23.9575118758 26.8820702622 31.5188628738 36.1325316480 41.2700358429 42.2081201104 47.2068058443 46.0500529152 52.7871495578 51.4013600769 56.8660681020 65.9293581848 69.6213219780 73.6074575689 72.3906472558 79.2207343038 82.0842616959 78.0338913901 86.4938164596 95.8143000025 100.0485860277 106.4025610685 110.6252014870 111.6421128390 116.5270818165 118.6043280177 117.5369303674 126.7732072156 123.1541392626
17.4020324775 21.8637213693 30.4853930720 33.2524717378 41.6741949739 56.3131752424 71.3547493215 32.7599215088 46.7876913026 26.8288210791 22.3109692452 20.5103745684 17.3737883451 16.2937750138 17.1069306816 20.6109605497 19.6533015260 21.0327507521 26.9337588397 30.2793294832 33.2625496667 35.8600881009 41.5796581074 44.4924695184 43.3162443805 48.5882576904 54.4384258683 56.6779656219 63.3994467789 64.1427618102 71.7555656447 84.6452390542 76.6993802972 83.9768943843 87.1124857804 90.6249422114 94.4989310810 104.7322793165 110.1830361877 113.1887625670 128.5913740285 132.9841157421 142.4456761451 132.0800111862 129.6451552771 128.3740585204 127.8889034875
20.3966578119 15.6121534092 21.5348956408 23.0160918727 31.4266834175 40.6978310784 32.1888907347 35.8571578399 43.1219654856 24.3564611301 19.1960016527 18.0681706115 16.1236442509 13.5402137385 14.8951517913 17.9853123554 19.6938654844 19.9603271030 25.5251802737 28.8374689990 32.2902475891 35.1997326943 39.9637665250 43.1604195619 49.4634038187 53.6629699054 59.6841021907 58.8943886105 68.9249995630 75.8511746535 79.3624052312 85.0928263972 84.5409095054 95.9039664594 97.4855907261 99.7097978834 103.4897638019 107.6841718750 117.2471386380 125.1153914491 127.8837831924 132.5092295883 144.4049763959 150.1187919639 138.2589532295 133.0621931702 138.4580223821
36.9896105840 26.6456243698 25.8441449550 19.5874178025 20.7006812270 33.1711740873 25.3826135304 40.7531783567 39.4967776956 21.9844938547 20.5846801400 18.6409105081 16.3493273867 18.6627908115 15.2643434558 17.5147933041 21.2727091857 21.9875349139 24.4219028391 30.1015901787 33.6643396004 39.1309359111 41.8746314244 44.8892405257 52.0390678430 59.2893632711 67.2139723320 68.3000689605 72.3040171433 78.1343029230 103.2393691130 105.5918571074 112.2580852825 106.2802869128 104.6542584663 107.7976010274 113.2471226156 110.1048644632 121.3396217208 123.0063767871 124.3113165256 133.3321732236 149.0942048840 154.2231563944 151.5357935568 155.0602916395 152.1728223888
38.5809709551 45.5210830551 35.2358788659 17.0528917661 18.3843346895 20.8681327931 24.8217714834 25.0809003774 26.0516866401 30.5342173961 19.1719124559 18.7217555358 18.3053473011 18.4654519981 17.1873749496 19.8237316799 20.9476199525 27.4552109186 28.3760978782 31.9651442114 34.7547054989 37.1774066007 44.5158125949 53.8141789148 61.6163912346 66.6985952994 74.0909671295 80.0890250830 79.2536343215 88.3199701784 100.1736042090 103.4875855548 104.0576922242 110.4890186107 112.3536546947 117.8446478443 118.8527990598 120.1476868009 128.1619198853 123.8871335518 132.4637409998 142.5426411442 162.9624911584 173.9021383692 176.8762094434 166.6822393890 163.4668637998
27.5972543168 35.4171707877 36.7061461438 28.7619305018 17.1115901030 16.3357864221 23.1055320182 20.4010661691 20.3426118242 16.9725182204 15.4118324717 16.9304372685 17.4605976208 21.3891911844 21.5452635312 21.6453355970 23.3018241415 25.8236307709 28.1393360929 34.4719529967 38.1226243917 44.5091977017 50.5413956707 58.1899708486 64.2265536007 67.6507721655 75.7643700927 89.1447337344 96.4192209067 95.0994200539 104.4123315951 118.1912437314 116.7503945762 116.3297477178 114.6172306035 116.5993694449 123.4723707894 126.1368007399 133.3017626312 136.7805175250 144.7020572377 145.7087279996 162.2916853521 167.0111452695 167.2065274324 159.1942557134 172.9812962003
25.1499748556 28.7969734054 32.2166586702 30.0001107389 17.6260253502 12.8018528048 19.4552154135 22.7292846248 19.0713889460 16.2042075681 14.2948384455 12.8048915067 15.0243755925 18.5626044113 21.8260193069 24.7074724466 24.4013509364 26.8479514634 31.9812712551 35.1685017231 42.3320774571 50.8848467725 56.2629388296 63.3192005334 62.1091371286 68.1786246132 81.0331207467 92.2893775860 104.1362882825 109.3715589959 124.1554068401 116.2734433310 122.1892889589 122.6586116245 126.1052680202 127.1323822439 132.9074056121 136.2260829192 141.1991153145 146.4135559509 148.9833500236 148.7224507146 153.9568067528 162.0886274613 159.5663116314 155.4635125212 154.7094241250
44.3675362039 39.4894909405 33.4928144293 22.6658985775 14.2854099831 14.2670952628 18.5138673114 25.3357953625 19.6169325791 16.7861283990 14.2547719006 12.2969815711 14.4825684547 20.4978520051 23.0678936059 26.6792693292 27.4830566486 31.2218716135 36.5890323592 41.7296836968 50.4578867694 52.2690049256 61.1535467324 67.8506758413 72.0117218443 74.7521075536 89.4391554175 102.2983946605 103.9201891981 112.5415497227 114.6802300354 121.5778050246 123.4993867110 129.4022665825 136.0727098072 141.9540146599 145.1183287427 139.4277855288 149.0335251438 147.5961555261 144.0231702290 147.2474285401 152.2319462383 158.5153026972 156.4011865994 149.7059245594 153.4149229992
39.5426128234 39.1416904167 35.7121063862 26.5598052065 14.9364889803 15.3286029235 19.8359029891 35.9891091648 20.8532151009 15.7286259782 13.8586656831 13.6812481651 15.7838942832 24.1196804855 26.0481057339 29.0515831439 30.5233261606 33.3861746185 40.6393955927 44.3035890930 51.9505895209 56.9003589917 62.4174250988 68.4104334796 75.5984932766 85.3730564704 95.5241405172 105.8788482333 105.3192367544 115.5732076149 122.9565599933 128.9404310519 130.4556517862 134.1186807258 142.0682830503 157.7481919667 152.7461068472 148.2058101101 146.0547581082 147.4484967766 151.4019869501 157.3908557184 150.2793598920 154.0886708535 157.5224557891 153.7833202165 153.3170527546
27.0628411963 27.9006270866 33.2619131659 27.2721132205 17.1268189733 14.5859420736 15.5501275876 29.7737121291 21.1359841051 15.5810002325 13.6962790129 14.4919368031 16.7586009193 23.9210498112 24.8306353460 26.0543269396 29.1202592198 35.8161671902 42.0374388923 46.2872461067 53.9283247199 59.2392588733 67.2324921470 69.6715819649 69.2658622283 81.5166916000 93.9335863804 107.0448516402 109.7079520114 116.4313143818 127.5326044997 135.0232190453 143.2980779791 146.5278526302 144.2873982014 149.6378048323 153.0341352336 157.6900676591 153.2411158551 153.9984574774 156.4450815786 154.5012742281 150.1324177952 154.3567838380 154.3040627148 151.5443933895 149.4807164418
27.5393421762 23.4377288434 23.2743084489 19.6065941564 16.7033444013 13.4620573372 13.7280616182 16.2812772032 18.7706376164 20.9395835409 14.8414971336 14.2423872458 16.3040226762 19.9194260349 21.7807499575 25.0370101130 29.7243951063 34.4391095568 39.7986110765 42.9106047959 52.6624472695 62.6645099837 67.9268531967 71.8216815731 85.1221808698 91.3396524265 99.4495963678 111.0371353570 117.1984722605 117.5502733095 130.9385908535 135.6104499428 149.5204152307 152.9864023905 148.2389270095 153.5549720284 153.1259610783 155.9290161822 148.9045936614 159.5656138379 160.4598267004 158.0213215202 152.4723455077 147.1341031138 147.4541828502 142.6148721948 141.4020223310
29.6441417886 21.1916614207 18.6242176860 15.6438464328 12.3297153914 11.9744194817 13.8611397851 14.2456263275 13.4122252202 14.9796449114 13.6426361423 13.9758973382 16.2601512711 19.5912615600 20.4126033350 24.9421832850 30.5919079401 37.2165655426 41.6089041391 46.6220926610 57.2668749955 65.5077966512 70.7055091043 75.5204865709 79.7320943093 88.9636657666 100.1482290449 103.7893057801 112.1193752624 118.3688133024 133.0978749320 141.9012935366 148.4816365410 148.2251597336 156.4776138403 153.8807378383 153.3452756703 158.1787022296 172.6800757460 165.1805879083 159.2338224873 155.1516365726 153.3753845142 150.5389107624 147.3669115221 144.3810251076 146.1144288769
22.2092634940 23.8775650214 15.6552232947 14.2617769452 13.6371704866 14.0038126119 12.6474860444 11.8845797551 13.5100907501 13.6787646334 15.9257667692 16.0085825919 15.9454652894 19.2692181008 20.9801404271 26.9023722794 34.6889761859 40.4215378803 41.0261664656 45.1112331357 51.9885249669 60.2417287300 63.9371249126 72.4663767032 79.7365545295 83.2542349817 92.4523972208 97.4108136725 105.2200275008 114.4744375488 124.1598953493 131.6331216367 143.8148505986 147.2212235676 147.5040279329 151.8450197764 168.1081897113 170.1959688216 171.1820263881 165.1941100135 161.4700430073 160.3886894882 159.9912866950 155.5941413390 154.3014884228 149.3595172651 148.2253860449
23.0076452717 19.6029778890 17.6147133170 17.1227288665 16.3675949589 13.8877125137 12.2074612736 11.5612951195 13.0512019823 14.6522418800 17.2217931395 17.7505944448 16.6251090268 17.1941631124 20.6523095258 24.9552904861 31.9084107759 35.3057642933 38.3726395376 43.2940988685 56.9981820881 57.8165806364 60.6011112104 69.5104812621 71.5162790730 82.1436401457 86.1289647873 88.3301730501 103.7551139016 116.2793557160 122.6993288146 131.1977551086 133.7298871949 138.0018540658 150.6902187830 152.6215035701 163.7053017039 169.9612461962 160.5667965487 160.2586924564 161.1341214739 158.2157041412 148.5707749380 147.1100103809 146.7498358106 146.4161491022 146.6598676052
30.4887500242 25.3781038045 24.0310206427 18.5245275206 16.9446053042 15.1715687534 12.1373483562 12.0662370755 11.8424021493 13.7077808176 15.6425298192 16.0435135185 12.3742103315 16.1478701775 24.5381986024 29.3217588624 34.7805497877 31.8723919045 34.8200764856 41.5531089529 53.9282634272 60.3588967351 62.3709746869 63.2412551204 68.1860457407 81.7620885791 82.9267341178 90.9928868059 101.1610290734 114.3361895811 118.1487726280 120.6543791341 126.6184479464 133.4350223187 130.1118376432 142.6825110102 148.4296980780 152.6748187607 138.4988998761 146.7918637209 141.0055530723 144.4641568232 144.5490141632 152.4871406145 136.0613942379 137.7899700310 140.1822605403
30.4125703115 37.3304779641 41.9782490353 23.7532234169 14.7515890421 12.8779063962 10.7205447857 11.4630123280 12.2664413211 12.7253678074 13.2276352815 14.0966757172 12.1167386969 15.2867553552 26.1277154787 25.6255187269 29.1048205399 32.9944649711 36.4450158086 45.3638485051 52.8749630903 61.3554730662 59.6368361148 64.5194665412 68.6203420046 78.3561493736 82.5084258104 88.9067956014 95.3821489820 93.5737984255 107.8460505232 115.1930139167 107.9006670043 122.6276824018 117.7993667079 114.3351146020 122.2089780495 142.2826847993 137.3566025868 140.1955563342 129.0719179669 9999.0000000000 9999.0000000000 9999.0000000000 9999.0000000000 9999.0000000000 9999.0000000000
31.6436736030 35.7253031689 44.2383171176 26.1601770180 12.9606255650 10.1415789686 8.0530425403 8.2865516888 9.1776091576 10.7483575121 10.5538829521 10.2397863229 14.3160468870 12.3518774053 17.1601185721 24.0528856230 24.9381285394 27.1739718737 31.5531679080 37.2000919597 46.5931295184 49.8860686203 50.7574098883 59.3621318112 63.9777572360 77.3303883034 84.2046390753 88.5050551733 91.0877772840 80.8330237633 9999.0000000000 9999.0000000000 9999.0000000000 9999.0000000000 9999.0000000000 9999.0000000000 120.9967411123 134.5033346443 124.2157188244 127.4912743829 138.7676729355 9999.0000000000 9999.0000000000 9999.0000000000 9999.0000000000 9999.0000000000 9999.0000000000
34.2606323829 31.7224228929 29.1302310652 18.7413574022 11.5118672984 8.9857855055 7.9875094816 6.3757174357 5.8430800345 8.0505407386 9.5786559177 9.7267407691 12.1608434856 12.2298849601 13.3492646855 24.6356185817 27.1190135682 26.8731191754 30.3615913144 33.8296883565 39.6834138664 44.0880887909 46.5290833963 51.4272114378 62.7123984159 70.8879868034 77.0628269529 84.8804048728 79.3308819411 9999.0000000000 9999.0000000000 9999.0000000000 9999.0000000000 9999.0000000000 9999.0000000000 9999.0000000000 9999.0000000000 9999.0000000000 9999.0000000000 9999.0000000000 9999.0000000000 9999.0000000000 9999.0000000000 9999.0000000000 9999.0000000000 9999.0000000000 9999.0000000000
34.9451088114 34.9457547418 28.6014191515 23.6163639638 15.4604128038 10.4849216295 7.1251752888 5.5699157092 5.3231143029 6.0833136959 8.1597972749 9.3011486533 10.8531231817 11.4884747163 15.8844390098 20.8958276489 22.4349690252 23.7601282715 28.5307675658 29.1578292672 31.7609382619 35.6707385508 41.7720463593 51.2060109177 65.0822510943 66.7051017517 69.1573506338 9999.0000000000 9999.0000000000 9999.0000000000 9999.0000000000 9999.0000000000 9999.0000000000 9999.0000000000 9999.0000000000 9999.0000000000 9999.0000000000 9999.0000000000 9999.0000000000 9999.0000000000 9999.0000000000 9999.0000000000 9999.0000000000 9999.0000000000 9999.0000000000 9999.0000000000 9999.0000000000
25.0910372415 26.6160152969 33.6449923343 36.5978231421 25.9466993739 16.0779045982 7.6880052220 5.3334798358 6.1081549065 6.4177282547 7.3774240809 7.9694281449 8.9118895339 9.4692891726 12.1032908501 16.7151738860 17.9899399518 17.7871602355 21.1897071276 26.6072669474 26.7830378143 34.6668778220 43.3245660388 52.1353916265 55.2381348680 9999.0000000000 9999.0000000000 9999.0000000000 9999.0000000000 9999.0000000000 9999.0000000000 9999.0000000000 9999.0000000000 9999.0000000000 9999.0000000000 9999.0000000000 9999.0000000000 9999.0000000000 9999.0000000000 9999.0000000000 9999.0000000000 9999.0000000000 9999.0000000000 9999.0000000000 9999.0000000000 9999.0000000000 9999.0000000000
18.7108242244 22.2317248990 27.8319792997 29.3047195009 24.5750048489 17.7055785171 7.9294058014 5.2468951035 5.4687615921 6.5578933863 7.2724132406 6.3507182786 6.5581143936 8.2968087809 9.8015095718 12.3471991246 16.5589813114 19.2052863131 19.3605206005 23.1105839484 24.4026262953 33.3343681705 43.5832635267 50.9492465062 50.0325675239 9999.0000000000 9999.0000000000 9999.0000000000 9999.0000000000 9999.0000000000 9999.0000000000 9999.0000000000 9999.0000000000 9999.0000000000 9999.0000000000 9999.0000000000 9999.0000000000 9999.0000000000 9999.0000000000 9999.0000000000 9999.0000000000 9999.0000000000 9999.0000000000 9999.0000000000 9999.0000000000 9999.0000000000 9999.0000000000
