model_inputs/inputs/pr2.asc
ncols 720
nrows 360
xllcorner -180
yllcorner -90
cellsize 0.500000
NODATA_value 9999.000000
[rows 21 to 41 of 360, columns 235 to 281 of 720]
10.2453686704 10.3039408859 10.2467100369 10.2468338009 10.3055627842 10.3310864652 10.3973909863 10.4675864131 10.5312529922 10.2320834849 10.3266333172 10.4045056505 10.4916543933 9.9333642429 10.0277514139 10.0925731240 10.5165062123 10.5953380116 10.7188663096 11.0350103496 11.1719593842 11.3055608963 11.3766309223 11.5384341334 11.7364342004 11.6897975531 11.9003225409 12.1143659635 12.2443358850 12.3384884937 12.6103933726 12.9281286645 12.9254164640 13.1802419055 13.3383557695 13.7370504235 13.5660886735 13.9832312416 14.8317374551 15.4209615430 15.8218804136 16.4896050846 17.1881847200 17.5575944450 19.6649966383 20.2690346923 20.8356594667
10.0361343648 9.9410529365 9.9751175148 9.7057886960 9.7279713373 9.8131928971 9.8416969340 9.8601271675 9.9040852074 9.4918101022 9.5395458920 9.5385304376 9.5318672174 9.6045302635 9.6847328969 9.7456743097 10.2028256661 10.3002927935 10.4862783191 10.7921204763 10.8274545200 10.9361841751 11.0744439298 11.3212753931 11.2073441123 11.2855276238 11.4306651230 11.6997717560 11.7451330443 11.8605989992 11.4850505779 11.5167671756 11.1364214245 11.2006903219 11.9954487600 12.2531608504 12.6772342046 13.1748116110 13.8744744763 15.0311236794 16.3547246775 17.4894204974 18.0281182111 19.5509498444 22.0051777724 22.6707972761 22.5170304766
9.9534918118 10.0232216500 10.0725516386 9.8250035226 9.8435846303 9.7416784993 10.1132546843 10.1384235750 10.1769743051 9.5784419827 9.0856065071 9.0206734094 9.5410186841 9.6294268733 9.7728965047 10.1580454793 10.2595154895 10.3367984702 9.4555849573 9.8302835322 10.0035749929 9.5002360758 10.0397470960 10.5557747738 10.6389913562 10.7823006838 10.8806094067 11.0183953220 11.1359086877 10.2304910542 10.3451224859 10.4796775704 10.5878202303 10.6221877359 10.6853710458 10.5904829252 10.8461735363 11.8676394050 15.3459546418 17.9859205673 19.5738414768 20.9251891938 23.5396703356 24.2798877298 24.7541067365 26.2349587865 25.9221422311
9.5781738273 9.6169803364 9.4671227125 9.3918282073 9.4335661561 9.8618846168 10.1585994707 9.8642614757 9.8847261543 9.9894930026 10.2639933903 10.2090032597 9.9999693339 10.0308466936 10.1105448412 10.2043120132 10.3274855210 10.0551138748 10.1624950912 10.2891257411 10.4299480008 10.5482569925 10.6598897983 10.7801271515 11.2244978081 11.3732515747 10.2886978711 10.3361525398 10.6368048582 10.8200852555 10.6678602024 10.8352434036 11.4883485949 11.7013771523 11.7332623049 11.9012289651 13.0677710404 18.3875454823 22.1755501698 24.5318147354 26.1034482974 25.7004607993 26.1575744371 28.1917648972 28.3709728683 28.5183911619 27.9682941909
9.5052768083 9.5631176373 9.6156318978 9.6607939849 9.6754529513 10.0342743681 10.0612466777 10.0616509735 10.1346081065 10.1913568651 10.1824847516 10.2803420305 10.3569708299 10.4639029596 10.5775395641 10.5872344138 10.6127793115 10.4136146838 10.5224327417 10.6836454215 10.8069992712 11.3771684119 11.0870772914 11.2162468722 11.3450050849 11.1943418160 11.4122891100 10.6118811382 11.1455528531 11.4394535485 11.7768213531 12.1366081294 12.5226552773 12.9732329951 12.9455994320 13.5150483839 14.7650781437 17.1947689669 19.9776163499 22.5962158875 26.0514933325 26.9331789168 27.7144694701 28.5494641867 30.1859972533 30.3869900526 31.7854199675
9.8057287469 9.6121111055 9.6628019091 9.7140390426 9.7727202883 9.8428208294 9.8720798269 9.9187659798 9.9586026772 9.9985961424 10.0769541023 10.1436405239 10.1984856738 10.2432729327 10.4839668784 10.6154090026 10.7660675567 10.9384850075 11.0302766698 11.1983718089 11.4316729159 11.5582399158 11.8153508665 12.0435929712 11.8769287801 12.1524263523 12.4444069370 12.7171734493 11.3821684790 11.6773763584 11.9478880079 12.9891631950 13.5346891475 13.8054212148 14.3322741205 14.9247372901 16.0609029554 17.7375992207 19.4356559805 20.5733457115 22.9540471919 24.6036591707 26.0597513407 27.2679406044 30.1224155410 31.2448540062 32.1335269546
6.1252437736 9.9475652823 10.0044236606 10.0638115400 10.1053361432 9.8620755671 9.9349154189 10.0111469947 10.0882967818 10.1440094586 10.2264021261 10.2785881172 10.3365214745 10.4205077514 10.5469710252 10.6799902569 10.8370880771 11.0041612788 11.2029711163 11.3890179346 11.6263219243 11.9165450596 12.1418474737 12.1183994925 12.4034716864 12.5647574459 12.7647530608 13.1703030638 13.4947664046 13.9654669765 12.9650539602 13.5083061905 15.3894618270 16.0772857780 16.4435990446 17.0716154971 17.9291234817 18.9609607769 20.0429001125 21.6035764315 22.3805623536 23.7949189323 25.7610085246 29.1544982465 31.1213822861 32.7403809351 34.1134073969
9999.0000000000 9999.0000000000 9999.0000000000 9999.0000000000 6.1648329429 10.0648240477 10.1860951254 10.2870806877 10.4799852124 10.6110607594 10.7073715772 10.7942421455 10.8651424380 10.9665299387 11.0542621405 11.1528761481 11.2543119758 11.3537416473 11.4775740512 11.5649703221 11.7060495395 11.8178190751 11.9947120693 12.0991382719 12.1204315801 12.3645744170 12.6616305060 12.9645152920 13.1387632719 13.2845525950 14.0427051665 14.4521001057 14.9437509826 15.5129901250 16.1428182473 17.0595903473 17.4473254010 18.8085883856 22.9215196450 23.6744882714 25.1227844856 27.0989590790 26.3571245014 28.5367436009 30.6248786801 32.5118276523 34.0695242048
9999.0000000000 9999.0000000000 9999.0000000000 9999.0000000000 9999.0000000000 9999.0000000000 9999.0000000000 9999.0000000000 11.0496463312 11.3306024869 11.6537645372 11.7320458812 11.7700555857 11.8072166224 11.8683725595 11.9828118623 12.0628907316 12.1435141627 12.2284210083 12.0166654524 12.0716874080 12.2191127739 12.2406300361 12.3077195749 12.5100136647 12.5665078231 12.7370994596 12.8951084189 13.0645484605 13.2548551192 13.6223730224 14.1688148287 14.5662553405 15.0318285450 15.6014578388 16.3728661282 16.5086069901 20.2906356426 21.1747446447 22.9229906690 24.5221352088 26.5538503882 28.3409182448 27.4403710209 29.7651900910 31.8047059409 33.8202681451
9999.0000000000 9999.0000000000 9999.0000000000 9999.0000000000 9999.0000000000 9999.0000000000 9999.0000000000 9999.0000000000 9999.0000000000 12.0455873403 12.4114963110 12.6936877496 12.7309265808 12.7416115429 13.0402435607 12.7516576467 12.7714893606 12.7278843429 12.7706890198 12.7991724294 12.8231496492 12.7753649431 12.8202641790 12.8667841345 12.9448415246 12.6031066175 12.6761592255 13.0268794019 13.0038416100 13.1739134376 13.3733585972 13.5015663545 13.6678286071 13.9964398113 14.4616452599 14.9841487437 15.5756866297 19.5486607990 20.4384499812 20.7185716135 22.2728263470 23.6077476293 25.9546367743 28.5858295974 28.1261675991 30.3451931686 33.0619977030
9999.0000000000 9999.0000000000 9999.0000000000 9999.0000000000 9999.0000000000 9999.0000000000 9999.0000000000 9999.0000000000 9999.0000000000 9999.0000000000 11.8102694687 13.3193196816 13.4359195508 13.4461424605 13.4381473035 13.3748402295 13.3127943700 13.4223290806 13.2934683206 12.9900012544 12.8725338582 12.8009664186 12.7224069001 12.6470298856 12.5806263532 12.4501248356 12.4286547216 12.3861482571 12.3626330897 12.3439140734 12.5449929183 12.5801289396 12.9735253140 13.0749764648 13.2248323207 13.4983567405 17.0880183578 17.7759990765 18.6223541532 19.4048870617 20.1969545160 21.2259853142 22.4987676193 24.1937715327 26.8911109306 27.3487078375 31.3652375189
9999.0000000000 9999.0000000000 9999.0000000000 9999.0000000000 9999.0000000000 9999.0000000000 9999.0000000000 9999.0000000000 9999.0000000000 9999.0000000000 9999.0000000000 13.2324290753 14.2948042630 14.4513822743 14.2485943070 13.9830556145 13.8717952796 13.5391057556 13.1738662894 13.1171941466 12.9227914877 12.7473035100 12.5578903098 12.4397039035 12.3521013593 12.3151454172 12.2531537781 12.2472378571 12.1997996903 12.3157053022 12.3131109722 12.3332467920 12.3216695501 12.3493844440 12.3647406144 12.4846891849 16.3379729202 16.6510051786 17.0917147771 17.4568575894 17.8349979833 18.4609281278 19.3020438601 20.1498676033 23.1746229983 26.7997141345 27.0031963591
9999.0000000000 9999.0000000000 9999.0000000000 9999.0000000000 9999.0000000000 9999.0000000000 9999.0000000000 9999.0000000000 9999.0000000000 9999.0000000000 9999.0000000000 9999.0000000000 9.2299418975 15.3932596149 15.2331631689 14.8176943621 14.4924884371 14.1101518529 13.8991212007 13.4621162724 13.2224041881 13.0522557447 12.8593665431 12.7221487637 12.5578101579 12.4192793010 12.2393841448 12.1195428364 12.0057034947 12.0071085112 11.9789445307 11.9601877959 11.9815588987 12.0408124058 12.0690695039 15.3670039581 15.5683621560 15.7292117947 16.4354035078 16.5079256985 16.6136590851 16.7572654464 17.0458761131 17.1293496533 18.6391860625 20.9313679661 24.5418101549
9999.0000000000 9999.0000000000 9999.0000000000 9999.0000000000 9999.0000000000 9999.0000000000 9999.0000000000 9999.0000000000 9999.0000000000 9999.0000000000 9999.0000000000 9999.0000000000 12.3140928335 15.9068803769 15.5936218071 14.9972630170 14.5643305150 14.1611273139 13.8932323898 13.5823771998 13.1985802000 12.9842703900 12.7425250394 12.5281904766 12.3179908114 12.2256545874 12.0298822731 11.9315228658 11.8282800831 11.7530280113 11.6718211211 11.5949389001 11.5354025038 14.6281314665 14.7249455913 14.9687053490 15.0871475344 15.2227976359 15.7686630555 15.9434178786 16.1362728977 16.3276227104 16.5839132824 16.9777952833 17.4472959334 18.6239454051 20.4713429266
9999.0000000000 9999.0000000000 9999.0000000000 9999.0000000000 9999.0000000000 9999.0000000000 9999.0000000000 9999.0000000000 9999.0000000000 9999.0000000000 9999.0000000000 9999.0000000000 9999.0000000000 8.9750698971 8.8497057659 14.5463293302 14.0751443105 13.7087556068 13.4277358011 13.1577392458 12.8614363493 12.5777173089 12.3210082966 12.1079196251 11.9045918109 11.7369045038 11.5873515751 11.4805208141 11.3768749143 11.2841473601 11.1749815842 13.9633936342 14.1008565843 14.1792876238 14.2864554946 14.5045902027 14.5950829319 14.6582261659 14.8113717878 14.9754876184 15.7045851083 15.9444127057 16.1893570621 16.6147988930 17.0938906667 18.6282594659 21.2639325473
9999.0000000000 9999.0000000000 9999.0000000000 9999.0000000000 9999.0000000000 9999.0000000000 9999.0000000000 9999.0000000000 9999.0000000000 9999.0000000000 9999.0000000000 9999.0000000000 9999.0000000000 14.8981539533 14.5154248603 14.0152319073 13.5658493964 13.2690726605 12.7003863308 12.4487422145 12.1541342960 11.9278853817 11.6291519953 11.4454920549 11.2903202389 11.1556897173 11.0749425221 11.0192428110 10.9675719141 13.6085114500 13.7339103530 13.9312750980 14.0580578009 14.1979689215 14.4376798271 14.7574802104 14.8835274013 15.0012658996 15.1405735232 15.2981086430 15.4835166031 15.7605665299 16.6202044347 16.8536092679 18.2793992863 23.7046018301 35.4225480405
9999.0000000000 9999.0000000000 9999.0000000000 9999.0000000000 9999.0000000000 9999.0000000000 9999.0000000000 9999.0000000000 9999.0000000000 9999.0000000000 9999.0000000000 9999.0000000000 9999.0000000000 9999.0000000000 8.3533695361 13.1980827864 12.9135362949 11.9283262175 11.8053731276 11.5550267656 11.3723864051 11.2014281913 11.1425424402 11.1458050960 11.1905086669 11.2663618784 11.3193010620 13.7378790532 13.9675226383 14.1605002427 14.3863295380 14.6544330928 14.9660945171 15.1843294152 15.5205951305 15.9509615914 16.1533676583 16.4366717945 16.6861895268 16.8856063974 17.1331038291 17.3767539673 17.4868096656 19.3648405548 25.6475605129 39.9285703897 51.3859190396
9999.0000000000 9999.0000000000 9999.0000000000 9999.0000000000 9999.0000000000 9999.0000000000 9999.0000000000 9999.0000000000 9999.0000000000 9999.0000000000 9999.0000000000 9999.0000000000 9999.0000000000 9999.0000000000 9999.0000000000 14.3099129054 13.7726921093 8.1941547614 7.9731646401 12.4510677997 11.9826114824 11.8325222429 11.9202155474 12.2698737105 12.6298384712 12.9687987064 13.2406470075 13.4662605997 13.6332630791 13.7896725355 16.6154790058 16.9629601005 17.2560875653 17.5626275159 17.7520183206 18.0539813591 18.4685578861 18.8256183174 19.1091063316 19.4654123916 19.5542407891 19.7349622176 20.5331848701 25.7196571911 40.5879427562 55.0025258563 68.4870728874
9999.0000000000 9999.0000000000 9999.0000000000 9999.0000000000 9999.0000000000 9999.0000000000 9999.0000000000 9999.0000000000 9999.0000000000 9999.0000000000 9999.0000000000 9999.0000000000 9999.0000000000 9999.0000000000 9999.0000000000 13.7470529153 13.0221186118 19.5085412124 10.9993132646 14.9052238266 15.2600305737 15.2714251162 15.5097581155 15.6424272718 15.7639965619 16.1811238067 16.2993326085 16.5278163477 16.5886752511 16.5495493129 16.5239006892 19.2828710424 19.4395209546 19.5757179754 19.7130229790 20.0065842073 20.3097754566 20.6783211906 21.1111912213 21.5323189914 22.2056047933 23.0312830245 27.0188000577 41.7151997681 59.4819401158 68.9562682528 77.2791382042
9999.0000000000 9999.0000000000 9999.0000000000 9999.0000000000 9999.0000000000 9999.0000000000 9999.0000000000 9999.0000000000 9999.0000000000 9999.0000000000 9999.0000000000 9999.0000000000 9999.0000000000 9999.0000000000 9999.0000000000 17.9197044490 28.4372868191 27.9563633376 26.7891505791 15.9326032590 15.0125861837 14.1564289952 19.7933941672 12.5547113421 19.0792992362 19.1191995837 18.8515781192 19.0207517735 18.9378817304 18.8104542758 18.6487430037 18.5164380673 21.3670291705 21.5363973111 21.7697691405 22.0295675390 22.4547029065 22.9253810830 23.6596578034 24.1469486500 24.5755046199 27.3497946037 39.0166062280 58.5505886120 66.8920491007 76.2227873784 82.2204540018
9999.0000000000 9999.0000000000 9999.0000000000 9999.0000000000 9999.0000000000 9999.0000000000 9999.0000000000 9999.0000000000 9999.0000000000 9999.0000000000 9999.0000000000 9999.0000000000 9999.0000000000 9999.0000000000 9999.0000000000 9999.0000000000 32.5390345242 33.6506996246 20.4725758522 29.2614680948 25.8366342459 9999.0000000000 21.0709714447 20.2293311886 20.1369089191 20.3361855238 20.4331340210 20.3439861943 20.2379970287 20.0909794949 19.9352371856 19.7817462031 19.6802820865 22.9984183679 23.1928457797 23.5849962628 24.0176069783 24.6470850252 25.3235156124 25.9408577112 26.6173708078 33.4849100327 52.5089657167 68.9222885412 83.6422741413 90.0163437473 93.0485862773
