model_inputs/inputs/pr2.asc
ncols 720
nrows 360
xllcorner -180
yllcorner -90
cellsize 0.500000
NODATA_value 9999.000000
[rows 21 to 41 of 360, columns 188 to 234 of 720]
6.3411189039 6.2938923147 2.7042796137 6.2440466427 6.2561201194 6.2713725638 6.2309135101 6.2419385285 6.1903619280 6.1642600922 6.1194881564 6.0960696428 6.0899126765 6.1401838611 6.1229423518 6.2815506826 6.4125378267 6.3268707163 6.5003702184 6.7053140374 3.4753024665 3.6897719910 3.9292677830 4.0210653387 4.2917187275 9999.0000000000 9999.0000000000 9999.0000000000 9999.0000000000 9999.0000000000 9999.0000000000 9999.0000000000 9999.0000000000 13.6192093778 5.2992413985 5.3576597929 5.4376685293 5.5235654872 5.5676962074 5.6016393792 5.6726003750 9.7671538533 9.8458530483 9.9038223561 9.9436590535 10.1070169767 10.1787128951
6.2097734335 6.1862729999 6.2084432648 6.2465136725 6.2899371696 2.8497106105 6.3228377767 6.2109792489 6.2021678386 6.2263283471 6.1900678411 6.1712651368 6.2195678838 6.3191501977 6.4344540806 6.6216088817 6.8104651436 6.9725807116 7.0350013993 7.1396863277 7.3312312161 7.7659323651 4.1969776503 9999.0000000000 9999.0000000000 9999.0000000000 9999.0000000000 4.9201362344 4.9448619320 4.9847257396 5.0672409925 5.1454351124 8.9816971667 9.0899694842 9.1845918068 9.1289357078 9.2061408941 9.3008504409 9.3835772714 9.4726732350 9.5567467361 9.6170917241 9.6571594477 9.7448898814 9.7961576612 9.8428762285 9.9913164595
6.1209568230 6.0702725023 6.1894401806 6.2112957312 6.2312694790 6.2488999611 6.1983234918 6.2660760523 6.4097348659 6.5991044539 6.7889891361 6.9680279630 7.1474587094 7.1667028387 7.3042989825 7.4657603691 7.6082687665 7.7491122429 7.8404648375 7.9051067951 8.2670399934 4.4406263150 9999.0000000000 9999.0000000000 9999.0000000000 9999.0000000000 8.7161785123 8.6795390525 8.6416760969 8.7048912319 8.7388308675 8.7869126073 8.8478210164 8.9623899767 9.0329985396 9.0362883057 9.1249375400 9.1119794452 9.1955808748 9.3476079055 9.4403242620 9.5053952682 9.5988200264 9.6804200148 9.7516479873 9.8046089770 9.8797254977
3.0964796024 2.9329637327 6.2247200040 6.2443531060 6.2772755191 6.2525969697 6.5886929515 6.7966530769 7.0748669750 7.3959150177 7.6857438762 7.9791542303 8.1806703747 8.3189542929 8.4747354995 8.6226128988 4.4154270727 4.3339243275 4.4040092507 4.6564207041 9999.0000000000 9999.0000000000 9999.0000000000 9999.0000000000 9999.0000000000 9999.0000000000 9999.0000000000 5.0434040386 5.0968099895 5.1767586119 5.2639008718 8.6129422125 8.6279742391 8.6809087079 8.7303878026 8.8102427180 8.8849407985 9.0902506054 9.1316632315 9.1960918435 9.2619337229 9.3085491535 9.3199012626 9.2422393282 9.3103319450 9.4489800831 9.5100399558
6.7233617810 6.6605686225 6.7169466784 6.8808084980 7.1283949219 7.2240438967 7.7236463185 8.2094926620 4.2746940999 9.1409561428 9.2915864079 9.3618560932 4.8695795085 4.9615977769 5.1030070317 5.2060600428 9999.0000000000 9999.0000000000 9999.0000000000 9999.0000000000 9999.0000000000 9999.0000000000 9999.0000000000 9999.0000000000 9999.0000000000 9999.0000000000 9999.0000000000 3.6656954653 4.5733759180 5.4175498008 5.4050873514 5.3912357980 5.3994708214 5.3935083415 8.4828491163 8.5474987354 8.7170430925 8.6464386550 8.7190869672 8.9033562981 9.0202384672 9.2062764452 9.3114976844 9.3821351256 9.4668115344 9.6016076641 9.4205727000
7.7337436960 7.5810813432 7.4047765229 7.3869332846 7.9648659666 9.5713609117 10.9017671639 10.8823373885 11.2583537557 11.3349165476 11.2526323210 11.2105384032 11.2761298078 11.1850913381 11.0126915679 10.8362842002 5.5775118744 9999.0000000000 9999.0000000000 9999.0000000000 9999.0000000000 9999.0000000000 9999.0000000000 9999.0000000000 9999.0000000000 9999.0000000000 9999.0000000000 9999.0000000000 9999.0000000000 5.5162746066 5.5491039020 5.5298279476 8.4106133509 8.3763000657 8.6386821858 8.7259511565 8.9435943446 8.9874280311 9.0853536749 9.1352494419 9.2842807935 9.3547266952 9.4365918922 9.5103876738 9.5941264226 9.6666839745 9.7484654834
4.3024137085 4.2848925514 4.1403668001 4.0481717260 4.2663164531 5.5339463433 6.4708077043 6.1943365217 6.1163893406 6.1151051414 12.1839732165 12.0853827830 5.9004876894 5.8785708461 5.7865198687 9999.0000000000 9999.0000000000 9999.0000000000 9999.0000000000 9999.0000000000 9999.0000000000 9999.0000000000 9999.0000000000 9999.0000000000 9999.0000000000 9999.0000000000 9999.0000000000 9999.0000000000 9999.0000000000 9999.0000000000 9999.0000000000 9999.0000000000 6.1974978089 6.3214227412 10.1364504226 9.9684672605 9.8398681730 9.7924205766 9.6920856595 9.6703238160 6.2890938061 9.7372960736 9.7195294511 6.2175894273 9.8044315819 6.1506124548 6.1291777020
9999.0000000000 5.0969378790 5.1162032250 5.2018243659 10.8713813243 5.4068005993 11.0626238747 11.0082914616 10.5392010009 10.7771898183 5.4490713228 5.5189602863 9999.0000000000 5.6839636818 9999.0000000000 9999.0000000000 9999.0000000000 9999.0000000000 9999.0000000000 9999.0000000000 9999.0000000000 9999.0000000000 9999.0000000000 9999.0000000000 9999.0000000000 9999.0000000000 9999.0000000000 9999.0000000000 9999.0000000000 9999.0000000000 9999.0000000000 9999.0000000000 9999.0000000000 9999.0000000000 9999.0000000000 9999.0000000000 9999.0000000000 6.5277485919 6.5185358326 9999.0000000000 9999.0000000000 9999.0000000000 9999.0000000000 9999.0000000000 9999.0000000000 9999.0000000000 9999.0000000000
11.0112394032 11.0379535763 11.1036616727 11.1902210629 11.2677539291 11.3054371323 11.2930630858 11.2004239345 10.8211838087 10.7598098111 10.7824397710 10.7652401057 10.6372433365 9999.0000000000 9999.0000000000 9999.0000000000 9999.0000000000 9999.0000000000 9999.0000000000 9999.0000000000 9999.0000000000 9999.0000000000 9999.0000000000 9999.0000000000 9999.0000000000 9999.0000000000 9999.0000000000 9999.0000000000 9999.0000000000 9999.0000000000 9999.0000000000 9999.0000000000 9999.0000000000 9999.0000000000 9999.0000000000 9999.0000000000 9999.0000000000 9999.0000000000 9999.0000000000 9999.0000000000 9999.0000000000 9999.0000000000 9999.0000000000 9999.0000000000 9999.0000000000 9999.0000000000 9999.0000000000
11.9987562066 11.9299009675 11.9828542956 12.0239298121 11.8529008760 5.6619059833 11.7255064251 11.8438672798 11.2162221194 11.0928446957 11.0252047016 5.1258703752 5.0669975899 9999.0000000000 9999.0000000000 9999.0000000000 9999.0000000000 9999.0000000000 9999.0000000000 9999.0000000000 9999.0000000000 9999.0000000000 9999.0000000000 9999.0000000000 9999.0000000000 9999.0000000000 9999.0000000000 9999.0000000000 9999.0000000000 9999.0000000000 9999.0000000000 9999.0000000000 9999.0000000000 9999.0000000000 9999.0000000000 9999.0000000000 9999.0000000000 9999.0000000000 9999.0000000000 9999.0000000000 9999.0000000000 9999.0000000000 9999.0000000000 9999.0000000000 9999.0000000000 9999.0000000000 9999.0000000000
5.7941319465 5.8348998209 9999.0000000000 9999.0000000000 9999.0000000000 9999.0000000000 9999.0000000000 5.7219946029 5.7086375164 9999.0000000000 9999.0000000000 9999.0000000000 9999.0000000000 9999.0000000000 9999.0000000000 9999.0000000000 9999.0000000000 9999.0000000000 9999.0000000000 9999.0000000000 9999.0000000000 9999.0000000000 9999.0000000000 9999.0000000000 9999.0000000000 9999.0000000000 9999.0000000000 9999.0000000000 9999.0000000000 9999.0000000000 9999.0000000000 9999.0000000000 9999.0000000000 9999.0000000000 9999.0000000000 9999.0000000000 9999.0000000000 9999.0000000000 9999.0000000000 9999.0000000000 9999.0000000000 9999.0000000000 9999.0000000000 9999.0000000000 9999.0000000000 9999.0000000000 9999.0000000000
13.5596293694 13.6150898034 9999.0000000000 9999.0000000000 5.9921520515 5.9764133912 5.9628848030 5.9407764202 5.9158762742 5.6274760063 12.5698706688 5.5512579856 5.5147694002 5.4470351097 5.4281864359 5.4031065374 5.3806144861 9999.0000000000 9999.0000000000 9999.0000000000 9999.0000000000 9999.0000000000 9999.0000000000 9999.0000000000 9999.0000000000 9999.0000000000 9999.0000000000 9999.0000000000 9999.0000000000 9999.0000000000 9999.0000000000 9999.0000000000 9999.0000000000 9999.0000000000 9999.0000000000 9999.0000000000 9999.0000000000 9999.0000000000 9999.0000000000 9999.0000000000 9999.0000000000 9999.0000000000 9999.0000000000 9999.0000000000 9999.0000000000 9999.0000000000 9999.0000000000
6.0633782559 6.0052309636 13.8883501932 13.9244527527 13.9196094533 13.9618235989 13.9884670498 14.0048333706 14.2957295466 13.5777849646 5.5385256128 5.5268552533 14.0310395218 13.8714192726 13.8138902112 13.7896395318 13.0407468678 12.9064051289 12.8344015684 5.4823797618 9999.0000000000 9999.0000000000 9999.0000000000 9999.0000000000 9999.0000000000 9999.0000000000 9999.0000000000 9999.0000000000 9999.0000000000 9999.0000000000 9999.0000000000 9999.0000000000 9999.0000000000 9999.0000000000 9999.0000000000 9999.0000000000 9999.0000000000 9999.0000000000 9999.0000000000 9999.0000000000 9999.0000000000 9999.0000000000 9999.0000000000 9999.0000000000 9999.0000000000 9999.0000000000 9999.0000000000
5.9750955988 14.6559618734 14.6193901892 14.5990351302 14.6243855415 14.5557118230 14.5264316088 14.4837495172 14.4032192038 14.3405639537 13.6630654597 13.5911078687 5.6737301638 5.4993595986 5.4997521074 5.5446625411 5.5693316608 13.8103446661 5.6704150556 5.7253875057 9999.0000000000 9999.0000000000 9999.0000000000 9999.0000000000 9999.0000000000 9999.0000000000 9999.0000000000 9999.0000000000 9999.0000000000 9999.0000000000 9999.0000000000 9999.0000000000 9999.0000000000 9999.0000000000 9999.0000000000 9999.0000000000 9999.0000000000 9999.0000000000 9999.0000000000 9999.0000000000 9999.0000000000 9999.0000000000 9999.0000000000 9999.0000000000 9999.0000000000 9999.0000000000 9999.0000000000
9999.0000000000 14.9996864347 15.8999590203 15.8099766704 15.7161175594 15.6323693809 15.5391338049 15.4151552415 15.2028209413 5.8326042927 5.7888790470 14.6070479677 14.4397237018 14.3094202067 14.1808352637 14.1307650483 5.7933928983 14.1538464522 15.3799473192 15.1270113420 15.1303105376 15.1907062100 6.9944097413 9999.0000000000 9999.0000000000 9999.0000000000 9999.0000000000 9999.0000000000 9999.0000000000 9999.0000000000 9999.0000000000 9999.0000000000 9999.0000000000 9999.0000000000 9999.0000000000 9999.0000000000 9999.0000000000 9999.0000000000 9999.0000000000 9999.0000000000 9999.0000000000 9999.0000000000 9999.0000000000 9999.0000000000 9999.0000000000 9999.0000000000 9999.0000000000
6.2953521410 16.8702313676 16.8700604554 17.0683422330 17.0250766823 17.0164355950 16.9616611674 16.8869619083 16.6550387075 16.3776045229 16.0638025700 15.7517462794 15.4996530764 16.0773069947 16.1151740758 15.4982527747 15.6970779353 15.7414856512 15.7914957526 15.1510510332 7.0149834501 15.7268449548 16.1948238965 8.0437372526 18.0124473263 9999.0000000000 9.6339843367 9.9981199455 9999.0000000000 9999.0000000000 9999.0000000000 9999.0000000000 9999.0000000000 9999.0000000000 9999.0000000000 9999.0000000000 9999.0000000000 9999.0000000000 9999.0000000000 9999.0000000000 9999.0000000000 9999.0000000000 9999.0000000000 9999.0000000000 9999.0000000000 9999.0000000000 9999.0000000000
20.1126464526 7.4448147789 7.7672083135 21.7477697879 22.1055916627 22.3103963945 22.4202092795 22.2569326870 21.8926279340 21.3636792905 20.7802768273 20.3682510182 19.6507614164 18.9432224433 18.5559081874 17.3661008303 17.1528542123 16.7868061544 16.3417388831 14.8982506071 15.1148836449 15.4682158318 16.1627100752 16.9874913117 18.2089964073 18.6997667915 18.4289038880 18.8001948263 19.2415338533 19.4012342545 9999.0000000000 9999.0000000000 9999.0000000000 9999.0000000000 9999.0000000000 9999.0000000000 9999.0000000000 9999.0000000000 9999.0000000000 9999.0000000000 9999.0000000000 9999.0000000000 9999.0000000000 9999.0000000000 9999.0000000000 9999.0000000000 9999.0000000000
26.9798226363 27.7687346970 28.7105672469 29.6964597946 30.6361400289 32.7631959517 32.5021905592 32.1639752656 31.6440932220 30.9370422328 30.3104873747 28.9891235589 27.5743096427 26.6324770928 25.1970971294 21.1191074050 19.9236316548 18.6131201772 17.1169956448 16.5228964324 15.0365186128 15.6123820780 16.6430406680 17.7213814168 18.6211459804 18.4015225677 18.9631343092 11.3869964553 19.8940225819 20.1787647384 12.0877119043 19.9691367452 12.4396708998 20.2379616676 12.8040982381 9999.0000000000 9999.0000000000 9999.0000000000 9999.0000000000 9999.0000000000 9999.0000000000 9999.0000000000 9999.0000000000 9999.0000000000 9999.0000000000 9999.0000000000 9999.0000000000
25.2589154989 26.8728740048 27.9730868060 29.0194445697 30.1240680856 31.0491630225 31.9254100614 32.5289730972 32.8507077356 32.7376934874 31.2375083158 29.9171016086 28.2308271853 26.6500327270 9.9112375901 23.1628854526 21.1742448737 19.0884766344 17.3647512129 16.6053162102 16.4677082794 15.4440724145 16.0557013296 16.8385583820 17.9036811314 17.7734294994 18.5915616603 17.8945214138 19.1372714908 11.8776866875 19.5504877920 19.9419605196 19.2668654054 12.7426016552 12.8847582091 20.6871591217 12.6415489067 9999.0000000000 9999.0000000000 9999.0000000000 9999.0000000000 9999.0000000000 9999.0000000000 9999.0000000000 9999.0000000000 9999.0000000000 9999.0000000000
9999.0000000000 19.8856254865 21.8648482114 23.7672405783 26.1731993523 10.5118137872 11.2615091493 11.5660382289 11.6116470454 11.4120734070 11.2791366846 28.7127030606 26.9743935205 10.1233161113 9.3497337002 8.6057951339 8.4313149491 8.1011555158 16.1689701781 15.2362478402 14.9929100589 15.1608413580 14.9911160697 15.6554083514 15.8132086799 16.4792100841 17.0738656452 17.8894506244 17.0947322622 17.5099287881 17.7535706753 18.0322259985 17.8779122798 18.3367397549 18.9945974853 19.3130187836 12.6224503474 19.1154218337 9999.0000000000 9999.0000000000 9999.0000000000 9999.0000000000 9999.0000000000 9999.0000000000 9999.0000000000 9999.0000000000 9999.0000000000
9999.0000000000 15.4098050989 16.9154889300 19.0941190958 21.9835508906 25.2631941985 28.3165426226 10.1829750929 28.1903363066 9.3956755009 9999.0000000000 9999.0000000000 9999.0000000000 8.1503959227 19.6691044257 8.2970451112 9999.0000000000 15.7025883818 7.5888737629 7.5146118033 7.6813537889 13.9509559376 14.3290468259 14.9232851254 15.1281240396 15.6364712748 16.1395084433 16.6838014702 16.0118676431 16.2483418244 15.9786187287 16.2791519979 16.6698526737 16.8290049769 17.5535562012 18.1890562526 18.0995088449 18.3337682392 18.3268751716 9999.0000000000 9999.0000000000 9999.0000000000 9999.0000000000 9999.0000000000 9999.0000000000 9999.0000000000 9999.0000000000
