model_inputs/inputs/pr2.asc
ncols 720
nrows 360
xllcorner -180
yllcorner -90
cellsize 0.500000
NODATA_value 9999.000000
[rows 105 to 125 of 360, columns 517 to 563 of 720]
2.4892870388 2.3128404791 2.1554938048 2.0706528194 1.9310972257 1.7783724015 1.4594564891 1.2279561488 1.0053755859 0.8115274341 0.6637502984 0.5375255282 0.4411677833 0.4517769030 0.4658117082 0.4994127607 0.5542498070 0.6358590408 0.6859050191 0.6970829745 0.6964384438 0.7110139431 0.6967584623 0.7349851221 0.7591552076 0.7734224755 0.7589078268 0.7343394864 0.6959942930 0.6497455870 0.8162905078 0.9802786699 0.9037437985 1.2520761393 1.4580049137 2.0252866689 2.5348283743 2.9469231376 3.0968741739 2.7541730233 1.8762911204 1.5037270332 1.7209793332 1.9489155638 2.6389127524 3.7117244901 4.0688382578
2.4054703481 2.2815446791 2.1470617903 2.0489017315 1.9499302816 1.8431118970 1.6549798020 1.3868112710 1.2217538024 1.0853861640 0.9322424576 0.7699398438 0.5512216030 0.4651535119 0.4667117601 0.4773901287 0.5539037834 0.6224288009 0.6680074866 0.6924242161 0.7017261887 0.6905375512 0.7521973112 0.8191004672 0.9348127714 1.0497122112 1.2764006351 1.6000459545 1.6412318273 1.2822940134 1.0073511694 0.8630564444 0.6926912665 0.9129556001 1.2556059191 2.0354917506 3.1478455094 3.7445599737 4.0165859646 3.7159751955 2.4628352749 1.6101476049 1.4969899967 1.6660590409 1.9994569666 2.3327025447 2.4634187339
2.4798158483 2.2721907699 2.0991145702 1.9306969079 1.8685350933 1.8780780374 1.7045766199 1.5216339216 1.3563096236 1.1977351069 1.0833405950 0.9559429027 0.7479359238 0.5330279578 0.4848086041 0.4946927097 0.5424634924 0.6056278694 0.6783943836 0.6978249694 0.6757531264 0.7405847082 1.0131274139 1.2092574652 1.4200470723 1.6545678445 1.9576624400 2.1366480778 2.0206328463 1.6609525956 1.2918754128 0.9616238194 0.7386723328 0.6950558964 0.8607618738 1.8172995806 3.8481643242 4.7056469666 5.0138574370 4.8790760411 3.5993128549 2.1064916436 1.6821527861 1.8549384349 1.9909651328 2.0890160140 2.1688466186
4.7060807301 3.4408459687 2.3475624803 1.8780717019 1.7979586501 1.7530146233 1.6752224419 1.5437000184 1.4259677082 1.2947623563 1.1733051906 1.0691440493 0.8913724778 0.6662951964 0.5486846612 0.5432633911 0.5482725564 0.6139439288 0.6714625661 0.7040705596 0.7950214367 1.2114961946 1.5517387874 1.7430762236 1.9156675335 2.0436852246 2.1406035175 2.1835939879 2.1580389239 1.9870544838 1.6590165724 1.2927628304 1.0274491233 1.0011629674 1.0875121798 1.9263334889 4.6372142933 5.2881751253 5.3444034857 5.2730116731 4.8580968578 3.4111231507 2.9056976309 3.1025263597 3.3421957160 3.5425611495 3.6041287494
8.5214511200 6.8838931693 4.6513761408 2.1280466244 1.5219064971 1.4902948042 1.4555375892 1.3965441340 1.3287492875 1.2956575829 1.2718556954 1.2136337764 1.1190194837 0.8728980429 0.6334408536 0.5678650668 0.5520663663 0.5804159559 0.7274803065 1.2496708441 1.6910549566 1.8633151976 1.9867066185 2.0529594240 2.1386369954 2.1445869515 2.1531001494 2.1946027991 2.2503272630 2.2184298814 2.0266775409 1.8331124993 1.8318422972 2.0295469512 2.3327146264 3.1535398339 4.6342212663 5.3839997272 5.5899590006 5.6248421897 5.6387426594 5.0653786384 3.8272149031 3.6276657229 3.7247686305 4.5174339830 5.9004028226
10.1052265236 9.3609649921 7.1750816642 3.8859026317 1.7121185647 1.4379816603 1.4161065137 1.3148694452 1.2496642139 1.1925763565 1.1251251763 1.0585737164 0.9579430180 0.8185818369 0.7154880132 0.6787055618 0.6782025494 0.7090868339 1.2955563616 2.0961638293 2.0654573818 2.0911637621 2.1055187699 2.1135442785 2.1118417862 2.1216238601 2.1029213458 2.1164441878 2.1734279508 2.2185483413 2.2263031897 2.5228253253 3.0040411257 3.0643310092 3.1519801123 3.6011489829 4.3526536574 5.2216224867 5.7244439522 5.8557870652 6.0076125374 6.0462499023 5.2683333925 4.3096120608 4.4252615990 5.3156336508 5.8782225387
16.1325234367 9.2773847791 6.2128463178 3.3675452432 1.4576241920 1.2590187125 1.4956188679 1.4573265689 1.1911196980 1.0629778008 1.0023975874 0.9123081227 0.8016316151 0.7823849073 0.8134452610 0.8705826240 0.9197056024 1.1467438808 1.6607517737 2.1645723391 2.3734026436 2.3531460065 2.2398677283 2.1803021591 2.1319649350 2.1127125547 2.0424876602 2.0079278784 2.0626585465 2.1123405259 2.3482302167 3.3365856689 3.9464117544 3.7440684537 3.4374940260 3.7183888890 4.3119105358 5.1798556597 5.7341771098 6.2087149563 6.7122206601 7.1197514771 7.1533504670 6.5614666310 6.0384651442 6.4682793818 6.6683952246
18.9022907289 7.1804147155 3.9864155333 1.8114957838 1.0713630354 0.7110565975 1.1639144468 1.4770648704 1.1531578048 1.0067654266 0.9497501333 0.8862300820 0.8436228381 0.8915299823 0.9590621985 0.9864777749 1.0820694351 1.3073812788 1.6681363613 2.0122691967 2.3810603961 2.6347522180 2.6318962155 2.5067905153 2.3545331951 2.2931017356 2.2015026443 2.0939925071 2.0595856622 2.1311427881 3.2273936667 5.7103660874 5.6671412021 5.1304555382 4.5177260072 4.4920676592 4.7650425076 5.1389569489 5.6226621746 6.5037200984 7.3221327912 7.6045900278 7.6583083355 7.6774505069 7.8179144402 8.0825467085 8.4430654606
30.2814157913 5.2252593814 2.2376084453 1.3699161536 1.3008597980 0.8474237202 1.1688247114 1.3668021620 1.0997422032 0.9745187062 0.9944770572 1.2718319740 1.5288683717 1.0883874420 1.0412660522 1.0318806862 1.1209801123 1.3374248520 1.6194947366 1.8795586384 2.2248150744 2.6597127726 2.7896328938 2.8571529547 2.7895654130 2.7108284994 2.6087670740 2.5368822680 2.7535070549 3.9929909399 6.2636932998 7.6409919784 7.4008761876 7.0317576028 6.3310669066 5.5936943172 5.2201785729 5.2669036231 5.4518318502 6.2006985827 7.5205784087 8.0495624134 8.1799490072 8.4360545225 8.9897471335 9.1945772074 9.3808733218
66.4959806018 8.3643892503 3.8989768291 1.0232635414 0.9910219042 0.9196534447 1.4814633560 1.4094645103 1.2373915361 1.2647684362 1.7307266353 3.4577754159 3.3638220084 1.2583166463 1.0512359086 1.0244745872 1.1218881573 1.3046823387 1.5091246187 1.7789775193 2.0494747296 2.4282905215 2.7757265307 2.9229724387 2.9760492362 3.0285296089 3.0572935502 3.3457512800 4.6054938648 6.9893100735 7.9636849041 8.0100463238 7.9375541900 7.8706827117 7.3677510372 6.2646975566 5.3854866637 5.2018827118 5.2350178812 5.3587442017 6.2766113188 8.0440949896 8.9954614959 9.2059022063 9.3888938209 9.5369309347 9.6450989367
91.3487803191 27.3256877263 10.5624049902 10.8138475480 5.2605722085 2.5108502705 2.7004293734 2.2787498219 2.5513208166 3.4440594136 4.6375726197 4.7064947503 3.1671326615 1.6520325971 1.0700459061 1.0392179047 1.1168642213 1.2635654202 1.4180285398 1.6397099716 1.9217063345 2.2485530171 2.6217393133 2.8574520511 3.0133646833 3.0902469043 3.2048479843 3.6788825237 5.1996284383 7.1029991304 7.9608560118 8.0347708426 8.2104998655 8.3686903454 8.3682412587 7.1689235192 5.3856575760 4.9427541126 5.0713399396 5.1669606255 5.5730840686 7.4692958951 9.1490479535 9.5534740612 9.4820946251 9.4341177901 9.5821537252
103.2508261269 88.6302430881 78.2144360128 58.9047282119 23.4230233182 6.8049706097 12.3659405363 11.4937718172 6.9291813779 7.3583320045 7.5564128128 5.6017501774 2.7499444186 2.6158988294 1.2926542422 0.9563877902 1.0848949387 1.1857993177 1.3398699284 1.4965104110 1.7158777500 2.2102478997 2.6373259207 2.8240737738 3.0212696693 3.2435507674 3.4565701899 3.8133365342 5.1660689351 6.8734256784 7.8824656375 8.2189942041 8.6557392278 9.1628276059 9.2764023284 7.9496512408 5.7074788492 4.7869455011 4.9020189472 5.1182842290 5.4380586807 7.0865779999 8.9014143814 9.1724393569 8.2006500161 7.1781580846 8.4099909946
94.6716066683 165.5924746301 200.8229149505 183.5232388694 90.2014476014 18.6838047666 27.8918740223 38.5654780548 25.4465582839 13.6388442479 10.9972776409 6.0322174177 2.7858091744 2.6970532672 1.4807156149 0.9673126924 1.1098961586 1.2135565712 1.2440672799 1.3126493541 1.4686822142 1.9792564653 2.5688016030 2.8368344356 3.0030218404 3.3678738073 3.6486001154 3.8758282390 4.9675461123 6.6584216111 7.7007040018 8.2914415470 8.8556588162 9.4433276026 9.1309318450 7.5508858645 5.4641062961 4.4410300216 4.6190696012 4.8011621584 5.1341472426 6.8505646923 8.7448069025 7.8764825303 5.6657243986 4.6958536950 5.9512910593
70.8243744448 130.6147298310 168.5111937113 152.7497655479 57.1307675564 23.2631578983 35.6978652708 51.6939052613 45.0790309114 33.4911076643 19.7624331195 7.3444303562 4.6839210736 5.8931567328 9.5392111398 1.4675282619 1.0338432303 1.1066259149 1.1837101365 1.2313280558 1.3048884648 1.7112706337 2.3973948919 2.6691415296 2.5097142934 2.7762324899 3.2550060132 3.6469979605 4.4373692581 6.1134673306 7.0022864384 7.3461047068 8.0102408101 8.7571833064 8.5987712300 7.0308865397 5.2347414749 4.2437978809 4.0130486705 3.3824832681 2.5958900151 3.3844696809 5.5613035001 5.6630734907 4.6002754425 5.2876735863 7.2559856271
67.9041701951 78.4061971935 87.6087677898 80.4782146588 54.8601524206 30.9596380102 48.2724967296 54.3882696074 43.9167663571 37.3646486260 22.2735123534 10.4481625312 9.5108638707 28.1064478622 55.5859801825 5.4181090964 1.1592576775 0.8652092019 1.0317957458 1.0991592599 1.1005717170 1.1667808367 1.8277328891 1.9309319123 1.7215751686 1.6217164484 1.7767014397 2.0371886440 2.6715920576 4.8722610627 5.7720023469 5.9957524063 6.4184142611 7.2011923403 7.6333722391 6.6746989396 5.0403500136 3.9116717780 2.9502559264 1.7299750634 1.1911679512 1.5507050630 3.4087701606 4.9221777517 5.3304817993 9.2585726452 12.7350084367
55.4772092728 62.2383750742 56.1190236476 63.1895382539 66.9603857095 66.3538711960 59.8856089055 50.8505323087 41.1144373356 31.1032113677 13.9788063825 11.1236525117 23.9335252263 83.1947716651 77.9867243255 3.7989118355 1.1772858252 0.9559694972 0.9379473904 0.8123565058 0.8340078457 0.8361949331 0.9697737551 1.3487533870 1.5854257381 1.4676863557 1.0906933576 0.8796348584 1.3322441482 3.8399902987 5.0407431117 3.7403181086 6.3114096411 8.5645716899 11.3291786110 16.5928702627 11.0169879481 4.6378840925 4.5829207775 3.5217086770 2.8225084534 2.2035780494 3.0164858945 4.1220131825 4.7850021110 9.1446225051 12.3694943322
49.7364720795 51.3141736155 51.6522121034 58.4035805077 62.8538948949 69.1434702021 58.7755704182 50.7009451976 35.0083227677 21.0682486359 13.1345847622 22.3720921786 81.5467815846 107.3897690512 41.3115969859 6.2724605086 0.6667176149 0.9427942996 0.9257690090 0.8854679018 0.8801423646 0.8839726406 0.9471692110 1.1825500696 1.4737973524 1.2257580111 0.8008982395 0.6723502047 0.8199222457 2.5291228521 5.9934568781 13.4121038136 18.8118215738 28.7032899214 54.8250128631 80.6596032344 75.5009624991 29.8181328108 14.3636701105 12.7800880146 11.6142425541 8.4756448705 3.1329997182 1.9293546575 2.8431493483 4.9578430117 6.9673726030
39.9322008016 37.9269781988 33.2047176780 35.4639700963 39.7179357824 43.6777768191 42.5004578428 43.7996502151 35.1480559038 34.2649228696 28.2936733856 56.8499858491 106.4493509475 60.4686153238 28.0226489995 14.1869939980 1.7256816300 1.8434778849 7.2995305309 5.2514083654 2.3432345697 1.9621245756 2.0193713372 2.8221430548 10.5027554382 7.0671205249 2.0006748637 0.6270852018 0.5639420046 2.3066815975 30.0666038529 65.7707610517 80.3545826348 94.6452225326 101.8961450318 94.6185177891 89.9117690278 51.0893945466 27.2598098963 21.8622102693 20.1922326232 18.3149855729 9.0393488135 3.4149353778 2.8162082745 4.2294857485 5.2615263703
27.8101968288 24.9898996262 26.0981016909 23.6070451210 23.5656678560 28.0533283367 28.9069961000 31.2453254883 34.8465454881 32.3623701988 39.3641427218 50.1431913581 48.3000029926 35.3831321409 34.2204503249 33.9078223624 16.0257374664 39.2042584426 55.6990557234 33.2155664801 9.9124893750 9.2071587060 12.8349178412 17.6960981917 20.6080373609 21.1656238243 14.3747970869 3.8768870108 1.1576762972 9.0695666877 83.7039251346 133.7853240548 137.1334312716 112.2548226267 96.3859719923 91.7359425221 84.5995524433 54.2461932055 38.1519812217 29.7642659862 23.9669085131 22.0265476964 18.8275902910 14.6091342758 8.7762329495 5.2891835076 6.4580476319
15.2338421030 15.7931765862 17.9256592673 19.4656646345 19.4955943152 21.1941154848 23.0019874871 24.8698555806 24.9690436176 25.6451040914 23.5846874421 22.5239777646 25.2768954670 28.4017252852 26.0407176102 25.1636643370 26.7274547950 69.1540832631 58.6864084471 33.7127843814 13.3795079018 14.3076050008 20.3516760666 24.7130453645 20.2862414299 23.5295546881 25.9465013514 17.9927511635 13.9717141137 37.7927637601 74.3681702879 97.3777722102 117.4097150797 92.4390071305 83.7379944278 88.9513129368 71.7530290713 52.5338128209 46.5306628612 42.8791192244 33.8326186175 25.8965996909 21.7199499893 17.9158276878 13.4523259476 6.7813900241 6.6524667927
11.7686588201 12.4716020218 14.4455806876 16.8564240157 17.8055987199 18.3158519212 18.2745335915 18.3645006182 22.0899078122 18.1678737426 19.0507368534 19.1057446646 18.5829983675 17.0930962195 15.3491383244 17.0934286143 16.7845618998 22.1006576030 26.8929049198 25.4198723997 35.4382790392 29.2167173757 20.3290967911 23.9961474726 25.4828529723 26.7637777724 32.6162797865 36.7282445077 36.0458308132 43.7871323666 62.5251257443 68.3697162895 64.3984040944 70.5853849067 77.9770212248 80.7474309113 61.0313197249 51.6855553142 53.7508117268 66.0698221182 71.9359641080 52.9598251451 25.4254971805 11.9756040804 7.7861442114 6.6834679164 6.8594869008
