model_inputs/inputs/pr3.asc
ncols 720
nrows 360
xllcorner -180
yllcorner -90
cellsize 0.500000
NODATA_value 9999.000000
[rows 21 to 41 of 360, columns 282 to 328 of 720]
21.7111049860 22.4156453332 22.7639126242 22.4824425532 23.4473305754 22.9471871280 23.0950627592 23.8652593398 23.4992878977 24.2038258875 24.2723393021 24.3431370473 24.6171859908 24.2144766671 24.3628638564 24.4768682169 25.0557232357 25.7001213322 27.8534411627 27.9374969832 29.2705111206 29.3273647840 29.3687019730 30.0227795960 30.0440646533 30.2954117360 29.6443916741 29.3402527459 29.3026284780 29.2766922503 29.2579979869 29.2745776533 29.2646081652 29.2642545537 29.2398176389 29.2339806911 29.2267528712 29.2763574980 29.5856025768 16.8929025822 9999.0000000000 48.7287734868 25.4676288168 9999.0000000000 9999.0000000000 9999.0000000000 9999.0000000000
22.3399300303 21.7645710509 21.9665657496 22.9897596000 23.1034315657 23.4998583910 25.0439432566 24.6150407474 24.6392018453 24.6628113091 24.7401885863 24.9957742926 25.2339128056 25.2902077627 26.7284802685 26.8376377935 26.2656687701 26.8790433474 26.9399682584 27.8282545914 29.1923111072 29.0536411630 29.0562484588 29.0517811663 29.0663758933 29.1140450863 29.7770525794 29.7871140065 29.9415927439 29.9270215910 29.9308759568 29.9844575347 30.0094649429 29.9736959569 30.0076025887 29.9888187437 29.8322442686 29.8095565522 30.1626141008 11.8986346351 20.6470525009 22.3076311522 9999.0000000000 9999.0000000000 9999.0000000000 9999.0000000000 9999.0000000000
23.0265257705 23.1422038923 23.2211441325 23.2764041866 23.3232435712 24.1959356354 24.1303854855 26.3756891072 26.3118410076 26.0299418878 26.0082207096 27.5477086252 28.3165143337 28.3675687679 28.4074797237 28.4816132043 29.3958711263 29.4166894164 28.7220666942 28.5706172290 28.5693630867 29.8601112154 29.8661697598 29.9027049041 29.8992607277 29.8858918541 30.5920187384 30.5884449044 30.6220356433 30.6158285821 30.5983672442 30.5569829070 30.6404870935 30.9109692753 30.8976852684 30.8701082831 31.1558051908 17.4641349149 20.9116906626 31.3634388149 9999.0000000000 9999.0000000000 9999.0000000000 9999.0000000000 9999.0000000000 9999.0000000000 9999.0000000000
24.3532291206 24.3694575329 25.3763239598 26.2623613235 25.6990581402 25.5978050118 28.0612798815 28.2058574958 29.8146839195 29.7788347816 30.3540122404 29.4345845177 29.6512234490 29.7111393884 29.7906642663 29.8125834670 29.8138800426 30.5477890070 30.5937490775 30.3224983800 30.3095349809 31.5173989220 31.5564234916 31.5387617738 31.5345820854 31.5133276745 31.5017527901 31.5556903370 31.5287097765 31.5007343888 31.4870213333 31.5014180378 31.4563302090 31.6274734796 31.6160541843 31.6320822167 18.0501576397 18.2340203173 18.0539624998 31.4290856186 9999.0000000000 13.0181770219 26.9452653592 9999.0000000000 9999.0000000000 9999.0000000000 9999.0000000000
26.6645520169 26.7074615986 26.5048539732 25.1773231721 25.8020958281 27.8006917506 27.9588574776 29.7521701141 31.2190827972 31.2269942660 31.2680768548 30.3206878889 30.3332080948 30.3742694668 30.5266288924 30.2508967579 30.2555856470 30.2337489557 30.2550905908 30.2252976398 31.2376356160 31.2223100918 32.4618741288 32.5061486510 32.4893874640 32.4741397344 32.3319171730 32.3129211611 32.3533813935 32.3459319770 32.2984702361 32.4373712065 32.4538235727 32.4159894953 32.3605714948 18.4402854647 18.4137504548 18.4226756101 18.3786910493 32.0586226007 18.2978012308 18.2673706004 9999.0000000000 9999.0000000000 9999.0000000000 9999.0000000000 9999.0000000000
24.7350117133 24.9885252560 25.1478225400 28.6157380615 29.4735030038 31.4596305834 31.5048433549 31.6190740268 30.6719538057 30.6900728610 31.8276624021 30.4749615316 30.4505034001 30.4254724178 30.4485019587 30.4158801155 30.4450907861 31.4179775014 31.5856506641 31.5492993977 31.5445916494 31.5903513401 31.5862235148 32.9696555855 32.9503130342 32.9556172073 33.0089819035 32.9677036498 33.0117188569 33.0053420621 32.9713034153 32.9941066448 32.9530877061 32.8974504664 18.7071584514 32.8064426431 32.6693710231 32.4878457177 32.4601838656 18.5468604468 18.5110926395 18.4154041781 9999.0000000000 9999.0000000000 9999.0000000000 9999.0000000000 9999.0000000000
23.2408049342 25.8977006015 28.2928907254 30.4806051718 31.5208808170 29.6368715353 29.7115260037 29.7881465522 32.1692040015 31.1163185688 32.2211613238 32.9207275354 32.8633481695 32.8156577598 32.8293213097 32.7684341173 32.8032955003 32.7814941702 33.0098918639 33.0820262607 33.1228966825 33.1045796047 33.0854232889 33.1081840850 33.0976205296 33.1576284079 33.1381609139 33.1685172860 33.1270386523 33.1450869853 33.1133373838 33.0918660911 33.0671345000 33.0134303367 33.0458376557 32.9665909521 32.9224555171 32.8471999092 32.7541505685 18.6986151966 32.8688385780 9999.0000000000 9999.0000000000 9999.0000000000 9999.0000000000 9999.0000000000 9999.0000000000
24.2435011023 25.7696484332 28.3317031281 30.9790677857 29.9986986502 28.8458495925 28.9216026140 30.2595060202 30.4773401585 29.2004960356 31.8894996308 31.8452981883 31.8293856690 31.8823661073 32.5840139121 32.1487440378 32.8142527433 32.7779109066 32.7269224799 32.8917596780 32.8351747594 32.8523037024 32.8163437662 32.8032813559 32.8557455214 32.8917667503 32.8602175287 32.8904018097 32.8817736881 32.9224955931 32.9054137983 32.8747698222 32.9031978326 18.6704594671 32.8704699059 18.6261601921 18.6183182668 18.6066903407 18.5927439015 9999.0000000000 9999.0000000000 9999.0000000000 9999.0000000000 9999.0000000000 9999.0000000000 9999.0000000000 9999.0000000000
23.5828250879 27.6317031530 28.4038375248 29.1688643047 31.1478536460 31.2580083555 31.2698260532 31.1982951534 31.7208505003 31.7248463107 31.6359743010 31.6574809549 31.6923965584 32.1512853261 32.2394383256 32.3029398860 32.5055758003 32.3715523118 32.3190032796 32.2468028753 32.9223588633 32.9046334955 32.9162696726 32.8690743190 32.8773252550 32.8386542969 32.8247125726 32.7487898176 32.7512344520 32.6888173004 32.6996613876 32.6549743186 32.6692201488 32.6346723014 32.6758185402 32.6244835742 32.6256174885 18.5583563580 18.5718878929 18.5693265666 32.4987298809 18.5268884670 18.5366057121 9999.0000000000 9999.0000000000 9999.0000000000 9999.0000000000
24.7952906939 26.5266246570 27.9926863150 30.1515955653 30.6145060749 30.7787114871 30.0414738595 31.6554087913 31.6737777321 31.7676215200 32.1695953317 32.7335845213 32.6289815130 33.0207359511 32.9575502838 33.4330705809 33.4631935693 33.4541293269 33.4900114685 33.4724888380 33.4861052397 33.3621078171 33.2343573973 33.0386593414 32.9146336298 32.7495677629 32.6530105958 32.6831170823 32.5486173970 32.4441299017 32.4214916909 32.3199627455 32.3727875948 32.3421459761 32.2875365673 32.2927653033 32.2249732562 32.1447458700 32.0448482526 18.2728327200 18.4953675343 18.5011278663 9999.0000000000 9999.0000000000 9999.0000000000 9999.0000000000 9999.0000000000
24.8704213591 25.5736863473 27.4369787076 28.7970394129 29.4251548767 29.5825544454 29.9266538350 30.0190525304 31.8005121080 32.2676023061 32.4852030608 32.6249102654 32.6436493197 33.4477030265 33.4575782181 33.5633340001 33.6155765690 33.6447424488 33.6784722749 33.7234398758 33.7553922145 33.8044074888 33.6946794705 33.4910227975 33.1786117167 32.8719220706 32.5697892986 32.3349323007 32.0829440025 32.0765837096 31.8854731740 31.7316309374 31.6231476318 31.6393359681 31.5789438318 31.5153314732 18.0476222449 18.1085424410 31.6479593748 18.1857228745 9999.0000000000 9999.0000000000 9999.0000000000 9999.0000000000 9999.0000000000 9999.0000000000 9999.0000000000
23.7486830447 26.0389024043 27.6918265445 27.1422694204 28.4872804186 29.3197833525 31.2350707536 31.7631070793 32.1138355066 32.2683024569 32.3821724451 32.5220894592 33.4429221984 33.5731596861 33.7595554010 33.9311772259 33.9809091529 34.1497233021 34.2776764592 34.4384070486 34.5328967669 34.6591973794 34.6503099427 34.4982781971 34.0880605218 33.5378103191 33.3029745379 32.6995859505 32.1327042184 31.6147882550 31.2427111203 30.8722228801 30.5673083640 30.3665159445 30.2958360699 30.2105237497 30.2170938521 30.4555152543 9999.0000000000 9999.0000000000 9999.0000000000 9999.0000000000 9999.0000000000 9999.0000000000 9999.0000000000 9999.0000000000 9999.0000000000
20.3842436895 23.8150700752 26.7802466406 29.0311208228 30.4760624422 31.3632525795 31.9980017957 32.6996260264 33.0535275280 33.3800194203 33.6125779431 33.8894817105 34.0657099150 34.1883070359 34.5204826444 34.7714525415 35.0342472084 35.2355441137 35.5550981476 35.7846108964 35.9721216664 36.1644203367 36.2939718179 36.4939862920 36.3473459438 35.9978292254 35.4011050367 35.0528141716 34.1841815680 33.6313594307 32.7900609991 32.0941016253 31.0529419512 30.5377676559 30.0202218059 29.7271721356 29.8444085056 9999.0000000000 9999.0000000000 9999.0000000000 9999.0000000000 9999.0000000000 9999.0000000000 9999.0000000000 9999.0000000000 9999.0000000000 9999.0000000000
17.7180067840 22.2795567533 26.0268018174 29.5013534487 31.5665037779 32.9429461272 34.8644358746 37.5100584060 38.6713375628 38.8628465007 38.7011658750 38.6142835196 38.4736522101 38.4811181284 38.5934793740 38.5332994047 38.6057850556 38.6697439535 38.6338877433 38.8221151661 39.2596198653 39.3191515468 39.3654133659 39.6525695105 39.7202554741 39.5176337042 39.6802455070 22.9237756866 39.4572651421 21.6898529325 37.0900456910 36.3733576087 35.3827219515 34.1446289385 9999.0000000000 9999.0000000000 9999.0000000000 9999.0000000000 9999.0000000000 9999.0000000000 9999.0000000000 9999.0000000000 9999.0000000000 9999.0000000000 9999.0000000000 9999.0000000000 9999.0000000000
21.0174818058 30.6681772345 41.8251069495 51.9022484659 51.1032184004 48.8534852047 48.8039654447 51.1134354165 51.0082760593 50.2560028690 48.5202605487 48.6032131012 47.8718972881 47.3685713368 47.0627963659 46.9266276341 46.6818388668 46.7687848723 46.4574747020 46.1841329816 45.8801307832 45.6372892368 45.4264518921 45.3267004341 45.2889677254 26.2827835686 26.1402073957 44.9473459739 44.9498212547 45.2964501455 45.0165595394 25.0566190516 24.8894692340 25.4275811312 9999.0000000000 9999.0000000000 9999.0000000000 9999.0000000000 9999.0000000000 9999.0000000000 9999.0000000000 9999.0000000000 9999.0000000000 9999.0000000000 9999.0000000000 9999.0000000000 9999.0000000000
40.9832238802 53.9737803047 69.0437281737 78.1847845064 79.5382963261 75.3429688630 68.7665014411 64.8878873326 62.4784207321 60.6363922125 59.0058375383 57.8391693416 56.8369305111 55.8907933300 55.8075390290 55.1021170104 54.4294582796 53.9161463385 53.3597597969 52.9973268276 52.5340061286 52.2697923006 52.0012031193 50.9694306529 51.0391062708 29.9221488240 50.6746742176 50.4729647655 29.8791449459 50.4782453645 51.1653361609 51.2722588610 30.9607648524 54.0363318287 33.1413552049 9999.0000000000 9999.0000000000 9999.0000000000 9999.0000000000 9999.0000000000 9999.0000000000 9999.0000000000 9999.0000000000 9999.0000000000 9999.0000000000 9999.0000000000 9999.0000000000
57.6694358024 67.1580545604 74.7347522993 78.7194357254 81.2365463935 81.7227858352 78.5046096426 74.7497171396 71.7804598971 68.7377646100 66.8050465174 63.4543980123 65.0315714884 63.8136767666 62.6760141458 61.5936705144 60.5210724170 59.5632849145 58.6614293279 57.8835735214 57.2348000715 56.6980130388 56.1885436764 55.9994840878 55.7481228607 55.4638191825 55.0755018485 54.1261397302 53.9126055082 54.8881018767 33.5180717229 33.9843368274 57.0325484150 57.3061164469 35.3473914438 9999.0000000000 9999.0000000000 9999.0000000000 9999.0000000000 9999.0000000000 9999.0000000000 9999.0000000000 9999.0000000000 9999.0000000000 9999.0000000000 9999.0000000000 9999.0000000000
66.6307820356 70.4964916804 73.0290811043 74.9546373845 76.4549451414 77.0281258738 76.2369224103 75.3263962688 74.2417989532 73.3956961194 72.0265122363 70.5210700398 68.7025590451 70.7575795823 69.4302208722 67.9790839786 66.4750656579 64.9776103674 63.5326027405 62.0496125193 60.7966253883 59.7153190174 59.0209296788 58.3769134828 57.8027992160 57.5088961632 57.1936491178 57.0147263934 9999.0000000000 56.6493513761 56.4252323820 57.2917409590 36.4718195633 37.0108319912 36.9606804452 9999.0000000000 9999.0000000000 9999.0000000000 9999.0000000000 9999.0000000000 9999.0000000000 9999.0000000000 9999.0000000000 9999.0000000000 9999.0000000000 9999.0000000000 9999.0000000000
71.4982401696 70.1936021796 71.3648248930 71.5867892141 71.3425709400 71.9875631039 72.3820097046 72.9784675059 74.5521991630 75.1959796180 75.1691192854 73.7472944311 72.8514078073 71.6328247217 70.7201344776 69.6449668030 68.4184863931 67.0017394004 67.7411694196 66.1400682293 63.7366460287 61.6201583762 59.7483746242 58.2491182722 57.1382782655 56.1278497917 33.7020581646 33.5274400713 33.0854845815 51.4779004734 50.3640335519 50.1639271388 50.9565780521 55.6614078814 36.2217478396 9999.0000000000 9999.0000000000 9999.0000000000 9999.0000000000 9999.0000000000 9999.0000000000 9999.0000000000 9999.0000000000 9999.0000000000 9999.0000000000 9999.0000000000 9999.0000000000
72.0404963940 72.1538123908 71.6308114934 71.0633404087 70.0865238905 69.5627780515 69.3305024179 69.4680007291 68.3286737767 67.0676950249 66.3863893133 72.6913537947 73.8852736540 74.0729659447 73.8348250743 72.9332759511 72.1002331702 70.9967624280 69.4100178662 69.9199634255 66.8074699352 63.7046889751 60.4813641985 57.3340800474 54.9292905489 53.4725477337 51.5119697666 30.9937379498 30.6250366266 30.0517003052 47.4857393419 46.9846482156 46.4372056886 55.0806834362 9999.0000000000 9999.0000000000 9999.0000000000 9999.0000000000 9999.0000000000 9999.0000000000 9999.0000000000 9999.0000000000 9999.0000000000 9999.0000000000 9999.0000000000 9999.0000000000 9999.0000000000
74.0601274883 76.8829329754 75.8376101148 74.8841838213 73.3008339303 72.2752095899 71.7099969042 71.5939557413 69.9135324103 67.4266956048 65.6859131414 67.5440757768 71.2912406889 73.5707951244 74.6352082933 74.7702218941 74.7335547348 74.4351584581 73.7637208658 75.8859747439 73.6713386723 70.2804114553 65.7185161253 36.6331489349 33.7561324413 31.6726485325 49.0572267445 46.9506496447 46.4954525814 29.1044244950 9999.0000000000 9999.0000000000 9999.0000000000 9999.0000000000 9999.0000000000 9999.0000000000 9999.0000000000 9999.0000000000 9999.0000000000 9999.0000000000 9999.0000000000 9999.0000000000 9999.0000000000 9999.0000000000 9999.0000000000 9999.0000000000 9999.0000000000
