model_inputs/inputs/pr3.asc
ncols 720
nrows 360
xllcorner -180
yllcorner -90
cellsize 0.500000
NODATA_value 9999.000000
[rows 105 to 125 of 360, columns 470 to 516 of 720]
90.5198394321 74.4663469959 46.6819755966 48.0776850600 57.1599758696 59.3548521283 56.0024591396 62.6594698406 62.1218860033 56.0712200822 48.4145165537 39.0153308690 36.2466939550 33.1819168059 34.2041229014 34.4304979371 38.8787990960 50.8931118529 46.6779821436 40.8402092289 41.9281634968 44.1437189584 45.3800156247 44.9659600854 43.1028846069 43.1043320568 40.7192646526 49.1331306403 64.3506429624 79.7931889538 87.9983439809 82.7950586099 53.2546758768 39.2538512824 26.1656226357 21.7603890051 20.2842564904 21.1098168511 19.4506054977 16.0387821961 15.1624561840 15.3837733960 13.7037508248 6.3804298989 3.6253628277 3.2764808420 3.0482953152
42.6041226019 30.5066239089 27.4832145951 37.1141525684 46.3033660781 49.9287613202 60.5122509878 63.0382066593 54.8924253671 59.3600007123 58.8052313542 46.8303981470 47.8790638153 45.9665015806 42.2854290227 48.6995981773 61.4681054140 67.1326322481 62.2094449354 59.0951739578 53.4947215347 52.3858193192 52.3742632940 51.2470722897 50.3480267362 49.7268632753 50.6500487099 54.8552018590 59.1312894830 66.6970629827 82.0497303503 66.6188299656 36.7842212145 31.6342109581 40.6414512545 30.8756222657 24.6543434914 21.7464755697 20.5059827131 17.7003556746 14.2169095343 15.0918588188 16.9514099689 11.6516475828 4.4065408147 3.2861303116 3.0019822225
26.5957156371 24.4322895887 29.9573732482 41.3149067899 51.3397845207 51.1410501203 51.1852751370 62.3330816743 64.0053483658 55.6862738449 55.9094121563 53.5769715789 54.2746660067 58.0353483092 64.9978416623 68.0238134810 65.8174330601 64.9908165797 71.6498310794 78.9031109889 72.0208874554 61.7423995282 55.7423754944 61.4002780057 57.4369102833 56.2742261100 63.0993720260 65.1550243492 71.1627052515 84.7071917960 86.2034023739 71.4016004931 68.4260395356 80.1038296195 87.1510341531 43.3403795469 23.6102865601 19.6598598413 15.8488456509 15.7626469445 18.8969240844 22.2946913273 24.7463060659 25.3733559803 17.5982291257 6.5234522117 3.2940830351
23.6764991423 25.5346004851 38.9369139739 48.8982665702 50.1101687551 48.9637082792 47.3395233275 57.5369352009 64.8981043487 60.3239740594 59.9703483749 52.7965980582 52.1908143419 64.3239335041 69.5186897647 70.3811624553 69.2004865268 69.4379767519 79.3700055219 84.6195715712 80.1223965827 68.5915815993 57.8566047479 53.9647844271 46.2363920524 55.2039759932 87.0936547872 108.8699963875 160.6820644811 173.7908120267 118.4327934170 109.4371421495 119.2515220027 116.8023613282 125.3296706127 76.5336072072 25.3182491579 23.6460555461 20.9008230013 25.7663244847 37.6457933744 30.1175404165 25.6045542774 24.3307512137 25.1386309974 14.7386291792 8.5002426786
22.4803397432 26.6518220014 41.5605489397 49.3511486566 47.3534414778 44.4027889171 46.7358141323 53.4018065664 60.1220665849 61.6006248747 52.6966674370 42.9130659322 44.9764647055 65.5788207077 76.4150483301 82.6039009262 86.8284555618 85.6033094460 78.4147545928 62.0206682361 57.8772603767 53.6513950210 51.2413579272 46.7401517672 33.7122468918 35.9032428532 96.9982102979 167.2618417069 199.6577696409 154.5038202312 80.0506087253 99.4562536944 166.0117541905 191.4734635502 179.9931584392 159.1420532204 84.0000347234 44.4936057902 47.8803038131 72.2751058638 59.4035467948 30.0649937417 26.1088137631 28.4098677803 21.9954369531 15.1101051742 12.5448290783
22.6831406762 24.4202102185 31.7513813206 37.6177849830 36.3313839189 40.8387523494 42.5939668785 41.1549282144 47.4560548319 48.1681436067 43.5459551518 39.5338078961 42.3957746825 59.2443178757 66.9152837363 80.1183606964 86.0010705655 80.3266708972 63.0846853601 48.0293770088 47.5618224009 50.3386725322 54.1332968278 54.7017957433 47.8831374203 43.1660301983 66.2747706519 116.1857759580 113.3087830385 83.3354241913 65.9462278127 65.0042066700 114.8658053717 141.5148102678 150.0589797506 160.6819701847 143.9551825169 129.2129382491 154.1533864802 172.5371223874 167.0054497663 73.2148921816 36.8609643483 29.8381872999 18.7635748152 15.8579487907 16.0847033694
19.5539637934 19.8916698864 23.3479138697 28.1584381883 27.7763797785 31.6266813898 38.1695840042 44.7890458745 56.4976991736 47.9060514481 42.9110621335 40.8143060049 45.3007877804 50.4296402796 53.0062802718 62.5611092546 74.0005510161 65.1928230654 54.2833412765 50.5978132132 48.7836681423 51.7506292672 56.6585641354 62.0798486634 61.4706514170 58.7726142257 72.7565974812 82.0413096808 79.3223952642 93.8676543301 80.8992387028 61.6069333046 82.7653552406 83.4252226632 93.7302833190 132.1063953219 150.7110394305 164.6623914130 167.8154747933 131.6066526342 189.0783912968 129.1322959587 56.1705660657 35.1560899580 23.8557896228 28.8447840430 32.9967092257
19.5083372964 20.3308907803 22.8791074769 26.3145803183 30.4262362188 28.8700059755 37.7105302177 55.2825956256 49.8384064995 47.9046039982 46.4785546646 45.1149295550 48.3640962630 51.1084235623 50.9105802630 54.2484987527 59.3015322229 53.6112011760 49.7603620752 47.5899180165 46.3267138693 48.5090062721 58.5157177993 65.5497161206 72.9710510932 80.3227104479 83.9930096408 76.5859228559 77.6952635497 108.8152384618 108.1288265996 65.9672653419 72.8979713749 78.0591581133 79.3771060416 87.7006219234 124.0731615108 142.1486895997 128.4320696723 109.6221988555 128.2006191323 133.5817003855 106.8128353218 60.0586569635 45.4962123767 47.2993294825 44.1129076062
22.6982516760 23.5097005789 23.3826125914 26.4926590899 33.3547173359 30.5884213303 30.9431549977 43.6881069909 50.9617266362 44.0023073461 43.4751762659 43.5699300142 42.3659157241 46.3581098593 48.5425380757 44.5921785431 43.5160679044 48.9906911971 48.4117253800 46.4274507249 45.3548196238 48.7803300493 57.2245406220 69.5087556378 80.9535062872 84.2528434005 81.5501668258 75.6022651331 76.2519155396 75.8522873512 74.4886575267 65.2547145146 58.7693044217 64.4234397914 71.0324536194 74.2130479775 80.4297180148 81.2115201261 85.8920167666 112.1870706556 159.4031599816 133.8385355193 123.2108019758 112.1894940734 103.1057322398 99.1734210402 80.0509576220
21.8787192134 22.8280742595 22.9011681222 24.0821457992 30.2897091606 27.3621521483 28.3890801365 38.6638103519 46.6269112076 47.9792443221 44.3395160255 38.0257654760 37.3900049308 41.6683203075 41.0323145916 35.9615816851 31.8063985615 39.0304795874 44.9071898474 46.7746076756 50.0506724347 53.9155051229 58.3846457885 63.2376011345 76.4862656943 82.4821171118 76.3921295875 71.1092957645 69.2326510325 67.9812009330 60.7289629988 50.1057886868 49.2102981079 48.9508886822 47.9529356235 53.4350366215 62.2756268713 63.0881884717 60.1387287606 72.3794967053 110.6113964925 109.7048308002 119.5744023426 134.2428690987 152.8223360656 176.3642176520 171.5135914274
19.5703737263 21.3324271026 22.6632700651 20.6706548925 20.0925566023 24.7743804648 32.5335016823 44.3115382805 48.8025934319 47.8815155220 40.1665556710 35.9096432221 36.6215646209 37.4754539807 33.4381555149 30.5616411497 32.9775529099 37.4624340038 40.3461196111 41.6942423908 48.7891986268 52.3775118054 55.7754876791 59.6697644214 64.6769886953 74.7470108327 67.3203858314 57.6018347056 49.0104085766 46.3288166793 39.0454703593 39.0759068832 43.7626388739 46.0634854389 42.6137361210 40.1572297560 43.9923920785 51.0566312587 48.9027220756 51.5778782428 56.7544164369 74.8030794784 108.5947451647 142.1173077542 187.7259544563 195.5538012553 146.8830577796
18.3826255670 28.1582967436 28.3079970104 20.4825972032 15.0227595877 16.5638281469 30.7536757900 45.6530320225 41.1987194675 39.1074773215 36.0516394721 31.8219126784 25.0375923933 22.9307701229 23.8781661610 25.6997323595 33.7454109394 37.5180146657 37.8194637888 36.5343310114 40.9926440916 44.7374280193 49.6720912051 58.4517376847 62.8457005369 63.3627749048 54.0851302212 45.2162180445 43.5180952772 42.2162390314 38.3030535013 35.0457843742 36.2974985037 37.5276541163 35.9074201842 32.4544011382 28.6752060929 31.9612992753 36.3759342581 37.7594865568 38.1095879129 54.8440748826 76.3435009285 86.5955905756 117.4918755423 154.4881575974 130.1871144678
19.7211961204 29.5733817620 35.3585632110 25.1430605713 23.2765362016 25.6797226612 33.3018689125 37.1585850371 35.9138842032 34.0985698567 29.3653426634 22.0344992413 16.5862011490 14.0348997811 12.5439379772 13.3595736406 29.5488976990 36.6612280486 37.6626252837 38.5460529942 41.7844982003 44.0782819642 45.3740608064 49.2757068132 52.8645669110 49.3585980730 38.8253990386 41.2441184744 43.1131770601 43.3196579106 41.0872422508 34.1995424533 29.6741799102 25.3388812125 24.5533166744 24.1161844460 23.2711400895 25.8527282858 29.1522280604 24.1418943624 24.4510144985 26.9458617840 33.4529859829 54.4844330871 92.2220028006 121.5343720978 112.8589231521
22.9177619331 23.6741393746 40.8850990352 49.3857601541 42.1753945411 42.5153943943 42.1299248119 36.3755099243 29.2566047574 26.2930477329 21.8463920464 17.9734097910 14.7069762315 12.7929394366 11.7356692208 11.5123399592 22.9744906537 37.1280141408 41.0643093637 42.0914000133 44.0151363728 45.2464730479 43.3299833676 42.1227771440 43.6260033748 41.3641389459 35.2393819776 35.8600833861 39.6003905917 41.4858190343 37.8094070766 22.7664256236 19.9898348073 19.4888096885 20.4385489924 20.5747271539 18.2359616447 15.6612476567 15.2921773988 15.4094455938 16.0231549235 22.3571414826 22.6823462290 28.1735774770 59.1428219341 66.3909956929 73.9798623836
42.8765307879 40.8231698675 36.9314438431 36.2098523474 37.5974994677 38.0129152327 36.9986842561 25.2303271845 13.0551824695 17.0716143184 18.5422729264 16.8028518674 12.5468576298 12.2432125791 12.7717015275 11.9807585579 16.4699454617 31.5272576117 32.7805488487 33.6225686478 40.6046426506 44.9870494776 44.1729272716 44.1839646664 44.7493376560 37.3332243471 34.0679683140 34.9507218052 35.0607232831 35.3107478586 31.4904419356 21.5870557004 17.4448406906 17.4325114349 18.2381174964 16.4798854821 13.9591998013 13.1910223427 13.9979014057 15.9733310575 11.0741787212 13.6244770110 15.8690227254 18.3974466054 23.3247664582 31.2976411369 46.1191721843
40.7778038643 47.9648122564 60.5789326946 53.9017802803 37.4056439905 34.2913989443 26.0543175100 12.8441459237 8.9962099737 12.3138252675 15.9807474702 14.9181825109 12.5055015815 10.6971781352 9.8533749551 9.5589674165 11.2784400699 17.7943621238 21.9760472537 22.6940413413 28.0179648253 40.9643976018 43.5178076732 43.1733240257 37.5587294984 26.5348708781 26.3165275392 30.9448240441 34.0726925642 33.3269399707 29.4929233496 19.7972367459 14.1883695469 12.6515278243 11.8275858258 11.6914807440 10.6892925978 9.9104172114 9.6620416443 13.2223263936 11.0777395894 11.7743625742 14.2928971181 13.1496780814 15.6946498028 21.7342429678 24.5602380310
37.4348193000 35.7916784124 51.5787269105 65.0672485353 64.0316570643 54.8724298133 30.8154564409 14.2799902969 9.6161711554 13.9550896565 20.3735622636 19.6968982928 15.3115340945 14.5716502739 9.9101296073 8.7505418924 11.5129929618 16.9731358619 20.3957784979 22.4359214189 26.6059915884 35.2079152653 38.9399668202 37.5908822170 30.7279588014 22.4162016821 20.3299289569 22.0213142456 29.1290287860 26.6432009521 18.3533371019 10.9247625223 9.4224786662 9.7737675678 9.5569724581 8.3645731283 7.9453978833 9.1233132844 8.1261375817 8.9204569522 10.3866270510 13.2542150823 12.9488950915 12.5890882773 12.9966385430 16.3428504020 15.5769419507
44.8559303186 34.3014132231 36.5150591824 46.9658077927 53.8437644136 55.0127758761 49.3097808212 17.3485805572 10.6721176853 23.2251918060 31.7269679799 36.8044902280 33.0637893348 27.6634621841 13.4140050650 9.4721475325 11.0343267006 17.1349520388 20.3526732512 22.0623072528 24.9628389138 30.9190198313 33.0096254766 32.9211306525 29.8311740044 18.1321389391 14.2892183794 12.5880074047 13.5339559929 11.3356779912 7.3447486066 5.6495278113 6.6136838577 8.2833432534 8.5150590021 7.1970226709 6.7170934271 6.5564241304 6.9598100308 8.2324785908 9.3573086488 10.7002368750 11.4981035586 10.9634110850 10.8726625767 15.3065446357 11.5765522787
48.6118883709 39.6051195567 36.1831641058 37.9580747976 37.6087584591 37.4502980558 37.3501246213 24.9974834151 14.5684878080 31.2171709375 36.5984620003 40.6813244917 36.4006399177 25.9825838730 17.5559513300 12.7826776297 12.5809233868 16.5180731710 19.6899604343 20.1213170076 23.1755989662 26.7238786037 27.6019479206 27.4853999144 25.0344051747 12.1408479317 10.9229308146 10.1941433240 8.5390161839 5.5442116864 4.2429386049 4.2170041452 4.0531346640 3.8661687504 5.1575687030 5.6450711272 5.9339069267 5.3605110807 5.4725517184 6.9217855926 7.2884636684 7.9883104117 8.8712295110 9.2280707031 10.0908427848 11.2257767032 10.7628308324
41.4760876447 42.9492851836 44.2007635720 35.9364021861 33.7783934665 32.3365376971 28.6770118691 26.8683430622 26.9923216256 32.9285211337 32.5085932855 34.4588198641 29.4802947028 23.2168960792 20.6899243640 14.6249595709 13.5299036046 13.9615866792 15.1579075609 16.6336935363 20.3851017868 23.9231738378 23.8895760267 23.8691325649 18.9152364474 7.7843985491 7.6056744365 7.1271195629 6.3486467043 4.3043338192 2.5917126841 2.4190297299 1.9767820686 2.2704645562 3.5533884402 4.5686675803 4.6224533689 3.9134601684 3.2389791595 3.8810499027 4.2823547992 6.3782174693 7.2799145200 7.3646528108 6.1692801974 9.5307586453 10.8092588489
32.4493633525 35.9709547483 40.0938767125 35.2324959822 34.8193857644 31.9411999953 26.9098216959 25.6418155041 30.2595838148 36.6285684868 34.2324118246 30.0212496368 27.2727567935 22.5063231192 20.9873470303 17.2846086934 13.6359033786 13.4085676982 13.8698138762 14.3560568540 16.0886190279 19.1602267732 20.2472262899 21.7879754200 12.3594918405 4.3272121911 4.8973604098 5.4881377364 5.4409023069 3.5021645672 2.3016828563 2.3120987789 2.3954295484 2.5728424989 2.7127088288 2.7820435062 2.4014220853 1.9184486882 1.5508818688 2.3772758686 3.5908913014 4.6702301188 5.0566031787 4.9978724273 5.6328143619 7.4198527509 9.4384819458
