model_inputs/inputs/pr3.asc
ncols 720
nrows 360
xllcorner -180
yllcorner -90
cellsize 0.500000
NODATA_value 9999.000000
[rows 63 to 83 of 360, columns 611 to 657 of 720]
26.3370417233 22.7031409449 19.4096702471 15.6415008096 13.0136401858 11.7300868733 11.0104956402 10.3699082974 9.6438200417 9.1908890390 8.8461873311 8.6268397354 8.5910495327 8.5797245338 8.5458744798 8.6716664810 8.8328214042 8.9859399159 9.0893577362 9.1541876973 9.3294558465 9.4260855039 9.6993146581 10.3644426417 11.3727765565 12.4977952073 13.6923327082 14.9252158444 17.6195766544 20.2019805147 15.3728715522 15.2751710411 9999.0000000000 9999.0000000000 9999.0000000000 9999.0000000000 9999.0000000000 9999.0000000000 9999.0000000000 9999.0000000000 9999.0000000000 9999.0000000000 9999.0000000000 9999.0000000000 9999.0000000000 9999.0000000000 9999.0000000000
18.9095374080 17.8314701188 17.1013047220 16.2574449641 14.5454794838 11.9238271000 9.6134713312 8.3128597980 7.6386852525 6.9543184436 6.3918209053 6.4198699620 6.7364513015 6.7935165425 6.6590386632 7.0041576328 7.9247628819 8.5476961685 9.0677597327 9.1836659340 9.3487259073 9.7292125138 10.8692761569 12.9145346582 15.3221165092 17.5729140756 19.5766114339 21.7740808439 24.5268429571 19.4972268218 9999.0000000000 9999.0000000000 9999.0000000000 9999.0000000000 9999.0000000000 9999.0000000000 9999.0000000000 9999.0000000000 9999.0000000000 9999.0000000000 9999.0000000000 9999.0000000000 9999.0000000000 9999.0000000000 9999.0000000000 9999.0000000000 9999.0000000000
17.5220364472 17.0245839836 16.5496766131 15.7398048177 14.9991265498 12.4279675365 8.3636166091 6.9899660230 6.8282423745 6.8788901553 6.8301176943 6.8845414571 6.9757702877 7.0724076068 7.1359775320 7.3176831793 7.7856886419 8.2758502249 9.1679019315 10.2653323993 11.4838966256 12.7679980360 14.8857657623 17.7525322360 20.7404860994 23.3365700115 25.0762020587 18.4403467574 18.9705047524 9999.0000000000 9999.0000000000 9999.0000000000 9999.0000000000 9999.0000000000 9999.0000000000 9999.0000000000 9999.0000000000 9999.0000000000 9999.0000000000 9999.0000000000 9999.0000000000 9999.0000000000 9999.0000000000 9999.0000000000 9999.0000000000 9999.0000000000 9999.0000000000
17.6944421110 16.8011509959 16.2184227520 16.0067108081 15.1219582331 12.2902924195 8.5556288541 7.7838215730 7.7981487339 7.8088183727 7.8140176411 7.8318750238 7.8676823177 7.9715421525 8.1565481742 8.3279890678 8.8714970771 9.1182908218 10.8530076686 13.6612160713 16.0436007427 18.5125636635 21.3797049655 24.6836343140 27.9343309812 29.5958596689 19.4368052180 9999.0000000000 9999.0000000000 9999.0000000000 9999.0000000000 9999.0000000000 9999.0000000000 9999.0000000000 9999.0000000000 9999.0000000000 9999.0000000000 9999.0000000000 9999.0000000000 9999.0000000000 9999.0000000000 9999.0000000000 9999.0000000000 9999.0000000000 9999.0000000000 9999.0000000000 9999.0000000000
14.8573212500 14.8036194441 15.0343568675 15.5798227061 15.3949416272 12.2074235551 9.6580670506 8.7834590013 8.6107969692 8.4927832431 8.4440602877 8.4510010929 8.4365548828 8.4561166732 8.7730858068 9.6326635976 11.5294924763 16.2564218481 19.7637650563 21.7068380734 23.8559074933 25.8149814326 27.8661947523 30.1345397020 31.8504090537 20.9734713135 9999.0000000000 9999.0000000000 9999.0000000000 9999.0000000000 9999.0000000000 9999.0000000000 9999.0000000000 9999.0000000000 9999.0000000000 9999.0000000000 9999.0000000000 9999.0000000000 9999.0000000000 9999.0000000000 9999.0000000000 9999.0000000000 9999.0000000000 9999.0000000000 9999.0000000000 9999.0000000000 9999.0000000000
13.6221573193 14.0173135005 14.5428651158 14.3591792439 13.7319442729 12.2637067252 10.6929100439 9.6390869512 9.0555825300 8.7009838244 8.5562883396 8.4969988820 8.4614803709 8.4992236880 9.5710892201 12.4535230425 18.2884717797 25.4153697460 30.7292600919 31.7676804552 31.8038006953 32.1433337813 32.3242909508 21.0865091358 9999.0000000000 9999.0000000000 9999.0000000000 9999.0000000000 9999.0000000000 9999.0000000000 9999.0000000000 9999.0000000000 9999.0000000000 9999.0000000000 9999.0000000000 9999.0000000000 9999.0000000000 9999.0000000000 9999.0000000000 9999.0000000000 9999.0000000000 9999.0000000000 9999.0000000000 9999.0000000000 9999.0000000000 9999.0000000000 9999.0000000000
13.2586411200 13.6013201700 14.1122110508 14.0505718446 13.1136462442 11.7493634170 10.7289135922 9.9979219231 9.2755041551 8.8335604523 8.6071524129 8.5059087141 8.4377512685 8.7069079964 11.2020140077 16.5112013201 22.0650677802 27.3145890387 32.9001614882 35.1967340684 35.2385120932 23.2729246491 9999.0000000000 21.3588560291 21.2947344698 9999.0000000000 9999.0000000000 9999.0000000000 9999.0000000000 9999.0000000000 9999.0000000000 9999.0000000000 9999.0000000000 9999.0000000000 9999.0000000000 9999.0000000000 9999.0000000000 9999.0000000000 9999.0000000000 9999.0000000000 9999.0000000000 9999.0000000000 9999.0000000000 9999.0000000000 9999.0000000000 9999.0000000000 9999.0000000000
13.0924684490 13.0951276078 13.1626261573 13.0701154849 12.0508561522 10.7107120275 10.3107561590 10.1332820632 9.4232648626 8.8322568045 8.6934224310 8.6190596921 8.6668473450 8.9074534771 12.4612529908 18.7872656097 20.9207879088 27.0518179459 30.6465479953 24.9880396295 24.7456200595 23.6253574840 22.7316255332 21.3784838270 36.0574787774 21.1645912786 9999.0000000000 9999.0000000000 9999.0000000000 9999.0000000000 9999.0000000000 9999.0000000000 9999.0000000000 9999.0000000000 9999.0000000000 9999.0000000000 9999.0000000000 9999.0000000000 9999.0000000000 9999.0000000000 9999.0000000000 9999.0000000000 9999.0000000000 9999.0000000000 9999.0000000000 9999.0000000000 9999.0000000000
10.1076911960 10.1460651204 9.7290551566 9.0617890019 8.2635804938 8.7865472087 9.1600240557 9.4638630035 9.4812153111 9.3876125684 9.3137360454 9.2311500703 9.6176262668 10.7678674394 12.5537129788 14.8908471601 17.1407595190 19.7869466501 24.4013957272 27.9155730677 29.8414122371 30.9433058719 32.4254002771 20.4915577197 20.5323291302 9999.0000000000 34.2115133826 26.0264246317 42.8885064321 31.3864942873 9999.0000000000 9999.0000000000 9999.0000000000 37.1616968187 55.6489136070 9999.0000000000 9999.0000000000 9999.0000000000 9999.0000000000 9999.0000000000 9999.0000000000 9999.0000000000 9999.0000000000 9999.0000000000 9999.0000000000 9999.0000000000 9999.0000000000
9.1931439019 8.6870916057 7.7652563778 7.2866396222 7.4127115658 7.8920762098 8.4584776196 9.2730188553 10.2294207900 10.9550634952 11.5140184353 12.4692222162 13.1404653221 13.4332521411 13.0087874568 12.4522818660 12.0455225115 12.8526762128 15.9370493348 20.3375976125 23.0448899965 26.1230030155 25.2143958060 23.6315504008 16.8726665725 16.7772162094 31.9209097652 39.3540671503 44.2800102755 47.7116358234 32.5661989627 9999.0000000000 9999.0000000000 9999.0000000000 35.7437027560 9999.0000000000 9999.0000000000 9999.0000000000 9999.0000000000 9999.0000000000 9999.0000000000 9999.0000000000 9999.0000000000 9999.0000000000 9999.0000000000 9999.0000000000 9999.0000000000
9.3720436416 8.8436902442 8.3014605407 7.8200308053 8.1500352389 9.0220577986 10.0994944805 10.9764947119 11.7115328758 12.3771205544 13.2522289641 14.4343440916 14.7049582883 14.5395423460 14.1523377097 12.8201899206 10.6377996854 10.3200408194 13.2348135958 18.9430090977 22.4182431994 22.2775670991 19.4710949290 16.2350648898 14.1777305544 15.6778685778 24.1228299856 33.6778192723 39.2362414277 43.1321730721 45.1914605219 44.2509009736 30.2547676256 46.3470913237 51.3051494490 35.8325582638 9999.0000000000 9999.0000000000 9999.0000000000 9999.0000000000 9999.0000000000 9999.0000000000 9999.0000000000 9999.0000000000 9999.0000000000 9999.0000000000 9999.0000000000
8.7592766868 8.7791390470 9.0724881084 9.4718381224 10.3425163688 10.9466770082 11.5447201679 11.9437590038 12.0178476936 12.4276386778 13.4203441412 14.4651589799 15.0980352337 14.7301024263 14.2633151554 13.1384155538 11.7786813498 11.7058915930 14.8720338475 21.3586273603 22.8827638202 20.1244170021 16.5197280730 13.4567519854 12.8087859484 13.8964761863 18.0292650912 25.1808239263 29.9664869963 32.6631663193 35.6294885860 25.5297560070 29.0359912324 47.6967699942 53.6173775909 57.8470148030 9999.0000000000 9999.0000000000 9999.0000000000 9999.0000000000 9999.0000000000 9999.0000000000 9999.0000000000 9999.0000000000 9999.0000000000 9999.0000000000 9999.0000000000
9.1557748237 9.1922103675 9.5859798021 10.8135623013 11.5895852214 11.8026868586 11.7958892661 11.8043700495 11.6801486729 12.2053278174 13.1826806464 13.6665190657 13.8633463212 14.2184288852 14.4366390305 13.9655648090 13.7857521622 13.9331079845 17.7864742291 24.4112355576 25.2489247941 22.2406641988 17.6792014536 14.5139561937 13.4778897045 13.9425517700 16.0025947698 21.3249776862 24.5873458916 25.9333847207 29.7199018823 38.7046053365 46.5102524031 51.2539983611 58.7093931972 40.1692336891 9999.0000000000 9999.0000000000 9999.0000000000 9999.0000000000 9999.0000000000 9999.0000000000 9999.0000000000 9999.0000000000 9999.0000000000 9999.0000000000 9999.0000000000
9.8793041107 9.8893431423 9.4907150851 10.8934525779 12.7548000746 13.0462573143 12.1560308326 12.6220955572 13.7775012263 14.5651897910 14.6410088200 14.0647280932 13.5598486086 14.3036186200 15.0452127418 14.9219555460 14.8866922245 15.5472185434 18.2370201219 23.0316460656 29.1672447638 29.9415998161 26.9922791922 22.9793799226 20.5933766265 18.5518958751 22.6184226922 30.3643942752 33.8116211642 38.1177304080 41.5500773233 27.8403811099 31.5954315593 56.4623191603 63.0799233913 65.4330761754 9999.0000000000 9999.0000000000 9999.0000000000 9999.0000000000 9999.0000000000 9999.0000000000 9999.0000000000 9999.0000000000 9999.0000000000 9999.0000000000 9999.0000000000
10.4713570909 10.4107115330 10.5250482884 11.8132586649 13.5575407039 13.9378888125 14.5366097277 15.8416425838 15.6490787049 15.3172048449 14.8011854180 13.8483048650 12.7341326588 13.1051513163 14.1649498546 14.7558076278 15.3067014035 16.6329073400 17.0769762481 19.1768064396 25.0940735859 29.0585893672 27.8555628320 25.3666538629 23.6656762718 22.5423702796 27.2264831874 38.3630778815 41.7632673634 45.0164888171 32.7214957215 9999.0000000000 9999.0000000000 57.5179014704 62.9895638558 62.5347204041 9999.0000000000 9999.0000000000 9999.0000000000 9999.0000000000 9999.0000000000 9999.0000000000 9999.0000000000 9999.0000000000 9999.0000000000 9999.0000000000 9999.0000000000
10.5093113962 10.6456899375 10.9723716014 11.5872584574 11.9318328652 12.2436321981 13.1274559535 13.9259874268 13.7705999077 13.5402137385 13.1406668806 12.5601887848 12.5885590387 12.8290667490 13.3526805730 13.9433674340 14.3566143815 15.3685457044 16.6029965185 17.5437434809 19.7323690663 21.4724690595 20.9201631951 19.7885237576 19.2783554230 18.0477295071 21.0845737020 31.5296810295 37.9897583916 41.2893147441 34.3977935845 9999.0000000000 9999.0000000000 48.2792577823 53.3758609090 56.9337776396 45.3305288684 9999.0000000000 9999.0000000000 9999.0000000000 9999.0000000000 9999.0000000000 9999.0000000000 9999.0000000000 9999.0000000000 9999.0000000000 9999.0000000000
9.1925197776 10.5381319154 10.7584012585 10.5048476398 10.7526350330 11.8552783242 13.5772227222 14.5252151851 14.1849725187 13.3685600886 12.5199548638 12.7686640044 13.8055107964 14.4719176751 14.8712476512 15.9890361247 15.5097581155 14.4069993112 14.6076726814 15.9800791444 17.7647459786 19.4486405962 19.8919409886 19.3022124149 18.5662748991 19.8108555051 24.2278078222 29.9902308325 30.7815851702 30.9463822923 25.8581432572 9999.0000000000 9999.0000000000 40.9538882668 43.7224638881 53.1225571758 60.5610682396 9999.0000000000 9999.0000000000 9999.0000000000 9999.0000000000 9999.0000000000 9999.0000000000 9999.0000000000 9999.0000000000 9999.0000000000 9999.0000000000
7.6268846460 9.3163781130 10.3670735116 10.5747130292 10.9692716069 12.3476576409 13.7731388386 14.6797222114 14.9210349773 14.8707030894 14.7172297875 15.3842990985 15.2493538626 16.6346341430 19.0804378653 20.4495958169 19.5370246220 17.9412971484 17.8064120264 19.7647752066 22.8069518635 25.4355986835 25.4827610333 24.6333648975 27.4546875735 34.3058899452 35.6334183889 33.8209965848 31.1217123235 30.1794672268 9999.0000000000 9999.0000000000 9999.0000000000 41.1793839885 45.1811303501 52.3530041683 58.3627218730 43.5665023397 9999.0000000000 9999.0000000000 9999.0000000000 9999.0000000000 9999.0000000000 9999.0000000000 9999.0000000000 9999.0000000000 9999.0000000000
7.2020675289 8.4917948989 10.1615886670 10.8010774566 11.3371466578 12.3887755908 13.5661087115 14.6961828286 15.9931816306 16.3338651328 16.5812847699 17.6324021450 17.4761470989 20.6088388804 23.4676962427 22.9710606218 23.1951018213 23.6197138438 24.9029748375 26.3217939937 26.3261127693 27.3760514392 29.0048592724 29.7991179395 34.0836521646 41.0732910968 41.9298231136 40.6422716333 42.4878315534 44.5076323813 9999.0000000000 9999.0000000000 9999.0000000000 44.4268203573 51.0370788979 40.0423390092 40.1089075604 52.2786467336 9999.0000000000 9999.0000000000 9999.0000000000 9999.0000000000 9999.0000000000 9999.0000000000 9999.0000000000 9999.0000000000 9999.0000000000
7.3675170643 8.2148103902 9.4417929286 10.3387209383 11.1343197932 12.5256633328 13.4979984141 13.1716715405 12.7304480266 12.6041686308 14.7377027170 17.4395860231 18.6405333225 23.6242518586 29.0673683630 29.0141545411 27.3012649559 26.4375781990 27.6761120476 29.2804829660 28.0788237287 28.3962843823 29.8163341067 30.8970959159 35.2002914005 40.8016278525 42.5045503071 48.6430203309 53.1919451896 44.7612142889 9999.0000000000 9999.0000000000 33.9906405425 48.3722340432 51.8859681906 9999.0000000000 9999.0000000000 9999.0000000000 9999.0000000000 9999.0000000000 9999.0000000000 9999.0000000000 9999.0000000000 9999.0000000000 9999.0000000000 9999.0000000000 9999.0000000000
7.8526267171 8.3270873583 9.0908552811 9.9316562992 11.6696876648 13.1629432290 13.5917773732 13.2755838276 12.8601444885 13.2099924231 14.7771516204 16.1813253653 17.3293169792 19.6757959347 22.5239636202 24.8470641382 25.7780290267 27.0217043872 28.5365880118 29.6863347176 29.3028760061 30.3490711085 31.5565555065 31.3137493213 31.8683041551 34.7321710142 40.8820202574 47.8732834454 52.2901414661 39.0038384940 9999.0000000000 9999.0000000000 9999.0000000000 65.0110243005 44.4354861975 9999.0000000000 9999.0000000000 9999.0000000000 9999.0000000000 9999.0000000000 9999.0000000000 9999.0000000000 9999.0000000000 9999.0000000000 9999.0000000000 9999.0000000000 9999.0000000000
