model_inputs/inputs/pr3.asc
ncols 720
nrows 360
xllcorner -180
yllcorner -90
cellsize 0.500000
NODATA_value 9999.000000
[rows 126 to 146 of 360, columns 141 to 187 of 720]
7.3349641752 11.0672043229 13.6141751282 17.9098162916 17.9507161811 14.9575182586 9.4696840388 5.0818899399 4.2276675958 4.4335187231 3.7469338859 3.2773433595 3.9782450440 7.3571969115 9.1420222816 9.1538134584 9.5409173155 12.2248624975 17.7286552062 19.4514742034 20.1693020936 32.9606620653 32.0716520073 33.0095429672 33.3586188499 9999.0000000000 9999.0000000000 9999.0000000000 9999.0000000000 9999.0000000000 9999.0000000000 9999.0000000000 9999.0000000000 9999.0000000000 9999.0000000000 9999.0000000000 9999.0000000000 9999.0000000000 9999.0000000000 9999.0000000000 9999.0000000000 9999.0000000000 9999.0000000000 9999.0000000000 9999.0000000000 9999.0000000000 9999.0000000000
5.6715248065 6.8766246841 12.4379193439 14.5654703229 21.1534949485 23.1989726890 13.5720317048 7.3545778287 4.6329989491 2.9513450500 2.3261050374 2.5204399208 3.6352359566 5.2939655143 7.2972143753 8.3828130009 8.1914832263 11.2253181869 18.7507116061 19.3492144608 18.5004772211 24.5558909664 27.3502967320 32.5636341004 33.6245135113 9999.0000000000 9999.0000000000 9999.0000000000 9999.0000000000 9999.0000000000 9999.0000000000 9999.0000000000 9999.0000000000 9999.0000000000 9999.0000000000 9999.0000000000 9999.0000000000 9999.0000000000 9999.0000000000 9999.0000000000 9999.0000000000 9999.0000000000 9999.0000000000 9999.0000000000 9999.0000000000 9999.0000000000 9999.0000000000
4.9431958323 4.6729408459 5.1344507592 8.1017542980 15.9934621624 21.4591850527 12.4435830221 6.6695108690 4.6302534502 2.0703276441 2.0628281327 2.7623986171 4.6187996777 5.4867562940 6.8402079996 7.4209342129 7.6273914892 11.4769740903 21.0998261464 20.7049835008 17.0913022303 21.1845443991 27.7545336576 32.0310385432 35.7960301917 9999.0000000000 9999.0000000000 9999.0000000000 9999.0000000000 9999.0000000000 9999.0000000000 9999.0000000000 9999.0000000000 9999.0000000000 9999.0000000000 9999.0000000000 9999.0000000000 9999.0000000000 9999.0000000000 9999.0000000000 9999.0000000000 9999.0000000000 9999.0000000000 9999.0000000000 9999.0000000000 9999.0000000000 9999.0000000000
3.8672723131 3.6527046614 3.9044978839 4.4239844719 5.9088417620 12.4436832120 16.5610075055 8.3441255410 4.2692007446 2.4520963871 2.8406419478 3.5455465149 4.6496590621 5.5399718840 6.2699905320 6.5624803174 7.6979847290 8.4689474679 19.3210823054 26.5018624195 22.2405911190 20.5721457896 20.6498507468 23.6946912773 27.8891064227 9999.0000000000 9999.0000000000 9999.0000000000 9999.0000000000 9999.0000000000 9999.0000000000 9999.0000000000 9999.0000000000 9999.0000000000 9999.0000000000 9999.0000000000 9999.0000000000 9999.0000000000 9999.0000000000 9999.0000000000 9999.0000000000 9999.0000000000 9999.0000000000 9999.0000000000 9999.0000000000 9999.0000000000 9999.0000000000
9999.0000000000 9999.0000000000 3.3745161054 3.3092898047 4.0552289283 9.1480737537 17.6712192624 13.9262773882 4.5193835613 2.6326570696 2.6819443301 3.2642538390 3.6518456800 3.7656343375 3.5365683179 3.7895505593 5.8657577320 8.4598602407 12.5198145979 24.8057953140 28.3579764655 22.2492215980 19.0328335011 19.6048237412 9999.0000000000 9999.0000000000 9999.0000000000 9999.0000000000 9999.0000000000 9999.0000000000 9999.0000000000 9999.0000000000 9999.0000000000 9999.0000000000 9999.0000000000 9999.0000000000 9999.0000000000 9999.0000000000 9999.0000000000 9999.0000000000 9999.0000000000 9999.0000000000 9999.0000000000 9999.0000000000 9999.0000000000 9999.0000000000 9999.0000000000
9999.0000000000 9999.0000000000 9999.0000000000 3.4931686896 5.0766282002 7.0630516348 11.1162596731 14.4030506490 6.2584132902 2.8668675477 2.4782352048 2.3873403898 2.4747403440 2.5590050900 2.7704046770 2.9558052702 5.8959950547 8.3576936158 13.2023249462 22.5971282052 23.1389105902 20.5481567828 19.0473916882 18.5256472905 9999.0000000000 9999.0000000000 9999.0000000000 9999.0000000000 9999.0000000000 9999.0000000000 9999.0000000000 9999.0000000000 9999.0000000000 9999.0000000000 9999.0000000000 9999.0000000000 9999.0000000000 9999.0000000000 9999.0000000000 9999.0000000000 9999.0000000000 9999.0000000000 9999.0000000000 9999.0000000000 9999.0000000000 9999.0000000000 9999.0000000000
9999.0000000000 9999.0000000000 9999.0000000000 9999.0000000000 9999.0000000000 6.8007632217 15.7128749415 21.1215025338 10.0502210698 3.8879185122 3.0736056506 2.6290540627 2.5879381756 3.1882571202 3.8252874256 7.9361344397 10.7682234084 9.8154778170 13.8964219659 19.4237263058 17.6475414337 18.9238893217 19.6457908169 20.0035667222 9999.0000000000 9999.0000000000 9999.0000000000 9999.0000000000 9999.0000000000 9999.0000000000 9999.0000000000 9999.0000000000 9999.0000000000 9999.0000000000 9999.0000000000 9999.0000000000 9999.0000000000 9999.0000000000 9999.0000000000 9999.0000000000 9999.0000000000 9999.0000000000 9999.0000000000 9999.0000000000 9999.0000000000 9999.0000000000 9999.0000000000
1.1420670735 9999.0000000000 9999.0000000000 9999.0000000000 9999.0000000000 5.8912902532 14.2435848102 18.7576247117 11.3542756008 4.9749790269 3.5113740851 3.3307357553 3.4937998862 4.5170765407 4.7434212247 9.7293775325 12.1441400552 11.0626710230 14.9086951133 18.5503741668 21.8020538741 24.9867029779 22.2126180888 19.4577531656 9999.0000000000 9999.0000000000 9999.0000000000 9999.0000000000 9999.0000000000 9999.0000000000 9999.0000000000 9999.0000000000 9999.0000000000 9999.0000000000 9999.0000000000 9999.0000000000 9999.0000000000 9999.0000000000 9999.0000000000 9999.0000000000 9999.0000000000 9999.0000000000 9999.0000000000 9999.0000000000 9999.0000000000 9999.0000000000 9999.0000000000
9999.0000000000 9999.0000000000 9999.0000000000 9999.0000000000 9999.0000000000 9999.0000000000 9999.0000000000 6.4347452208 5.2198125850 3.3383681657 2.3007976488 3.4233725492 4.1084418663 4.3821068466 4.9447293277 8.1003327796 8.5639110257 10.5892900756 18.5650761559 24.6201044647 25.4961746978 24.1960134299 21.8992522568 17.6577219099 9999.0000000000 9999.0000000000 9999.0000000000 9999.0000000000 9999.0000000000 9999.0000000000 9999.0000000000 9999.0000000000 9999.0000000000 9999.0000000000 9999.0000000000 9999.0000000000 9999.0000000000 9999.0000000000 9999.0000000000 9999.0000000000 9999.0000000000 9999.0000000000 9999.0000000000 9999.0000000000 9999.0000000000 9999.0000000000 9999.0000000000
9999.0000000000 9999.0000000000 9999.0000000000 9999.0000000000 9999.0000000000 9999.0000000000 9999.0000000000 2.5987094778 2.4215830999 2.3069720010 2.0276496780 2.9444729043 4.7021217542 9.2656053894 5.2163766595 7.7951300700 8.3927359301 8.2699661289 12.2295183828 15.7621554245 21.4046746551 20.9828113730 19.9076201243 18.2596441882 9999.0000000000 9999.0000000000 9999.0000000000 9999.0000000000 9999.0000000000 9999.0000000000 9999.0000000000 9999.0000000000 9999.0000000000 9999.0000000000 9999.0000000000 9999.0000000000 9999.0000000000 9999.0000000000 9999.0000000000 9999.0000000000 9999.0000000000 9999.0000000000 9999.0000000000 9999.0000000000 9999.0000000000 9999.0000000000 9999.0000000000
9999.0000000000 9999.0000000000 9999.0000000000 9999.0000000000 9999.0000000000 0.9235685138 9999.0000000000 2.0093545536 1.9603485616 2.3916923165 2.6470994490 3.5667360971 4.2494371010 8.9796285392 5.8452187950 8.1885128893 9.0830699337 6.6617862249 5.9468267136 10.9164679743 24.0576829528 35.1895651838 38.3980406332 28.7684676005 9999.0000000000 9999.0000000000 9999.0000000000 9999.0000000000 9999.0000000000 9999.0000000000 9999.0000000000 9999.0000000000 9999.0000000000 9999.0000000000 9999.0000000000 9999.0000000000 9999.0000000000 9999.0000000000 9999.0000000000 9999.0000000000 9999.0000000000 9999.0000000000 31.3305977324 43.3317325660 60.5811015121 9999.0000000000 9999.0000000000
9999.0000000000 9999.0000000000 9999.0000000000 9999.0000000000 9999.0000000000 9999.0000000000 1.1591211687 9999.0000000000 2.7267740224 2.4368361337 2.5309913945 3.6616032958 3.4452555046 3.2888478163 4.5597801436 6.7774655254 8.5568883005 7.0544134942 7.8424621533 9.8012007511 29.5910269779 52.9477316304 56.4122619107 42.3884997144 28.6054526805 9999.0000000000 9999.0000000000 9999.0000000000 9999.0000000000 9999.0000000000 9999.0000000000 9999.0000000000 9999.0000000000 9999.0000000000 9999.0000000000 9999.0000000000 9999.0000000000 9999.0000000000 16.1127223691 17.2814037942 22.6198489254 28.3515430929 37.7459526644 56.4623993123 65.5687828548 57.6712934417 9999.0000000000
9999.0000000000 9999.0000000000 9999.0000000000 9999.0000000000 9999.0000000000 9999.0000000000 9999.0000000000 9999.0000000000 2.2985545729 3.0348710425 3.5042906566 3.4439453739 2.9272293323 2.5445500396 3.2731577776 4.3936870352 6.7568482045 8.2733384043 7.5861821897 10.8174095949 14.1688336880 34.3145298539 45.7261636038 45.9196268348 34.3131767004 9999.0000000000 9999.0000000000 9999.0000000000 9999.0000000000 9999.0000000000 9999.0000000000 9999.0000000000 9999.0000000000 9999.0000000000 9999.0000000000 9999.0000000000 9999.0000000000 9999.0000000000 18.7812058866 23.6697121582 31.4282110194 37.3637787416 42.9027640494 52.5951196323 57.4758688454 53.2457648660 9999.0000000000
9999.0000000000 9999.0000000000 9999.0000000000 9999.0000000000 9999.0000000000 9999.0000000000 9999.0000000000 2.4351673819 2.6277380384 3.4272923331 4.3989991646 4.4382727356 3.0394892092 2.3216775262 2.6944984238 3.0085985891 6.0701116090 8.0647058276 7.2470221639 9.5124050276 8.4711221789 14.1094281280 31.5565413621 55.6820823695 57.6392845251 65.4148533940 9999.0000000000 9999.0000000000 9999.0000000000 9999.0000000000 9999.0000000000 9999.0000000000 9999.0000000000 9999.0000000000 9999.0000000000 9999.0000000000 9999.0000000000 9999.0000000000 16.5443960141 27.2446800373 39.3426478549 42.2855186043 45.8969626925 45.2528710593 41.8543341220 44.9941782863 9999.0000000000
9999.0000000000 9999.0000000000 9999.0000000000 9999.0000000000 9999.0000000000 9999.0000000000 9999.0000000000 9999.0000000000 2.3149189783 2.9396508216 4.0656336532 4.4116773170 2.2821023540 2.5081472049 2.5036575171 4.3005964399 8.1743749106 9.6247132315 9.8953840061 13.5058332671 11.4929384727 13.1158492441 18.3892652130 31.2982092728 46.8292571604 50.0563255046 27.7078050713 9999.0000000000 9999.0000000000 9999.0000000000 9999.0000000000 9999.0000000000 9999.0000000000 9999.0000000000 9999.0000000000 9999.0000000000 9999.0000000000 14.6966802422 18.8997470832 25.8838154550 35.0546246627 44.5792080718 46.0663143313 45.5073582125 9999.0000000000 9999.0000000000 9999.0000000000
9999.0000000000 9999.0000000000 9999.0000000000 9999.0000000000 9999.0000000000 9999.0000000000 9999.0000000000 9999.0000000000 2.1927047892 2.3854918854 1.8001081662 1.7177913778 1.2563840119 1.4328812558 2.3496121012 5.0352250037 7.4008638112 9.7387847782 8.6395396938 12.8076473193 11.2347006798 10.8393771225 12.1471964376 21.1785683641 28.7855493953 36.2057740276 17.1617935121 9999.0000000000 9999.0000000000 9999.0000000000 9999.0000000000 9999.0000000000 9999.0000000000 9999.0000000000 9999.0000000000 9999.0000000000 17.5494307332 16.6088417172 15.9615534358 25.0919495593 35.7628991478 41.6149579687 46.9613664318 47.8547589155 9999.0000000000 9999.0000000000 9999.0000000000
9999.0000000000 9999.0000000000 9999.0000000000 9999.0000000000 9999.0000000000 9999.0000000000 9999.0000000000 9999.0000000000 9999.0000000000 9999.0000000000 1.6018092974 1.7117264979 0.9280396371 1.6634318545 2.7709109308 3.3336607121 3.3853990899 3.5197909237 5.9952379015 8.0888981611 4.7997633301 5.4832136957 7.6781259049 12.0120590727 26.7117167241 40.3858466889 18.6666121735 27.9317048262 47.6855817251 60.9083807794 9999.0000000000 9999.0000000000 9999.0000000000 39.5508378278 31.7152540083 25.8965407556 18.9557379344 18.4487473889 15.8247093059 20.6241950509 33.8989938609 34.4877405732 40.3324041981 44.4488998619 9999.0000000000 9999.0000000000 9999.0000000000
9999.0000000000 9999.0000000000 9999.0000000000 9999.0000000000 9999.0000000000 9999.0000000000 9999.0000000000 9999.0000000000 9999.0000000000 9999.0000000000 9999.0000000000 2.4690323171 1.2242640023 1.9693867252 2.5308101685 1.6989076375 1.7201664687 2.9120361178 4.7375306458 5.1483913048 4.4565691860 4.6494754788 5.0378759115 5.7880881359 25.5832857220 78.1865619938 53.6517816363 42.0394804096 45.9177550511 62.6286914921 48.7808863982 50.3090870334 51.2932209531 53.9907159400 42.2284409869 36.3560848637 28.1746524561 24.7272959095 22.6664572838 28.0687057239 34.1626961308 32.7016887604 31.9038704038 38.9341746632 9999.0000000000 9999.0000000000 9999.0000000000
9999.0000000000 9999.0000000000 9999.0000000000 9999.0000000000 9999.0000000000 9999.0000000000 9999.0000000000 9999.0000000000 9999.0000000000 9999.0000000000 9999.0000000000 9999.0000000000 9999.0000000000 9999.0000000000 2.0899999381 2.1470968568 2.2777589729 2.0702208240 2.5961614119 3.4159449388 4.1088953731 6.2597163487 6.2687234240 8.8530668436 20.4482238041 64.2498919624 67.0121497242 51.4488948975 39.1219801095 66.6995854117 68.2238821755 50.8885667659 69.2208168330 78.9024273399 69.0662131528 69.4588398328 59.9009462167 40.6709047384 31.3559210335 39.3873184221 42.6109260879 39.7904450074 46.3513016584 9999.0000000000 9999.0000000000 9999.0000000000 9999.0000000000
9999.0000000000 9999.0000000000 9999.0000000000 9999.0000000000 9999.0000000000 9999.0000000000 9999.0000000000 9999.0000000000 9999.0000000000 9999.0000000000 9999.0000000000 9999.0000000000 9999.0000000000 9999.0000000000 9999.0000000000 9999.0000000000 1.4738711689 1.4236743900 1.4321494273 3.1732692951 3.6386474239 11.6866751632 11.9785001589 11.5846700210 19.4011505664 29.5318913413 38.4496278421 38.3078531886 38.0754549697 37.0358794753 28.5054584092 18.6545764154 36.6343700734 47.5666550919 73.6803298350 69.7870667791 69.3067067186 53.0865453766 37.8931234300 38.6005963956 47.0803402131 55.6450946024 54.2064661277 9999.0000000000 9999.0000000000 9999.0000000000 9999.0000000000
9999.0000000000 9999.0000000000 9999.0000000000 9999.0000000000 9999.0000000000 9999.0000000000 9999.0000000000 9999.0000000000 9999.0000000000 9999.0000000000 9999.0000000000 9999.0000000000 9999.0000000000 9999.0000000000 9999.0000000000 9999.0000000000 9999.0000000000 9999.0000000000 1.5783871004 2.5274408399 4.2624815360 8.5217004162 8.3072426787 9.4220172032 12.5655672164 11.9847673341 9.0729548756 10.8512761508 15.8166504989 13.2331445493 8.7016073594 5.3305130350 6.7210303023 14.2052462470 45.0553955161 42.4652994261 48.4378313413 51.4658729662 40.8119580243 36.8901443726 48.8297319389 64.2614904209 55.3950629546 9999.0000000000 9999.0000000000 9999.0000000000 9999.0000000000
