model_inputs/inputs/pr4.asc
ncols 720
nrows 360
xllcorner -180
yllcorner -90
cellsize 0.500000
NODATA_value 9999.000000
[rows 84 to 104 of 360, columns 376 to 422 of 720]
90.3537174454 69.9766308535 70.9252574597 97.2363181645 100.8661547676 90.4214977054 90.7010865631 102.1025410155 104.7694886802 105.9551057406 103.0703427969 124.8215544038 86.0698597971 93.7100473093 79.8261832679 84.5444833394 53.2503288123 43.5690059094 40.5795268016 40.0905904826 40.3770394041 43.8505891361 43.3653539512 44.1916309646 43.7260377221 47.5437834975 52.2085562116 53.7516368204 52.8570137685 53.7314055255 62.4218428857 63.3398703067 78.1000120332 89.6608462790 63.7912342208 60.8944531996 58.4734871518 55.0698393490 49.2504589492 44.3364419625 42.8339701029 41.6480088606 38.5374696634 36.4827791636 37.0469286572 34.7760094155 32.6690857764
116.4687029086 128.8582517300 154.6334589366 114.8139894940 102.9516047565 69.7568636388 83.0771557521 93.7346492428 78.4004969755 97.7423787117 83.0635110615 88.1775448797 59.6881710808 60.1207558648 66.3772614207 58.2717588404 51.4423743007 46.6041244799 48.0287310784 51.6941834358 46.2407721207 43.0659817066 42.9328917526 40.3540876578 41.3977131830 44.2113672034 48.4015649417 53.1317840796 55.2836093120 56.1276611988 56.8901514052 56.5527494182 64.2333665164 67.0637110015 59.3407123815 67.4072799738 62.9339714069 61.0675484058 53.2233364647 49.3529402884 46.4711712557 42.5871822517 38.1527921709 34.2263179191 32.5845726184 32.1796991921 33.1935694849
185.2390752174 146.6745778453 97.1227192786 81.1557909474 57.9000848229 53.1824825448 67.0840413077 63.4660577634 64.4603756955 94.4969319971 96.1127952905 78.9033090114 76.8177317223 69.6862686309 75.0187259400 62.5043852488 53.9027656778 50.4126810702 50.5945647019 51.9618862309 47.7726314566 43.6980222585 43.5427160701 42.3806448234 42.5149276271 46.0722361458 49.8149455525 55.8642960386 74.6696783463 126.0124897817 70.3515298082 56.4084287616 56.6387948929 60.6642379425 68.2458485244 61.6025485215 62.7026245929 55.2329485654 47.5422794698 44.0987678594 41.8971776962 40.7736878260 38.3515902213 35.8048751950 32.8026354255 31.1228839564 32.9232287477
173.1983853970 187.3685522005 137.5751062296 109.7748458851 100.2769625047 101.9404360559 73.0049506528 93.4196709422 109.2686438933 127.8649804881 161.0363738146 177.2606181912 128.1747630564 99.0259603132 81.2532934360 75.3208704991 66.5339773404 59.2579342774 57.3371352511 56.5042669186 54.7965117730 47.0053792815 46.0572760203 45.8066691644 45.2570625348 49.0100172465 52.2319888696 59.2973030289 66.1974098766 65.5259109917 63.8279815321 59.3132862705 57.0762312273 54.5936189010 56.6681116470 48.9664900233 56.2721091555 55.0250626984 49.2987622856 46.5300310752 41.7719049146 37.1440162417 35.7299284078 34.9711181188 31.6527920659 27.0273621718 9999.0000000000
120.1469607186 141.7532387422 122.7791318670 114.9391774088 123.8694246858 122.0628563315 97.6708643138 99.6982654324 100.0699724536 111.4096250385 103.7974718492 116.5231779451 127.8770692879 116.9953860808 95.7198998658 81.1404960696 69.1168786143 68.2200537412 66.0166247981 61.9220719091 57.6875312836 51.6649609781 48.4379633563 48.2490216382 47.2601681831 47.7457994130 52.5686081965 60.1890877588 62.1530415374 54.8536459683 55.1320231170 70.7797675277 64.1276460956 64.4482916105 59.1201342177 53.3417020342 64.6876394749 55.3165989113 49.2585872998 44.9698026641 40.7579308958 35.3879601171 32.6373503194 30.9397438250 29.3393286411 9999.0000000000 9999.0000000000
96.0376693401 94.9716106988 83.0880847061 84.0198275400 79.3186516967 76.3087102678 73.9257220994 69.5112073445 65.7452585874 75.3028504550 9999.0000000000 76.4399708714 98.7992528826 109.6485358430 121.3658455526 99.6724847937 88.4983412689 81.6846900852 76.6605396057 68.8111177878 65.9541015630 61.1174217775 55.4244362866 51.4573108521 49.8179111746 52.6923486614 58.9415273862 74.7339743539 83.8472839678 79.9417435192 64.7861273610 64.7704788717 60.8376820455 63.2328533102 65.2557329158 64.3640189082 47.6875148015 45.8117140224 42.5080958521 39.4888780138 38.6522920453 34.8886181891 27.8202063928 18.6799468647 9999.0000000000 9999.0000000000 9999.0000000000
79.4718645047 89.2659894889 101.5831941040 105.9781517833 90.5772282276 71.6733486042 62.0375567232 58.9922258514 49.4716736139 73.6477457103 9999.0000000000 62.3539871885 80.1317130681 113.5082859546 126.7962343991 112.6214753604 103.0417238362 95.1830138220 95.5090813804 86.5163344424 76.0420730221 71.3686533272 63.8059114572 59.0640419978 57.7297053533 56.6677486058 59.0760176419 63.2130227750 69.6409969241 67.5053623854 62.4131676159 55.4082220187 55.9985222644 55.2431750111 53.6391883506 51.9489157596 49.3924599141 43.3347924845 38.9850852953 36.3974055508 37.1720387775 33.7395339157 21.6935116332 17.3105755675 9999.0000000000 9999.0000000000 9999.0000000000
103.8675812306 99.0533911390 105.9532103827 122.7879014332 101.5112836612 79.0252154111 90.6125233741 77.0902483491 66.9129829039 58.5773593630 9999.0000000000 9999.0000000000 9999.0000000000 96.6565366834 82.7495040139 89.7447135067 99.2160147289 99.6702405391 91.4045660757 82.8597742366 78.0430334271 79.5212569647 74.8446311918 64.5049967570 59.4671874424 55.5038102902 58.4496443043 69.0714183147 62.7888020827 55.7839460671 56.5117823426 56.5878559719 51.0405678651 44.5257702959 44.8877977906 49.2159464629 53.4826940275 54.1824535467 44.7884235182 43.0351844989 41.4041064796 32.0541388064 9999.0000000000 9999.0000000000 9999.0000000000 9999.0000000000 9999.0000000000
80.3583356319 9999.0000000000 9999.0000000000 71.2939045625 75.7844929467 87.1111750603 80.3004376357 75.0295558828 70.2350737411 75.7464584894 64.5695520798 59.0096141095 9999.0000000000 9999.0000000000 65.7022311352 70.5402263557 90.1464256458 99.5051086647 107.6022282941 118.1770238327 100.1007413724 78.3149135532 72.1045142272 72.0338626415 63.3378005004 64.0272345627 61.5687479731 62.7852282487 58.9252612554 53.9243501262 54.1059367242 49.5677616564 46.8673057621 42.9986210656 44.5372037357 49.0791129414 54.9003038323 58.0134243937 50.0451843836 43.0088050780 40.0342200883 33.0324994284 9999.0000000000 9999.0000000000 9999.0000000000 9999.0000000000 9999.0000000000
9999.0000000000 9999.0000000000 9999.0000000000 66.4975836407 70.7081399742 74.8242490226 77.0223690779 75.7344687008 72.5187347853 82.1308441227 70.0705972267 62.1843998088 9999.0000000000 9999.0000000000 9999.0000000000 9999.0000000000 72.6935178973 70.7884097937 102.9400817351 114.6320917178 135.6683762278 125.5487117451 99.4196761167 82.7120683389 71.0007935995 86.1531706760 65.8983629546 59.3820236390 58.5160101182 56.8980440148 64.0714737237 67.3589436337 55.4519849829 54.5545707573 54.0243467549 56.7558827461 53.3685859409 52.3925473681 48.9785599639 44.9769503321 34.2795859615 32.0165593293 9999.0000000000 9999.0000000000 9999.0000000000 9999.0000000000 9999.0000000000
9999.0000000000 62.0916734333 68.3483110042 75.6473105284 50.4192205262 52.6142948074 61.9311573682 73.3666811138 76.6553297290 78.6341823405 76.2868193560 66.8863535975 54.8110664240 9999.0000000000 9999.0000000000 9999.0000000000 9999.0000000000 66.1002845736 75.6046885508 80.9191163862 134.5676919445 181.3964776229 159.1663062572 141.0564919934 79.2847521370 66.8712850311 58.3187703160 57.8608056530 58.1496921368 59.5265611773 67.4257856444 90.9859560197 81.9264472229 95.2120193979 69.2411707132 55.3955627256 45.4495309386 45.6755830091 47.0664362074 47.2026049392 9999.0000000000 9999.0000000000 9999.0000000000 9999.0000000000 9999.0000000000 9999.0000000000 9999.0000000000
9999.0000000000 100.4024427384 90.3788002906 73.9847940858 55.9297943255 44.4571649423 49.6420577983 74.1098547005 86.8761129677 87.6340297982 82.3666322976 69.4896464702 59.0469036251 41.6077160044 57.0678954246 9999.0000000000 9999.0000000000 9999.0000000000 9999.0000000000 9999.0000000000 150.8158216020 161.2008456141 132.3512170929 139.1820302233 94.0094572725 61.0948849353 54.3435259606 52.6470816694 60.3742576204 53.7831459660 98.1549726566 127.2453399142 58.1813285826 47.2775847302 46.5357171488 44.5924567175 44.7638970218 45.5671279924 46.7003068188 48.5431179986 9999.0000000000 9999.0000000000 9999.0000000000 9999.0000000000 9999.0000000000 9999.0000000000 9999.0000000000
9999.0000000000 81.1723776860 89.2903179629 9999.0000000000 9999.0000000000 9999.0000000000 9999.0000000000 9999.0000000000 72.5791222067 84.7414685413 93.1529252557 79.4040559558 78.5827483633 58.1905790605 42.5007690210 40.6244590413 33.0704466614 9999.0000000000 9999.0000000000 9999.0000000000 9999.0000000000 9999.0000000000 112.9881186644 114.0689158347 91.7487762636 78.2610844471 59.2443225905 48.2102610986 54.3577977223 54.9206011347 61.3579106284 74.9872969463 50.7912905887 42.7856054739 48.9534818335 47.6746103377 44.1707490245 42.4400374177 42.2155459528 45.3437115066 43.0173907662 9999.0000000000 9999.0000000000 9999.0000000000 9999.0000000000 9999.0000000000 9999.0000000000
45.2473500045 74.5705256704 58.0173801281 45.3429382760 9999.0000000000 9999.0000000000 9999.0000000000 9999.0000000000 9999.0000000000 71.9946070458 75.1188545837 83.8765724329 86.6231251275 82.8299765708 56.5449228161 46.3256011717 47.9655571980 43.4270709520 46.4174788794 9999.0000000000 9999.0000000000 9999.0000000000 75.4765255842 90.3233257122 90.6942783622 77.1197254071 62.1997701237 51.9970352179 54.3208523886 52.0880453987 43.4582170565 43.2196424226 39.6598491934 41.2292385008 45.4212042969 42.0725784497 41.6651896667 42.2371775494 41.8051255401 42.8086703760 46.0529242409 49.9360551476 46.5175037971 50.6214250345 56.3540527364 58.8745910791 57.3900874006
52.9645871138 72.8297809255 79.4567110715 52.3233055137 9999.0000000000 9999.0000000000 9999.0000000000 9999.0000000000 9999.0000000000 47.6420639316 49.7052033897 9999.0000000000 74.1233956651 85.2738377871 72.8312048013 60.5522845290 53.4477242036 47.0710614463 49.1541587398 43.4414087213 44.3968388136 9999.0000000000 72.4418643513 79.8679377185 81.8941695616 72.1194649232 61.0638519865 54.2824926088 50.7856610930 47.0512922038 41.2147451425 37.4173155287 37.0075999817 39.4586512994 36.6524019046 33.4877200658 39.8429539637 44.6293549030 44.0870751045 40.3022010578 9999.0000000000 59.5459626638 53.1933879247 54.5086342609 58.8217379409 60.7148892595 57.2967999615
56.2283273321 73.1896914658 81.2961511547 55.0389902783 9999.0000000000 9999.0000000000 9999.0000000000 9999.0000000000 9999.0000000000 9999.0000000000 9999.0000000000 9999.0000000000 9999.0000000000 77.2624996025 76.6050933162 73.7183784368 62.3438550392 38.0170265562 36.3662429445 41.0254781018 47.4537492846 61.0760303680 77.6186807198 90.3583945474 92.8600406041 75.1763141016 58.1239445019 45.2896702336 43.8876099070 39.9129549041 36.3574686635 37.1949858090 43.2549139950 9999.0000000000 9999.0000000000 43.8386417809 45.2619612333 50.9837872814 49.1091840668 45.4634349444 56.3005725271 79.4570505386 82.5356774731 61.1767389346 51.4803003171 53.4512461745 51.9929050351
51.6666017356 70.8744599833 82.5995915802 48.7365765148 9999.0000000000 9999.0000000000 9999.0000000000 9999.0000000000 9999.0000000000 9999.0000000000 9999.0000000000 9999.0000000000 9999.0000000000 9999.0000000000 57.5354170287 74.2580980877 65.8944260795 45.5847614212 9999.0000000000 56.1813347158 41.3130727247 9999.0000000000 9999.0000000000 83.9893415105 85.3469363647 77.5063548354 70.3680835431 57.2493924410 43.7956756214 38.8267427625 36.3964696589 35.8394301147 9999.0000000000 9999.0000000000 37.9859700333 9999.0000000000 46.4182945434 50.6436035503 53.1611809856 50.8492404479 55.6867123232 72.2921405104 74.0590053611 55.3744591889 51.8094183644 49.9094635597 49.4267885224
49.6013123193 56.9220943144 61.1522925901 47.6952235331 9999.0000000000 9999.0000000000 9999.0000000000 9999.0000000000 9999.0000000000 9999.0000000000 9999.0000000000 9999.0000000000 9999.0000000000 9999.0000000000 9999.0000000000 66.2283485290 69.1018524813 64.5669070655 52.9010596219 9999.0000000000 9999.0000000000 9999.0000000000 9999.0000000000 65.1349533582 66.8334155926 75.9228870738 76.5827969299 63.4813667857 50.9775259998 41.1055121804 37.8871049616 34.4733179372 9999.0000000000 9999.0000000000 9999.0000000000 42.9129716358 46.4159748517 47.9362262995 50.7997772656 51.1680707568 57.0911159157 64.2619053251 60.4005144560 57.5837580836 55.9982629493 50.3011189867 49.6565370122
49.4837812730 47.0626643510 44.5506928372 9999.0000000000 9999.0000000000 9999.0000000000 9999.0000000000 9999.0000000000 9999.0000000000 9999.0000000000 34.4515401812 9999.0000000000 40.3021256207 43.9322781167 46.6600752552 59.2604472768 72.1147265285 68.0972939590 53.8817611523 9999.0000000000 9999.0000000000 9999.0000000000 9999.0000000000 9999.0000000000 9999.0000000000 59.7487423802 67.9390127189 58.8784478023 49.2522270069 42.6790175261 34.7036769963 31.6639850498 30.1387995423 35.0450512196 9999.0000000000 36.0882264795 37.7831360966 45.5049819429 52.3693033028 52.4062344921 52.4001806625 60.9866609448 61.5418027737 58.9967332198 54.4184727478 51.7473760410 53.6127806408
9999.0000000000 9999.0000000000 9999.0000000000 9999.0000000000 9999.0000000000 9999.0000000000 9999.0000000000 9999.0000000000 39.5531198010 47.3804055364 60.1531891152 56.1446345528 41.9583666371 42.1933155740 56.5622592112 51.7319632927 56.6209634417 59.4014722737 9999.0000000000 9999.0000000000 9999.0000000000 9999.0000000000 9999.0000000000 9999.0000000000 46.9002152095 47.5307847373 50.0135950861 51.9864975940 46.7157855746 37.1256873768 34.5899625972 32.8208511346 33.9468634338 31.3950257550 9999.0000000000 34.9874219683 35.9438940359 47.6627761382 53.4234805964 56.4077262534 50.3390025697 53.7843293860 57.2000754182 59.1188187827 63.5819527670 68.5215995181 64.0726571437
9999.0000000000 58.0601435504 9999.0000000000 9999.0000000000 9999.0000000000 9999.0000000000 9999.0000000000 9999.0000000000 41.3152509718 51.9339179154 61.5297894110 55.4328333819 44.3228302756 38.2271000999 37.4807015760 35.3223486745 34.4069921994 9999.0000000000 9999.0000000000 9999.0000000000 9999.0000000000 9999.0000000000 9999.0000000000 9999.0000000000 9999.0000000000 52.1241373499 43.4289333061 49.6369987959 47.9193991050 36.8935225415 31.4290431852 30.8767467504 31.0682769050 31.7049474106 34.9585908407 9999.0000000000 38.7400513573 48.1761210831 45.9445635206 52.4581965292 51.6410002601 54.6040622285 52.4273380288 50.9334377130 56.1198251671 70.0610874337 65.7347209635
