model_inputs/inputs/pr4.asc
ncols 720
nrows 360
xllcorner -180
yllcorner -90
cellsize 0.500000
NODATA_value 9999.000000
[rows 189 to 209 of 360, columns 188 to 234 of 720]
9999.0000000000 9999.0000000000 9999.0000000000 9999.0000000000 9999.0000000000 9999.0000000000 9999.0000000000 9999.0000000000 9999.0000000000 24.6563402179 34.7240756673 56.4557372709 138.2000085432 132.5360757764 192.0747351833 250.6322592963 243.8912352081 206.8594505545 198.4066448640 198.3601944521 207.6480137184 221.0805562790 253.6288106348 252.2448787931 254.9132786226 328.6673482507 344.8117990047 343.4469904751 323.3069744892 301.6795834992 304.9643989652 301.0381793138 307.4997088406 297.9469543789 277.1831676364 283.7821058929 290.1739315130 290.4546896461 296.6263331473 301.1713447049 305.0357247703 308.4725649096 302.3430719040 289.4203145988 290.5891940463 297.0655469690 306.4790067729
9999.0000000000 9999.0000000000 9999.0000000000 9999.0000000000 9999.0000000000 9999.0000000000 9999.0000000000 9999.0000000000 9999.0000000000 27.7095259808 32.8662642860 50.1038320363 103.7265420891 110.1019129856 187.4496659730 212.7098261844 185.9392072074 171.8037226237 181.3312810846 202.7382447850 208.1462193746 219.0572381951 235.7093619648 241.4213670418 259.8980509210 328.2688516192 347.5282145664 344.6176992729 318.1057730690 288.3070888929 283.5177930538 283.8191078044 279.9171411898 272.9777174536 271.9796088059 260.1972911507 255.6302896701 276.6633303836 289.5515374839 292.5503142178 298.4020288568 342.2935190611 347.9814031161 314.0363171697 302.7099603787 310.4008699302 304.1743270587
9999.0000000000 9999.0000000000 9999.0000000000 9999.0000000000 9999.0000000000 9999.0000000000 9999.0000000000 9999.0000000000 9999.0000000000 26.6252445581 27.3091033450 29.5349889784 88.5189827532 99.2348834407 94.6459863335 93.2017990854 106.2002858380 140.8749431139 149.2913692491 203.6417364143 200.4769791383 230.2540128585 251.6061714850 241.1605431698 245.4155555461 302.6053290814 329.3539015576 316.8319794349 287.7030826639 258.0298127141 250.8812961169 243.0473577697 247.8973804973 260.3413572069 260.9401959926 247.1339378972 236.2305570859 250.8149868809 280.1202179398 288.4284672327 325.0232823193 359.5923087560 336.0791970044 296.9316272065 278.5139540210 295.3589893878 269.3671078887
9999.0000000000 9999.0000000000 9999.0000000000 9999.0000000000 9999.0000000000 9999.0000000000 9999.0000000000 9999.0000000000 9999.0000000000 24.0590101748 20.4246473440 19.4564518752 39.2488535726 82.5450505363 102.4811505340 98.7756599206 108.5515008308 149.2105949437 143.3228590759 215.4935882427 209.3412566464 232.9826492351 266.7913825717 262.1200704016 247.1193785314 275.5549326539 287.3796836939 275.2660273109 265.7121601515 254.8592467792 246.3640831411 234.6958075650 226.1039335281 235.7892310247 248.7401640974 246.4427452069 239.5966371987 244.3645088933 268.7734176870 292.3681146931 350.9545312263 361.8682469241 334.2361925170 271.1809182074 249.9528347980 253.2193944789 228.7651102524
9999.0000000000 9999.0000000000 9999.0000000000 9999.0000000000 9999.0000000000 9999.0000000000 9999.0000000000 9999.0000000000 9999.0000000000 9999.0000000000 9999.0000000000 10.5085570249 13.2319941331 73.5836807289 128.9577910211 94.7811885271 112.2383773327 145.0624769786 136.2167852931 149.0101207746 218.8921628986 215.9290113486 235.1182177663 254.8262807541 258.4350798279 254.9678196665 252.9171933420 258.0511991400 262.7843131777 259.8444717005 252.2764492314 230.5861625355 219.4363097660 226.2415119912 244.6299155708 249.0903809667 246.6420312412 248.6338354647 255.2724347916 268.7263072003 302.9301613569 314.8273508996 294.3889433518 256.2219053507 252.3278407753 252.5721627753 245.8354197443
9999.0000000000 9999.0000000000 9999.0000000000 9999.0000000000 9999.0000000000 9999.0000000000 9999.0000000000 9999.0000000000 9999.0000000000 9999.0000000000 9999.0000000000 9999.0000000000 4.2868220917 17.3091151519 58.8794756331 81.7034362117 98.4969480196 166.4690729231 181.3130630180 159.4387285877 170.1997029595 198.0175024364 217.2660401557 241.8220136315 257.6010280754 251.5326202847 245.3377610072 252.5124354288 261.3416535314 256.6517461091 229.7816821374 205.5596876889 205.2363264374 217.8794760257 241.9866174459 251.2402259745 251.8333692569 253.9684097283 255.4644977208 256.4923851751 256.9934951607 260.4641499929 258.6389675271 253.9226005320 251.3176433276 252.4434858933 251.4261219185
9999.0000000000 9999.0000000000 9999.0000000000 9999.0000000000 9999.0000000000 9999.0000000000 9999.0000000000 9999.0000000000 9999.0000000000 9999.0000000000 9999.0000000000 9999.0000000000 2.0413584607 4.5780845503 32.6931761520 79.6487362823 92.0301001752 136.7266648449 206.2754728831 230.6937358808 209.8866859451 196.1928291712 196.0745437536 214.5641651005 247.5196856540 248.2154045720 237.7486538608 241.7234361637 247.6053822320 220.9223080426 209.4571469352 221.0373873822 220.2685887460 211.1653829925 188.6369143613 220.8935664967 246.2693906855 252.9350719415 253.1246643048 252.3899255320 248.5824816395 244.9429796543 246.5268198866 245.3163368627 247.0135402400 248.6606533639 247.8287138510
9999.0000000000 9999.0000000000 9999.0000000000 9999.0000000000 9999.0000000000 9999.0000000000 9999.0000000000 9999.0000000000 9999.0000000000 9999.0000000000 9999.0000000000 9999.0000000000 9999.0000000000 1.8302118533 23.5080786806 64.3590164836 68.8973754295 76.6166634858 176.7490978818 274.7956768144 325.8507144637 263.6021648068 170.0132412370 177.4370467756 209.7588388715 234.1499067843 236.1608720385 233.2289514598 220.7607594319 196.9898412935 207.4889545329 245.8601065446 251.7763765063 204.1174052283 175.1096227672 202.2781725973 241.5857068263 254.9004920293 251.8600362819 244.2892603576 236.2851547077 232.5815688819 237.0779046323 239.6842574235 236.8754879571 234.2724732589 231.6064874176
9999.0000000000 9999.0000000000 9999.0000000000 9999.0000000000 9999.0000000000 9999.0000000000 9999.0000000000 9999.0000000000 9999.0000000000 9999.0000000000 9999.0000000000 9999.0000000000 9999.0000000000 9999.0000000000 7.6390842441 37.6661755436 71.3697188767 75.2589413314 190.7311622053 280.8570312336 366.7009379715 368.8550074585 193.5502476990 179.5195075683 183.6539525539 176.4583631884 178.4664429724 192.7242677193 194.7138654068 197.7043440565 214.9545522407 238.6366997380 233.6087962613 188.8973233290 184.4864389859 193.9715074841 237.8097956534 252.2729979828 245.4190822318 235.5491900817 228.1316458248 218.5218043160 218.5745348688 235.8222347684 235.5638437439 228.7071556784 221.5079453308
9999.0000000000 9999.0000000000 9999.0000000000 9999.0000000000 9999.0000000000 9999.0000000000 9999.0000000000 9999.0000000000 9999.0000000000 9999.0000000000 9999.0000000000 9999.0000000000 9999.0000000000 9999.0000000000 2.4661979733 29.8639137181 68.8103304128 75.9434295469 100.1715296879 222.2425709479 324.6585815214 296.1916078348 173.2134539634 173.0869836174 188.5961783119 187.5671027228 198.8547602668 199.4634813163 197.0840056892 202.7667223010 216.8268451933 232.6358836144 205.7324198540 188.4673316963 190.8347562421 188.1869507488 217.1112997457 232.0625237189 222.5115986075 211.0601104796 205.4719920270 195.4880955163 192.0489734039 217.0328262728 226.0250640102 216.1458930932 216.8995288666
9999.0000000000 9999.0000000000 9999.0000000000 9999.0000000000 9999.0000000000 9999.0000000000 9999.0000000000 9999.0000000000 9999.0000000000 9999.0000000000 9999.0000000000 9999.0000000000 9999.0000000000 9999.0000000000 9999.0000000000 60.1782955346 71.5833803988 84.7908232827 79.3738622451 95.4608676257 201.9288609736 199.4080161676 178.3072517719 186.7658284027 216.0983111244 221.0921358783 230.3152112290 217.2660212964 210.6899782084 209.2296474148 198.1328269467 190.4652086087 179.5814791694 185.8098891098 190.4375797603 187.7118477132 193.0492320098 196.6656690929 202.5619859342 195.9665177856 184.6957204398 180.5067155510 183.0413842108 191.7349097785 198.4220528975 194.5143530611 192.8161501419
9999.0000000000 9999.0000000000 9999.0000000000 9999.0000000000 9999.0000000000 9999.0000000000 9999.0000000000 9999.0000000000 9999.0000000000 9999.0000000000 9999.0000000000 9999.0000000000 9999.0000000000 9999.0000000000 9999.0000000000 33.6226912332 35.0826094800 58.3044891246 73.0386569048 69.7397346958 154.9476074288 189.7633604240 234.1850604862 214.4442200661 166.4795398246 209.0847892687 227.6270280126 222.0029071905 217.3243341967 197.4410684779 168.8797418028 166.0133195110 169.7614509612 179.2680944782 185.9302867670 181.9399078377 176.2535136659 181.5338109154 192.9709282704 183.4886509459 157.9948430881 152.3258466041 164.1880616080 177.2906233091 192.2681371216 189.4702117424 187.2994706500
9999.0000000000 9999.0000000000 9999.0000000000 9999.0000000000 9999.0000000000 9999.0000000000 9999.0000000000 9999.0000000000 9999.0000000000 9999.0000000000 9999.0000000000 9999.0000000000 9999.0000000000 9999.0000000000 9999.0000000000 9999.0000000000 11.0909116192 24.4880682731 49.5332067367 87.5825345283 123.4694570303 142.3074470367 170.5022247043 121.3100032182 90.5906466069 118.8936765539 193.6475050170 228.3460947219 222.6779186167 186.3381564617 167.5155933481 167.5030707847 169.3393990863 177.6100995485 184.8626816645 183.2246021368 177.7454337571 175.6707807072 182.0449917577 175.0028415117 153.1941279536 142.8729520412 142.6518741064 149.9731322983 179.9320543651 188.1017822307 175.2316611819
9999.0000000000 9999.0000000000 9999.0000000000 9999.0000000000 9999.0000000000 9999.0000000000 9999.0000000000 9999.0000000000 9999.0000000000 9999.0000000000 9999.0000000000 9999.0000000000 9999.0000000000 9999.0000000000 9999.0000000000 9999.0000000000 3.0360323617 8.8655758518 39.9177168729 69.0173110343 76.7842093483 189.1337244306 146.9136381056 100.0141961267 91.7876829626 99.4452210143 139.7936178837 165.2913861908 192.2725690529 224.1678396240 184.4348588493 170.2827215195 171.0468996316 178.5047838930 186.9907819200 184.6850838047 182.0223040413 179.4911432080 179.6355298720 174.7812826652 160.4205616750 148.6644772813 142.6006994443 140.7401086763 161.0068024602 177.0021140110 169.7847044561
9999.0000000000 9999.0000000000 9999.0000000000 9999.0000000000 9999.0000000000 9999.0000000000 9999.0000000000 9999.0000000000 9999.0000000000 9999.0000000000 9999.0000000000 9999.0000000000 9999.0000000000 9999.0000000000 9999.0000000000 9999.0000000000 9999.0000000000 3.5744734123 15.6127922673 47.7468838217 52.5198758114 65.5366702122 85.5499942554 105.5134024937 143.2137581287 161.7681705393 144.0225855913 141.4494911442 196.5855548624 329.0956425481 287.6957464032 189.4927108660 175.5612082779 179.3126023840 183.3823600318 184.0050558094 180.9301064350 179.2295272462 178.9990856778 174.0532766562 166.8528593145 159.1760187875 157.8713713679 155.3666606778 159.3473553658 169.9198500719 169.9283556081
9999.0000000000 9999.0000000000 9999.0000000000 9999.0000000000 9999.0000000000 9999.0000000000 9999.0000000000 9999.0000000000 9999.0000000000 9999.0000000000 9999.0000000000 9999.0000000000 9999.0000000000 9999.0000000000 9999.0000000000 9999.0000000000 9999.0000000000 0.4224952891 9.0761915999 34.7732559603 59.8373291432 55.6176684913 53.2282257336 94.2356366431 169.5666911546 154.6784571838 133.6348081240 140.3123047203 190.6465217471 338.0987998098 385.8271543868 294.7248083074 184.5741346478 179.4594218954 181.2604644801 185.2618949488 186.4828448743 182.7388624661 181.6819882952 175.7709046360 159.7680493724 160.7319095638 169.8757759295 171.3145882823 163.9786669984 159.6546673682 160.4377424810
9999.0000000000 9999.0000000000 9999.0000000000 9999.0000000000 9999.0000000000 9999.0000000000 9999.0000000000 9999.0000000000 9999.0000000000 9999.0000000000 9999.0000000000 9999.0000000000 9999.0000000000 9999.0000000000 9999.0000000000 9999.0000000000 9999.0000000000 9999.0000000000 9.1841332905 12.1083911072 25.4472254310 53.1941658701 53.1877442845 53.9840161800 103.3773341915 112.2815273702 122.8275059257 123.4728705604 108.4014563821 304.7071394976 401.4694578946 397.2408673726 232.1573104709 185.6658984907 179.5876084361 184.0075452346 180.2784428000 167.9298563395 159.8928412423 151.9386089640 144.0963913919 147.7508770768 154.8306327313 152.2898065159 147.1609964501 140.8413170138 135.7871236978
9999.0000000000 9999.0000000000 9999.0000000000 9999.0000000000 9999.0000000000 9999.0000000000 9999.0000000000 9999.0000000000 9999.0000000000 9999.0000000000 9999.0000000000 9999.0000000000 9999.0000000000 9999.0000000000 9999.0000000000 9999.0000000000 9999.0000000000 9999.0000000000 9999.0000000000 1.0124838409 6.5606303397 41.6663306532 50.8858463145 31.3500133634 32.0743158809 50.2012543730 80.0926272059 74.0018617362 43.7453637714 181.4095659647 395.7298994064 413.2968680933 302.1346391179 184.3868996948 172.4531420041 170.1321490109 161.4397172816 160.9996736515 157.5536207529 151.6476573888 146.1912898812 140.0922357570 124.3459233083 125.1701399451 133.2902773283 133.4402840585 131.8703336874
9999.0000000000 9999.0000000000 9999.0000000000 9999.0000000000 9999.0000000000 9999.0000000000 9999.0000000000 9999.0000000000 9999.0000000000 9999.0000000000 9999.0000000000 9999.0000000000 9999.0000000000 9999.0000000000 9999.0000000000 9999.0000000000 9999.0000000000 9999.0000000000 9999.0000000000 0.1389494354 1.7086624539 13.6632858776 36.3971980987 43.6823831988 52.2179057007 47.5541466731 44.3494077190 45.3854235238 38.3149372065 48.3873874764 223.0225154199 284.4520630315 157.0216098335 94.6362926625 111.1962794093 132.2978641838 152.7031548321 160.4981676210 157.7165649505 153.0417449540 149.4791794103 143.4421911836 121.3484007167 120.8022453357 130.5782748386 133.0209573498 130.3501435323
9999.0000000000 9999.0000000000 9999.0000000000 9999.0000000000 9999.0000000000 9999.0000000000 9999.0000000000 9999.0000000000 9999.0000000000 9999.0000000000 9999.0000000000 9999.0000000000 9999.0000000000 9999.0000000000 9999.0000000000 9999.0000000000 9999.0000000000 9999.0000000000 9999.0000000000 0.1589984270 0.4020572419 4.5399843802 20.5508701620 39.0428135579 53.6747805309 59.5106675173 51.2366289622 62.0486978441 61.6070747492 51.6255026450 67.3330545542 75.2359424368 55.9894085163 66.2440347369 93.9375468297 120.0598402647 149.9487472465 161.4761722740 155.3716300987 150.7819220424 147.2642415902 143.4875383275 134.3979866942 129.4054066529 127.8210760793 116.9509536121 104.9224563176
9999.0000000000 9999.0000000000 9999.0000000000 9999.0000000000 9999.0000000000 9999.0000000000 9999.0000000000 9999.0000000000 9999.0000000000 9999.0000000000 9999.0000000000 9999.0000000000 9999.0000000000 9999.0000000000 9999.0000000000 9999.0000000000 9999.0000000000 9999.0000000000 9999.0000000000 9999.0000000000 0.3602855159 0.9803173461 9.6389690807 30.0236141193 62.0505601983 70.0532325427 57.4898105697 83.0545151839 72.8036513901 57.1600465919 55.5166911799 51.4306485420 52.4762872956 64.9984970223 85.0868668640 105.3879788378 141.5191384731 155.9130800888 151.3073887909 149.6375596616 148.2744201785 140.4596240027 133.7080764351 128.7003429607 110.2173223626 91.3853956154 88.9609217411
