model_inputs/inputs/pr4.asc
ncols 720
nrows 360
xllcorner -180
yllcorner -90
cellsize 0.500000
NODATA_value 9999.000000
[rows 63 to 83 of 360, columns 470 to 516 of 720]
34.0981360932 36.8555729510 39.5308540610 39.8448116030 39.9622483528 41.5715533309 46.0348381894 49.7459252947 47.3587315064 39.9888257962 33.7647605629 31.9841614401 31.9416101847 31.5599006717 30.7906258386 30.4481789935 30.3103954357 29.8102213419 28.7005176069 27.4461254594 26.4373731043 26.2660435983 27.0940580231 27.6682524418 27.3265552532 26.8258719589 26.5064475825 26.6889912891 27.1524628624 28.0698891438 29.0584832837 29.9240606837 30.8032474131 31.7969147000 32.7881255653 33.3683926729 34.8921095137 38.1767882500 39.4261048932 37.0386447175 34.9593970750 33.8694060047 33.2611234335 33.1413339882 33.1361806893 33.2528889994 33.3866696747
31.6402223543 34.7162419930 39.1336964385 38.8495601364 39.0749262006 40.8990360447 42.3812153167 42.5062523573 38.9932419348 33.5691308719 31.7638826673 31.4558304381 31.7165128654 31.7240117874 31.2022060971 30.4989198921 30.0614929874 29.2971333547 27.8749548888 26.3457806432 25.4481377488 25.5659139657 26.8128449097 28.0460958020 28.2918063167 27.9046181822 27.3860091402 27.0053769636 27.0371619263 27.8839083330 28.8210354920 29.5761823654 30.3085024352 31.3569606515 32.6447313710 33.2466465770 34.4897090108 36.4440492704 39.4381489023 38.1510099687 36.9783162314 35.1246916107 32.5450883538 31.5175026481 31.2633808935 31.0914667498 30.1355911070
31.8005545414 33.0642160261 34.4087696867 35.2028656926 36.6744248313 39.6795005654 41.6842375416 41.9374281191 39.3167776347 33.3692932036 31.2659410411 31.2106668425 31.0962216463 30.6054701214 29.1682065872 26.9450414053 25.6470654567 25.4013973754 25.1056508278 24.6932973387 24.7100655979 24.6573633340 25.0285564398 26.0737614299 26.9667743705 27.7823699580 28.3893300220 27.8264747467 26.9204795477 27.9041113390 28.5926731594 29.1479399311 29.8090049182 30.2190764342 30.8758933679 30.3398654214 30.5070718168 32.7173042460 33.4579082555 34.5778902993 34.9770752946 32.9560981190 28.5600890347 27.5238257018 28.1714487355 28.4539136337 27.8787998250
31.0701793351 32.7089943748 33.7787612225 33.9679481112 34.2436731735 35.0292494986 36.2745844759 37.1598462516 36.2140532525 33.4294213098 31.7187170440 31.2021683785 30.5479210219 28.0328919471 24.8511825339 22.2497968061 21.8761543510 22.7919139434 23.5062516876 23.8319962809 23.6541768245 22.9341412196 22.0612181292 22.4054023856 23.7797867157 25.2169960295 25.7962706673 24.9768796493 25.5420852627 26.7719556286 28.0110198946 28.9304311154 29.1639986099 28.5090581747 27.6623164827 27.2133547696 27.7438781632 28.2707735023 27.8044093866 27.9398190323 28.1143970496 26.0782051482 24.3745943299 24.0157210501 24.5540380420 25.1727686555 25.7061704469
29.6503370628 32.0499944792 33.4177969198 33.6746249814 33.2532237517 32.5354630477 32.8457383148 34.6598786709 36.1622656637 36.2710460031 34.9585672666 33.4596692410 30.1492782310 25.9272672411 21.2666482839 16.6895217262 17.3680433363 21.2703069847 22.4599198555 22.8654062084 22.4164680694 21.8723848520 21.6564507864 22.1248941380 22.6105159381 23.1280830048 23.6794199736 23.9348076575 24.2520655738 24.9543333775 26.1349550856 27.2864509898 27.5341888773 27.7007186960 27.6404892211 27.0875987189 26.7350621580 27.0169612777 26.4026720251 25.9686539357 24.7846328421 24.0177319210 23.6365033197 23.4194683435 23.9256538334 24.6284756286 25.0568665797
31.4006717526 32.7435940853 33.8419233158 33.7378059339 32.1731526637 30.9469150670 31.6873234115 34.5784985111 37.7256765787 38.8650766108 36.6092000040 33.7382703437 29.8399765743 26.1286018649 21.4094766998 18.0274946761 18.8304274343 20.9885163058 21.6153045476 21.2715894158 20.7792678557 20.8898940473 21.6638106212 22.5064386323 23.0417452112 23.4844880761 23.9702489635 24.2468934157 24.3382053450 24.7449953458 24.7953920625 24.6922152874 25.0005480484 26.0229191626 26.8277461000 25.0662702892 22.6630531834 22.3930165521 23.5011031036 23.5623391927 23.5296890605 23.2033645443 22.4819946452 21.8594143807 22.0476795221 23.1038558995 23.7349676318
33.4602043731 34.3908769428 36.2605861737 38.4778790467 36.6777134186 33.9308330440 33.7163700024 38.0717844819 42.2713175649 43.0029869894 38.2585668121 32.0058779034 28.3979605010 26.8713605474 24.5438823185 21.8338435516 20.6853604177 21.4330696617 22.4086721137 22.1943505167 21.0120314732 21.0616172408 22.4102232896 23.5158817086 23.9526485384 24.1332355945 24.2539444298 24.1584150936 24.5424466557 25.1217000769 25.4631591670 24.6465003875 24.3132450851 24.3146147404 24.1344732349 23.5025977017 22.6067464391 21.7552357062 20.8473003586 20.6789624062 22.0549521327 22.7369579952 22.4547665566 21.9862524827 21.8820030859 22.3152385151 22.6840954274
34.2516270757 36.3330411783 38.7078962813 41.3215782610 40.6496031792 37.1820789878 35.9366803605 37.1470667305 38.2012723130 35.7367036049 30.6663525989 28.1540934811 26.7808737117 26.2042818067 24.8243222013 23.0605101970 22.1643949044 22.2826520330 22.8401465574 22.5637661351 22.8775563010 24.1153004172 25.3601568402 25.7788352610 25.4555329448 24.9016523303 24.5590286795 24.5119111205 24.6872906573 24.9757009442 24.8295556521 23.3417893178 23.5997748678 23.6928312806 22.3404015123 22.3684641242 23.3338141988 22.9481725255 21.3158474362 20.9109905118 21.5867233055 21.7667728721 21.0085189319 20.5039246939 20.2366627345 20.8635382005 20.7881293609
30.8701153554 33.0712269642 35.5878897244 38.2908208994 39.0687120671 37.7928580565 36.7158209556 34.1859920591 31.5602684277 29.9316892633 27.1568075696 26.4366800257 25.9311828995 25.6668087677 25.6449107837 25.7890805660 25.2269490156 24.0971106396 23.3631498122 23.6539717298 25.4312987672 26.9665056258 27.4666655750 27.5929261115 28.1536432158 27.3703488638 25.8948316332 24.6187937446 23.9003611787 23.3983435901 22.8384680813 22.5791788835 23.6312486522 24.4826839480 23.1423948426 22.8604179283 23.5968328197 24.0118053916 23.2686765958 22.5527876755 21.3151072094 19.5920654369 18.5125047283 18.7588317058 19.2548897612 19.7013078287 19.9596906023
30.3775014763 30.6938517897 31.5326183627 33.0619104789 35.4302803462 37.0291797153 35.7779677142 32.7344544057 30.4722481524 30.4012783163 29.8044197552 29.6184483741 28.2841753797 27.2373862099 27.2067610931 27.7152804192 27.8363664402 27.1650537907 26.7895230500 27.5792672765 28.8885022164 28.6318108847 28.0736727873 28.4246298834 29.9578541599 30.4298194824 29.0748460684 25.8138805220 23.2427757292 22.2690992814 21.8899687752 22.0438699471 22.4772256042 21.6443973477 20.6198998494 21.7465415772 23.3986500534 24.9108839489 23.7890772696 20.3847788216 18.7067447259 19.1632041824 19.6871032531 19.8400355293 19.1973618785 19.2303361546 19.7693250084
30.9819650429 31.0322792502 31.2987750513 32.4428545428 35.5212834547 36.0619272105 33.0828136357 30.5138540862 30.1952359441 32.1838812379 34.3928736693 35.2225382812 32.1207568632 28.4371100133 26.7639333615 27.3406148481 28.1431928161 28.3477995254 27.4827973335 26.5838932246 25.8079681371 25.1361368573 25.7034169917 26.9569840457 29.3986340112 30.8751295670 30.3198203619 26.8918794463 23.5935230157 22.4940127227 22.1608635038 21.9329608663 20.6635166542 19.4146373105 19.3483669718 20.1183395984 21.6012708843 22.9270312702 23.5517544206 22.0409326139 20.0760665175 18.5524922999 17.8576915932 18.0714002636 17.7463428554 17.7214085270 19.1333947296
31.1099983519 31.0471568664 32.8345712624 37.8149729222 43.7432421022 44.9643617612 38.1749966182 32.5308165920 31.3971427095 32.9586370499 33.0327870324 31.6290435148 28.3581721305 27.1896345075 27.6932056295 28.6210634513 28.3382661582 27.2278292687 24.6586693393 22.8298965376 22.0255010063 22.3738767381 23.6076698347 25.1763684209 26.4026225195 27.8206047951 28.3047178527 27.7954818739 26.2525521393 25.1864769962 24.9647342716 25.0650420785 24.6644214203 23.1373099086 22.0706548425 21.3432452583 20.6335186085 21.7049945786 23.1612942007 22.1316245443 18.9199430170 17.2263181885 17.5935755979 18.7717055232 19.2104490416 19.0913727129 20.0111811573
32.1241751080 32.1847817686 36.8823201279 43.6667818576 46.4944106061 44.2364264745 39.8984615458 35.4754223954 32.5450577075 31.8947755150 30.4472784628 28.4074938681 26.1133753520 26.2354679871 27.2698854678 27.9936528532 27.8938848933 26.2001492665 23.4425497474 20.9606069257 19.7777150315 19.5562858426 20.3591019090 22.4896232248 24.8431437649 25.2061000792 25.3431104065 25.7693773310 26.6223991639 27.6149561105 28.2144879748 28.2679516822 28.5256071948 28.5981211346 27.3953845608 25.0226251956 22.8586758021 22.7732102503 21.7781615211 19.0730957111 17.4817506631 16.9416573626 17.8622861858 19.8989330675 20.1681068866 19.2180964805 18.8677051628
32.5823307212 31.8106065388 32.4470130145 36.5072585118 40.2800791198 39.3536215997 36.7649965337 35.0005975342 31.6703194112 29.6524398727 28.0066044652 26.7846149218 25.5433040438 25.7615837327 26.3905337197 27.0608562569 27.1221277071 25.6509198225 23.4195932862 21.3972676720 20.0910148560 19.5608580398 19.4673372171 20.9207384032 22.3967129714 21.1573870329 21.6270185192 23.1290542579 25.1131945406 25.5305504543 26.4082072244 27.7869527636 27.6962301868 26.8727867806 25.6643075554 24.8065567575 24.2936314316 23.6876709096 21.0908656300 18.3534337557 18.1937133166 18.0736551265 18.0506326578 17.8818739078 16.9597033382 16.2218834303 17.3150534683
29.5656023081 29.1163836373 29.0579033608 32.0094493800 35.9919286275 37.8619089606 36.7852867639 35.7416895276 33.0256417219 30.5323573994 28.5083721683 26.5334328578 23.8565793552 23.5349083669 24.2668323917 24.7022413532 23.9439072611 22.1115794848 20.5086583737 19.9472788372 20.7997372490 21.9030453300 22.3081285658 22.5405645033 21.5477411693 20.7704982895 22.4344975431 26.9422125129 29.1581333731 27.8477928077 25.3712861740 24.5659358916 24.8213306477 24.8826068128 25.5240699335 25.4062324238 24.1637593426 24.2269685841 23.6356075038 21.5009182866 20.9507670952 20.9323533636 20.6130468578 17.9747735529 15.5647671054 15.1946949481 15.7249413460
26.9191169646 27.7365254005 29.2956293270 33.3514806116 38.4351344837 40.3722114279 38.7767892389 36.0177399125 33.3272393618 31.9561789802 30.8047396538 28.0190044432 24.4506396702 22.2340870241 21.8302013527 21.3786889217 20.2703171235 17.7298386261 16.1216168781 16.3632926851 18.1677664805 20.9744637832 23.0778041587 24.3870390987 24.0842226776 23.5314783349 25.2566570998 27.8071722714 27.3617867497 25.8170323796 24.7967145697 24.8707443243 24.7725935478 25.5287611799 26.7225773132 26.3124727935 24.5091128745 24.2450782098 25.3931676561 26.3541800960 25.9176655090 24.5449525828 23.7705645268 22.0333299658 18.5727518838 16.5839297842 15.9564472851
27.1046616544 27.5401578401 30.1538398198 33.4869704093 35.8874623489 37.7189744613 37.4308376340 33.1829045608 30.5302286579 30.0035832042 29.7282966203 27.3274180654 23.3656415949 20.5882186128 20.4172120721 19.6529113746 18.0943248997 15.9452130465 15.0860866997 15.5374942260 16.4054361085 17.8739565454 21.2382532773 24.4852228789 25.6175247487 26.1339649733 23.7684381427 21.2326615001 22.0207743987 23.1602545828 26.6474702221 26.7286004964 25.4684916290 26.1298465775 26.8046387646 27.5469613262 27.9008581128 27.2848008026 26.7497936147 27.6650958695 28.1794639304 26.6516121919 25.5274858209 25.3941035480 23.9748742024 21.0800616187 18.1648727594
27.6779555425 27.9182699451 29.5443974028 31.2924053287 33.0166859203 34.7220600815 33.8502544037 30.5437672650 28.9344410703 28.7181180320 27.7270509687 23.9415309916 20.1091126946 18.9567256893 19.0929804667 18.0932416697 16.5964865300 15.8488786547 16.0832099500 16.5651129355 17.3339257162 17.9480534862 19.3852946250 22.5095009082 24.5654785540 23.8908183819 21.4361225080 19.8953639483 19.0901999013 20.4815292964 24.7771857830 25.9732980339 24.6306350164 25.0385801482 25.7098692236 27.1784981014 29.7274550248 28.2215342741 25.8904374205 26.3421266573 28.1543763704 28.2153790758 26.3849112962 24.6973638714 23.7410450354 22.9422672128 21.6601778520
28.0077902426 27.3920959735 27.2898975236 28.8300337270 30.2277328447 32.4530338403 32.3878019408 30.5396087933 30.1457680471 30.0773064955 28.0625222367 23.0299298710 20.1624255278 20.3589628218 20.7845720288 19.4001946365 18.0917541438 18.0512302613 18.6065430025 19.3152960419 19.2142315063 19.3000011641 21.8292159552 27.4583651335 28.2940576435 21.4635179727 17.9984431306 17.8669208544 17.2875837452 17.5657746586 19.5674033894 22.4658251682 22.7973477740 23.4889789426 23.9618259366 24.8573754507 25.3715879226 24.0213599754 22.4186533887 22.9955446848 25.0457183865 26.5680867888 25.0878052320 22.2919355147 21.2853401899 21.5910538682 21.6122092679
28.2854766701 26.4429860981 25.1958642039 26.3077674026 28.1238125463 30.5928697635 31.9353064697 31.6649515880 31.3609187433 29.4894933177 25.2292380610 21.1249773565 19.8238424782 20.6105645048 21.4787987061 20.6314323004 20.0039957708 19.6116189763 19.7410785186 19.9065828638 19.7857184394 21.0834633617 28.7519798731 37.2337628505 35.4819877830 25.0990948698 17.9672121594 16.2056974514 14.9852579052 14.3924010481 15.2170066576 18.7187663396 20.7652389072 21.6759772156 21.8836273416 21.8829743390 21.3511190086 20.7567262987 19.8629637016 18.3970281651 18.7386664184 20.2139467292 20.7207734347 18.0493231164 17.8373577510 18.2427156251 20.6639763492
28.6331781826 26.8753822893 25.2425197104 24.8483041360 25.5024194776 27.7936030179 31.3967301627 32.9821993655 29.0622292086 24.8706264538 21.6115963412 19.9669066351 18.7645543192 17.9706433701 17.7384761773 17.8024845809 17.0157484099 16.0140069929 15.8990726341 17.0559410763 19.0044455667 22.3766207637 27.8739129135 32.4184129131 30.6937457062 23.9642069209 18.8569070451 16.3492920256 14.5209423790 13.8572017313 14.8138234945 17.4869593611 20.4944172583 21.7469093332 20.2841315477 16.9671704352 16.7469140579 17.6835390885 16.4423873357 15.3558097954 15.0932685501 15.3442254814 14.1560742049 11.7061332276 12.2887695325 14.3200804159 19.6154497680
