model_inputs/inputs/pr4.asc
ncols 720
nrows 360
xllcorner -180
yllcorner -90
cellsize 0.500000
NODATA_value 9999.000000
[rows 42 to 62 of 360, columns 611 to 657 of 720]
14.0154334658 13.1044994923 12.4131901102 11.5179883142 10.3184990730 8.9869913209 7.7523737200 6.8989528954 6.3466429056 6.1112095209 6.0517579914 6.1120051469 6.2573194518 6.4365126891 6.6805777315 6.7284408215 6.8160339360 6.9007952115 7.0311676609 7.1582479868 7.3620248877 7.4287230964 7.5512176700 7.7108626720 7.9560875602 8.1451058941 8.3197369531 8.4662217123 8.5868957758 8.8391545869 9.1103822997 9.2886856146 9.3997644290 9.4558684359 9.4851362737 9.3136723954 9.2949268583 9.4345421239 9.6204934671 9.6188762836 9.6124988995 9.5221741358 9.4250134716 9.3906500915 9.3223335207 9.1903185457 9.0594698995
14.1406909243 13.2514663419 12.1248741198 10.6896367797 9.1162504832 7.9444118965 6.9899701484 6.3846531993 6.1851320133 6.1239766655 6.0099799666 5.9339900254 5.8541940452 5.6627322556 5.5966699583 5.9062215005 6.1091043535 6.3143440275 6.4946923958 6.8193425614 7.0508461431 7.1183859473 7.2352168427 7.3585871942 7.5198776685 7.6220937990 7.7607213098 7.9267554829 8.0268151723 8.1847097972 8.5946646213 8.8465374065 8.9275044302 8.9857890416 8.8056310342 8.8338085698 9.3617971579 9.5212789092 9.6423655195 9.7369748764 9.7774262686 9.7574696119 9.7247175217 9.7004479831 9.6677901893 9.5794038061 9.4585729748
15.3252978344 14.1646669654 12.5793627813 10.6332263094 8.8714964877 7.7824153777 7.1390274315 6.7088707801 6.4549234739 6.2742727678 6.1283856121 6.0003776453 5.7324656300 5.3020573250 5.0804077182 5.1698060197 5.3610049581 5.5888409988 5.7948026297 6.0311495108 6.2424807329 6.4260251602 6.6974461806 6.9236561976 7.0797244189 7.2126405139 7.3776038334 7.5559065590 7.8320412213 7.8237944108 7.6248590412 7.4657350269 7.5981548871 7.7639315132 7.9452587961 8.1150359474 8.2824710116 8.5455356020 8.7558437081 8.9790733691 9.2191891599 9.4033394416 9.5443632599 9.6164027709 9.5868744393 9.4103545052 9.1741331562
16.8029579509 15.8315658337 14.1285467253 11.9543154869 9.8576400997 8.5784886614 7.7265306099 7.1198139485 6.7255612448 6.4639600168 6.2718381523 6.0679457383 5.7345696187 5.3492780207 5.1574302051 5.1295532394 5.1403165853 5.1818783177 5.2268164509 5.2420211578 5.5414393719 6.4571529947 7.1373194878 7.3609245665 7.4928334579 7.6588399315 7.8227824924 7.9553691394 7.9147951619 7.4329499330 6.6444975673 6.2335567563 6.2421524635 6.4095881171 6.6036960998 6.9102395864 7.1180382292 7.3525245243 7.5975537475 7.8831044957 8.2081542423 8.5356285854 8.8001253025 8.8602475153 8.7771452672 8.5548296920 8.4472286471
18.4262565162 18.0382975086 17.0500781969 14.7852882219 11.7253814824 9.9733636016 8.6142270011 7.4907813323 6.8080735509 6.3795718015 6.0967986719 5.9414683201 5.7853641483 5.6508414782 5.5233904495 5.3893457443 5.2820057826 5.3624070279 5.8315139904 6.8180890084 7.8701075035 8.7524089613 9.2274695635 9.0451120923 8.8247849926 8.6448238289 8.7134097339 8.7007056500 8.0852789470 7.1210421593 6.4313358162 6.0621270604 5.9137722856 5.8399152113 5.9183621634 6.0411419836 6.1656061735 6.3464979248 6.5281923744 6.6826451803 6.8704535734 7.1731061544 7.5007213527 7.9387770966 8.0907793745 8.1396590977 8.2374008634
19.7966898268 19.8928533064 19.7091367882 18.7527413364 14.6609018266 13.1060259155 11.4617629006 9.5569447585 8.4146551308 7.7568858032 7.2757094895 6.8654417191 6.5587320350 6.1899770808 5.9059533451 5.8493878751 5.9715058524 6.3721153128 7.5341847914 8.8007441227 9.4812123643 9.7110787246 9.7771139117 9.7797872149 9.7100721105 9.6644432560 9.7928024770 9.6339554584 8.1904942926 6.8078743498 6.2239473627 5.9974261676 5.9181670877 5.9226243611 5.9683763902 6.0279286990 6.0619478973 6.1059389409 6.1845733071 6.2460469053 6.3288267775 6.6278748782 7.1640631286 7.7115245149 8.0817575654 8.3831153388 8.6115130325
20.0812410330 20.1179152646 20.1823998650 19.8906373407 18.9867708832 17.3766278458 15.7023656066 14.2184996075 13.2105475932 12.3590887233 11.3751080353 10.9226738568 10.7731727912 10.4847507173 9.8896767158 9.1212652842 9.0386946322 9.5065610076 9.7993778836 10.0991255458 10.2718353155 10.3623634059 10.3745358938 10.3615795670 10.3066566226 10.2425774967 10.2181759430 9.9614787177 8.2338034554 6.5158790312 6.4281715822 6.5167218054 6.6004322653 6.6446313504 6.7188626635 6.7483603489 6.7748299407 6.7740684972 6.7971664030 6.7826241284 6.7629208934 6.7369145327 7.1679734829 7.8188432599 8.3195648622 8.7175505250 9.1210006649
19.5341002545 19.4343558687 19.2079537228 18.7584215164 18.2795937726 17.9391766578 17.6145966252 16.8221154454 15.5281635962 14.4801792194 13.7376303464 13.6196513922 13.8796313113 14.2528128927 14.0335206961 12.9033522826 11.7099204072 11.0965564381 10.7733130571 10.9015986091 11.0230641731 11.0851312493 11.0967886430 11.0901678563 10.9338691982 10.7362015260 10.4028825735 9.8777747407 8.8448601091 8.0418141952 7.9592011098 7.8778633833 7.8869859717 7.9434459476 7.9861398262 8.0920623950 8.1232267694 8.1593399373 8.2766941778 8.1550164468 7.7757427280 7.2998971082 6.9640834263 7.2219069043 7.7187900533 8.2372387915 8.6967894022
18.8420247141 18.9488036121 18.8550930179 18.4550982522 18.4810179780 19.0413095697 19.5307763061 19.2135054240 18.5603672289 17.4865515291 16.6082747601 16.4646589692 16.6725731251 16.8354760681 16.5120346646 14.6300633642 12.4465050321 11.8900147645 11.9586884830 12.0390148804 12.1301865438 12.2005799931 12.1985962323 12.1080492827 12.0112280856 11.7796667473 11.0216626927 9.4116540276 8.5831586912 8.3223065303 8.2113508906 8.1923136240 8.2094702666 8.2718202320 8.4219542623 8.5239882828 8.6406612318 8.4609540791 8.2254045919 7.8220711439 7.2902211177 6.8685806109 6.7336672000 6.7962912144 6.9300524410 7.1407477517 7.3457286999
18.4779097326 18.8336629799 19.1525321861 19.2875905777 19.2437227088 19.4266483159 19.8892818298 20.6120001676 22.0608385862 23.1214421801 22.0543580654 20.9896502201 21.0604833264 22.0720386424 21.8827433127 16.4108275058 13.2637460920 12.9986435204 13.0771547119 13.2537188474 13.3998735691 13.5725208675 13.6719965085 13.7779361685 14.1642414528 14.0730756830 12.8250638663 11.0243041709 9.7743451333 8.7849653864 8.1402331271 7.9014445582 7.8391063798 7.8366464222 7.9456672174 8.0846082637 8.0702852283 7.6142006001 7.1500353588 6.7518186697 6.5305957542 6.4792778794 6.5291282663 6.5915790110 6.5858829184 6.5514841772 6.6212299280
17.9147432791 18.4330093180 18.6572874372 18.6715191230 18.1309920590 17.4322261882 16.4931282343 16.1818274937 17.8244627168 20.7681408792 21.7787461588 22.1324425656 22.8224871971 23.5485954909 21.1014291854 15.4234615766 13.5764129518 13.6070439621 13.7522262521 13.9134141791 14.2533385952 14.7994762956 15.4319435387 16.3213991473 16.6608037543 15.9612776188 14.2709437350 12.4283553305 11.0055816185 9.6927486811 8.3862707324 7.6506756304 7.3844939543 7.2584019726 7.1122195513 7.0494511456 6.8762793235 6.5085875613 6.2673201755 6.3199546639 6.5634032435 7.0645167652 7.5913366672 7.9674119697 8.1044246544 8.1472564416 8.2513531961
15.9578617313 16.0592610191 16.0544424725 15.7222904381 15.2128352202 14.3832495814 13.2809481147 12.3018826271 12.9351065989 14.5616972877 16.2270461587 17.7145637863 17.6109214226 15.7841394539 13.7384071131 13.4734495223 13.7643787020 14.0667813976 14.5143581321 15.4917522159 16.8862865103 18.6172550748 19.9284879200 19.9588372197 19.1395735019 17.5639535591 15.2374996251 12.8764235851 11.1770879303 10.1236673654 8.7453885935 7.5441843364 6.9909313825 6.7596193403 6.5789161818 6.4864856613 6.4399845651 6.4085302292 6.5308397461 6.9968231401 7.5725263014 8.2072625519 9.0232459333 9.6348524530 10.4312422191 10.6705889048 10.6742900389
13.8973908615 13.6369029206 12.7533337654 11.9851563068 11.3958909642 11.0522312316 10.8774422260 10.6251851830 10.2941387740 10.2722325391 10.2758499852 9.9586498254 9.2659937727 9.8540167601 10.8673360082 11.8790398410 12.7323139168 13.5047594667 14.5204437868 16.2285254337 18.5099174705 20.8690710424 22.1898502205 21.6434567410 20.5833199143 18.8279403665 16.4808732370 13.9751217503 11.8775570299 10.2399690222 8.8037733949 7.6028750118 6.9368918776 6.5900519985 6.4097095237 6.3392359225 6.3524444922 6.5432827469 7.0263950838 7.4919264443 7.8337361992 8.0076606246 8.2259615301 8.9705737264 8.9720559481 8.7489541766 10.1621426584
12.8560555604 12.1913189068 10.9452071629 10.0505735027 9.9485978280 9.6402733179 9.2630446525 9.0228369227 8.8733753437 8.9592233853 9.0748891307 8.8659153189 8.7412230496 8.8795352567 9.3388194800 10.0770719728 10.9867105493 11.9124537741 13.5265949793 15.8930329490 18.4476382274 20.1564212039 20.9418796585 20.8711290616 19.9629721174 18.2200644485 16.2132600235 13.8138407056 11.6911389196 10.2623502753 8.7433417721 8.3264921122 8.7889340866 8.9377568074 9.0981732719 9.1067512985 8.3181268419 7.4404518018 7.6357184516 8.1542508779 8.5093175294 8.9094773139 9.4885574654 9.6350015592 10.0767737604 9.9384550704 11.6530632076
12.0005926292 11.8207729101 11.2318093161 10.4692436726 9.7281139606 9.2637070848 9.0468359485 9.0194734876 9.2919742019 9.4067423634 9.5785085796 8.9676912030 8.6330803897 8.6740704501 8.7085069099 8.9836255283 9.6266138935 10.3484782594 11.6186792002 14.2532831960 16.3343177555 15.9381643898 15.2812390152 14.8387212830 14.0179287846 13.4658398019 12.8788375732 12.5652666466 12.0688278694 12.7475922927 16.9585116673 22.5612932118 23.8383895776 23.4916381014 22.9870886542 23.4170189942 23.3164023666 20.3059705964 14.4357090321 10.7043293392 9.9655806116 10.1783510327 10.9883890254 11.0945066699 11.0078600555 11.6246894177 13.1621570326
11.3819952094 11.3919811993 11.8143124273 12.0786712359 10.9219784208 10.1040018490 9.9042914808 9.3231267892 9.2389684214 9.3548746227 8.8400285968 8.2096246770 8.2778829019 8.4062704118 8.6111446872 9.3628491522 10.5110676668 11.6473889211 12.9003713373 13.3769336098 12.5378169614 11.8281457108 11.5077583323 11.3334773487 11.0511385719 11.5475820639 11.7490864213 12.8830113681 14.2509517173 17.3028031859 22.6369590091 26.8903730612 27.8765414259 27.5354005862 27.1865321556 27.2701919312 27.4797161983 26.6918791167 23.3111146954 17.4527144409 12.6395675034 10.8806706994 11.3792688644 10.8775542030 11.0447688494 11.6286203993 12.7670892543
11.9594876451 12.6869915257 13.8871078379 14.6518529073 13.7495234812 12.2947007767 10.5683857400 9.4755374885 9.2382334988 9.3420509002 9.2590264467 8.8448223905 8.5661800331 8.5302401349 9.2922830227 10.7366105367 12.0456132718 13.0317168077 13.6299650621 13.4794644546 12.9987000983 12.3898116726 11.9915024552 11.8308755918 11.5778146719 11.6455536772 12.5239164918 14.3383668474 16.7589486373 21.6991175548 26.8828340631 28.4550781944 28.1892094645 27.3364752356 26.5317897429 26.8490146555 27.5157633587 27.8828545706 27.2859111428 24.4248778909 18.5171653284 12.8281567886 11.3462721929 11.7125736724 11.8705955974 12.2806906875 12.9590083816
13.1496945833 14.1842429002 14.9584930477 15.0244180259 14.3882909033 13.2371285727 11.1410879181 9.8481898312 10.0800988876 10.6183145108 10.6641979655 10.1003537566 9.3457213879 9.1453874848 10.5024725490 12.0102697983 13.0185082380 13.6959218653 13.8302105624 13.5941925400 13.4970566287 13.3383098000 13.1875050865 13.0410851561 12.8431051271 12.9182298988 13.9340132300 15.4996566125 18.7182524242 25.5368706712 29.5870028785 29.9304233340 29.8033306317 29.7434901295 29.1354904475 28.6925377732 28.7198955193 28.8248662837 28.8519222813 28.4970896028 26.9801408867 20.6489431439 14.2605734873 14.5190658804 16.4123539289 18.7466509669 21.5500137128
16.9879309688 16.1131714558 15.4260346899 14.8941510706 14.4533012062 13.6995357752 11.8884388357 10.1606292010 10.6017018406 11.2043136614 11.4519360359 11.4390622184 10.7154857833 10.0906600856 12.1737750596 13.3201801364 13.5978889593 13.6608542089 13.5877886350 13.5448260116 13.6194686929 13.6620105186 13.6726000055 13.6507362040 13.6397624592 13.7097245024 14.8014188017 16.9351391232 19.8433571204 25.4695524636 29.4044709590 30.0464102766 30.1537690975 30.2748857648 30.4848131491 30.7500713097 30.3189080441 29.8818818992 29.4725176063 29.1100304166 28.8983750506 28.3293150715 25.3062452248 27.4804493529 30.7057284226 32.7964401513 34.3550796679
24.7855993803 20.4194068210 18.7140479829 17.0451794984 16.4764578076 16.2522904866 15.3849450289 13.4098418785 12.3922209459 12.2223188519 12.2391106852 12.4270292872 12.4243288737 12.5131148379 13.1463753496 13.5913801496 13.7559167779 13.5662124376 13.3095670753 13.2897848671 13.4716213506 13.6411816202 13.7048199103 13.6774256243 13.6412370193 13.7901098351 14.8922014923 17.4171611579 19.6262290265 24.2858496204 28.0128256709 29.6426707646 30.1096195180 30.8563386498 24.7462117695 24.2373294022 24.1740588681 24.4807320123 24.4930989866 24.3753934919 24.1766095860 28.7594858673 26.8810141424 29.7597798344 31.3269696780 31.3628918957 38.8102479628
32.5858409051 25.8835608547 22.2227690974 19.8432981852 18.3425366267 17.1165288775 15.6656725158 14.3809463916 13.2479903405 12.4038606591 12.2607281373 12.3482540657 12.3282655841 12.3154907778 12.5678774784 13.2123545482 13.6297033896 13.7250688858 13.7434307544 13.8716408692 14.2465798999 14.5213926444 14.6862227703 14.7927187791 14.9851577153 15.1086035039 15.3090859239 16.5554994164 19.2967785842 24.1261115007 27.3898564337 29.7874157550 30.2235955896 9999.0000000000 9999.0000000000 9999.0000000000 9999.0000000000 9999.0000000000 9999.0000000000 9999.0000000000 9999.0000000000 9999.0000000000 9999.0000000000 9999.0000000000 9999.0000000000 9999.0000000000 9999.0000000000
