model_inputs/inputs/pr5.asc
ncols 720
nrows 360
xllcorner -180
yllcorner -90
cellsize 0.500000
NODATA_value 9999.000000
[rows 63 to 83 of 360, columns 141 to 187 of 720]
34.4056343311 32.3431054421 31.5401785774 32.4965563486 33.2772528345 34.1766967904 35.8230885467 38.9679799264 44.0647881478 48.5156588838 48.0395704508 45.4654481728 42.8946498432 40.1105671772 37.3205438373 34.5921078406 34.0731876204 34.6615382878 34.6310475434 34.5867140859 34.5864712726 34.3416141404 37.7784660668 43.7340010540 46.1359710898 49.6598043828 50.7973868516 54.1537120007 56.4757941174 58.0830387189 59.0869135922 58.9890999254 58.2111592521 39.7265167558 9999.0000000000 9999.0000000000 9999.0000000000 9999.0000000000 9999.0000000000 9999.0000000000 9999.0000000000 9999.0000000000 9999.0000000000 9999.0000000000 9999.0000000000 9999.0000000000 9999.0000000000
35.4946659354 33.1589202688 32.9100531817 33.0992400704 33.7384612940 35.3662884445 37.7133826842 40.3449927690 43.7521908316 46.9735919614 47.1776918275 45.1827899669 42.4997930531 39.0100290533 35.8639589685 33.9541336871 34.6996929729 36.2582051894 37.2026403202 37.5435501337 36.7168016382 39.2535518913 41.9808186125 45.6102450262 44.3814024911 48.0437147780 50.6028486416 52.1991312853 53.0355168739 53.6267742282 53.9914891706 54.0672139032 53.9089185186 53.5559010459 9999.0000000000 9999.0000000000 9999.0000000000 9999.0000000000 9999.0000000000 9999.0000000000 9999.0000000000 9999.0000000000 9999.0000000000 9999.0000000000 9999.0000000000 9999.0000000000 9999.0000000000
38.1906238908 32.8258912778 31.6535464372 31.9686048897 32.8424850886 34.6171788988 37.0957600535 39.4079646212 41.3184240460 42.8543617018 44.2691991921 45.8301065373 44.2968846182 43.1294997688 41.6807815782 42.8720045602 44.5832486730 44.9022722896 44.1774157807 42.7586319856 42.5690066186 43.9102976234 46.3975870516 47.9989994201 48.2021186035 47.1213120036 48.3101445716 48.2559759985 50.4081171239 50.0550477882 49.8608631897 49.8226589989 50.0798100256 50.3614734043 39.3428812386 39.4238983572 39.5311840985 51.2677844963 39.7241499159 9999.0000000000 9999.0000000000 9999.0000000000 9999.0000000000 9999.0000000000 9999.0000000000 9999.0000000000 9999.0000000000
39.4248177472 36.5182676178 34.8610506335 34.1927507543 34.2429353041 35.2383258578 37.4875616399 39.7851832677 41.5379413753 43.4536908288 45.3973190160 46.8556507258 48.2533451286 47.6083671092 48.1608026312 50.4685799824 54.0034978185 52.4607566767 47.6166321896 44.8366325581 45.6718583009 46.7476058984 47.9985137936 48.6968588666 48.1925145141 47.2401490551 48.4756536316 48.4395428211 48.6555617535 48.1636833865 46.9182493980 46.9892263063 47.6646102034 48.3885001740 49.0355008515 49.7896128218 50.3633970511 50.7348824758 51.3724959455 52.0837266231 52.5311913807 52.7225895203 41.7931498960 9999.0000000000 9999.0000000000 9999.0000000000 9999.0000000000
40.9616818652 39.4735642767 38.4906986437 37.6906926103 38.1130014430 38.4661367862 41.1845655763 43.0575233186 44.6013064357 46.4490021695 48.3575096587 47.5684985868 46.7481339583 46.5456654201 47.0833765576 47.6466655964 47.9091868037 47.3474913742 46.1281397729 45.7221512916 46.9200598891 48.0870486936 49.3701305240 49.9125706265 49.1526028491 47.7447055746 47.3601365229 47.8885170305 49.6766834403 51.4567356440 47.7861064137 46.7409674311 46.7603924917 46.9040672178 46.7293218244 46.9447042560 47.1711005084 48.1340130209 48.9873908227 49.3662030785 49.2253431003 49.3284562253 49.5476340875 49.8768134275 9999.0000000000 9999.0000000000 9999.0000000000
39.8777917726 38.2177293941 37.8038553754 38.5026554286 40.4348808224 42.9736419464 45.8024918335 46.9052836415 47.5720582763 47.2887541400 47.8534481954 48.1517501757 46.9169245334 45.8970475593 44.9879830121 44.1978026647 46.3028144441 46.3733151555 45.7278750837 45.6785203423 47.3833240103 48.2704269234 49.4618337834 50.0545480172 49.6110437089 48.6114168889 47.3983312841 48.3053071657 48.3237468288 48.6199459992 48.1919440208 47.6634692168 47.1034994116 46.8960614526 47.0347007504 47.4392936449 48.4898310970 49.3400452542 49.8863279354 50.0655429787 49.8033942422 49.6823553694 48.0879209354 48.0844366830 48.1514201383 48.1823729351 42.0929370448
43.7581032165 40.6239592703 38.6886338820 39.2556264123 41.5866124677 45.4154710751 47.5373666268 48.4640693176 49.3754865602 47.2803759039 46.6160199721 47.0856538159 46.6764403973 45.6410846673 45.5803813529 45.0163426576 44.5132335881 44.4947609212 44.2997606588 44.7086911881 45.1880658511 45.7542309305 47.0904487884 48.3260335168 49.5467429864 49.8329373077 49.2183038732 48.0594905675 48.5728449421 48.2509169960 47.8743018466 47.5511197583 47.3389056860 47.5368621410 48.1959940516 48.1588789844 48.8773327670 49.3584990618 49.4899859768 49.2018067162 48.8131310558 48.0931213824 47.7951824432 47.7388309082 47.5769334007 47.1953111119 47.2045898787
46.7746972572 44.9510188191 42.8668748355 42.4914478208 43.4206917998 45.9404899157 48.1706000282 48.6483339337 48.3688676613 46.5493806987 45.2687600045 45.5695089768 45.2311593108 45.0780596584 44.9888128205 43.7531998032 42.3854397959 42.1730277012 42.5665266230 44.4701637025 46.3083826471 46.6021631146 46.6836163541 47.5982019561 47.5536893355 47.9575089994 48.3107292093 48.1511985417 47.6911546430 48.3066603192 48.0795096955 47.8890875238 47.8062717011 47.9780703317 48.8204154535 49.4859925238 49.9355695210 49.8965826700 49.4368028012 48.5749383224 47.9248541524 47.4080013810 47.4285910022 47.7043985738 48.0952807702 49.2519346881 48.4569263645
44.7707429412 45.5257931608 43.3969385340 42.4826923991 43.5666815029 45.2138653491 46.2922343868 46.7450221768 47.0242149895 46.4073797339 46.8715019524 46.9625404221 45.5647611525 42.2213027487 41.8911144370 40.7031918294 39.2187989492 41.4767948678 41.5142588317 44.5113665191 47.2414739197 47.8540846962 48.3173205284 48.4809530899 48.6837846693 48.5339335282 48.8665735465 48.8559369114 48.7893542158 48.7843659357 48.2905639219 47.0916416380 47.1731608850 48.2778197620 49.4441343471 50.2310897573 50.4394659656 50.0937093166 49.0746527212 47.7054782677 47.5585503154 47.8921144386 48.9026324940 49.4614518830 49.9854004593 50.4326954833 50.0835913117
42.3137933831 42.3903997871 41.4932354470 40.8652590704 42.9021511227 46.7738910229 46.4296148275 47.0896095503 48.0732484139 47.0790907857 47.0527868019 47.7205892676 48.4869692009 44.8026622762 43.1369539001 42.5594826811 43.2789690094 43.9456682070 43.5707786819 44.6593600209 46.2296451442 47.6335819694 49.2063046549 49.9283322715 49.6937888092 49.2199446307 49.4160670205 49.4539930369 48.8933820161 48.8685443415 48.5652069328 47.9774055420 48.0198059231 48.6887493753 49.9699971406 50.9373321547 51.2351107900 50.7235433324 50.8653227007 50.1631020452 49.6625484084 49.9335751520 50.4277920700 50.9765075985 51.5918954043 52.3084255401 52.2752897814
42.8148043575 41.3052508375 39.2278985528 39.9910559063 42.9218213540 45.6644088845 46.6439458542 47.5449433434 46.9915412832 45.6278878846 46.2792309118 46.7891481821 47.9845343507 50.6690494367 53.0536736478 51.1366606224 49.1341396119 48.9601155859 47.5995268207 44.2209241446 44.1838845145 44.7955900454 43.0753170513 47.3289998481 47.1382004907 47.3106780555 47.4722785293 47.7857150836 48.4547716915 48.9557496621 49.4143225369 49.8318104655 49.7603997937 49.3352785707 50.9058088646 52.0736934850 52.7749428875 53.7274545059 53.2263256609 52.9513809015 52.4854811956 52.3493030341 52.4675507331 52.8881457285 53.7347247591 54.5790218166 54.6556282206
43.1410039309 41.8522548862 40.5777917476 43.2898932486 46.6818907298 46.9773591030 47.2118271282 45.7387333154 44.1384383594 41.4270582260 40.7754936023 45.4654906061 50.0962977530 54.5921195881 62.1781102382 58.2609430421 57.7763160691 57.7258486301 54.3934700545 46.1605635937 44.4146136870 43.9542633248 42.3706352594 43.0660665734 43.0834595463 43.9414107241 44.9723439524 46.4182096766 48.2298888965 50.1810325077 53.2068440225 55.9984232532 56.8487882847 56.4523520297 59.6581612481 63.3694746648 62.0456143515 61.3049820531 60.3827678715 58.1724977237 56.7387585179 55.3235815605 54.5505395858 54.6737567056 55.5097415345 56.3876505475 57.3792244541
43.9936839393 41.5311567485 45.1010679826 47.4889407051 46.1859198986 47.6202673162 47.8278985829 43.8788969186 39.7627831553 39.8649863200 42.7484998363 45.5789951957 49.6628501569 53.2862133114 54.9289510818 53.0240645749 56.0682638898 58.0201477278 58.6549983127 56.4520455664 53.7681528367 49.6061685844 44.9427678832 41.7229980812 41.8430044083 43.7531620846 47.0685012988 51.1867885944 55.5115095922 61.7731448729 67.6726819365 69.2611379782 70.3525812132 73.6786466441 76.9975926960 76.3736380613 75.1274119830 73.5272443271 71.8387492234 69.2222312791 64.1487967805 59.4030328793 56.2812370481 54.9797108397 55.9665416367 57.8491081833 58.5884627653
42.1038424247 41.2614077213 43.2863759925 47.0173502108 48.7783969729 47.5946328370 47.2162779188 49.3449345231 46.8988667708 45.0992244878 48.4888362698 47.2520916956 47.7212729165 50.9402789176 49.9146451475 50.3135708277 55.9165833984 61.8180723977 66.8090965482 68.7344500911 66.6014888557 60.9592536930 53.6544879433 49.8836310580 48.1491711689 48.8909680280 53.8902761182 60.5840011267 67.6415594062 71.4948879322 73.2733418117 73.6208995222 73.1721570482 74.6374761220 74.8888043454 78.9410558646 77.5143275969 77.4386688718 77.1624369663 75.4477840383 70.7937752595 64.9928722414 60.4702042183 58.6631549522 58.5517154541 58.3450318663 59.7253710148
42.2311755829 41.8161676498 43.1250819820 45.2649268555 47.8819257114 50.4581885180 49.9953817343 49.5856025373 51.4335575863 51.6163370339 51.6848763800 51.7479276750 48.2984329574 52.5250573992 52.6420273818 52.4205722613 56.9578279392 63.4521396132 69.7482213727 73.5464336467 71.8114268384 63.8747902703 57.3334576911 55.3636245313 54.1772059514 51.9655590761 56.0614839778 62.7053261851 68.5846272390 72.1737513668 74.4602365885 75.2574137296 74.0740550682 72.8480367106 74.1359182284 77.2005468607 77.4883725098 77.9487605905 78.7224154919 78.1643740484 75.2378189354 71.8947754358 64.9829569738 63.5493450682 63.8426446239 65.2340070228 67.9134631064
44.4984620553 47.2859393922 49.1601041285 48.8272189396 49.2756738095 51.0801110649 51.0762401973 51.4969624928 55.4676806205 57.3130236589 56.4518994070 55.1797795342 55.4812074406 59.4897384290 61.2127271597 61.1969796591 62.8735415521 64.5385002717 64.0662685619 74.0034600603 72.8477773955 65.9043884953 58.9480149793 55.1108818618 53.5192244570 55.5768475751 55.8033004054 58.2481470192 64.5041528041 71.3902094867 74.8617035570 74.6544636204 72.5771372672 73.0440459447 72.2749455599 68.6110443785 72.5225207862 75.3762319218 77.9990630108 74.9059144291 72.7640468976 72.2530970816 70.2133289888 70.1501409640 68.3386597666 67.3990856158 67.9678862798
49.4290610659 54.5015997486 54.4526787708 51.6331783729 53.9337514783 52.5306821801 52.3898174870 52.5873684674 55.1835891092 58.4110817872 58.1440437818 59.3410565634 63.2240837440 64.0112324618 65.1687209029 66.4832883049 63.3565702010 58.6970450822 56.9000761025 61.9620252983 64.8893866455 63.3002988179 63.5323811439 61.6012378014 57.1283205645 58.4410208976 56.0446897871 51.9612167263 62.9316800041 73.8489695359 78.6871580640 78.0601105071 77.6388412924 77.6312975795 75.7402820745 71.6807555873 69.6689652395 69.0894996515 72.1676126705 70.5797695555 71.2880723295 71.6570353252 72.1384090721 71.3601289317 69.7908716393 67.4662623787 68.1523489184
53.4747636993 59.7208872205 59.0405103285 54.3551338487 56.1927492963 54.2621010100 53.1584133860 53.2987264451 53.4260313143 60.8666216140 57.5993971433 58.1536855898 60.2295644931 57.6485962956 56.0093899257 56.7960671615 53.8870276068 54.5140091563 57.0500073954 61.3027377985 65.7582007698 66.6589295142 66.1311430740 65.0441176258 66.9774109265 66.8914880371 65.2733144816 66.4918174152 71.4941005572 75.8275628323 81.3190086046 82.5668990146 83.3326047286 82.5863712234 79.1564901592 75.9013356292 74.2296818644 73.3245494775 70.6223679590 66.8582626968 68.5180256842 71.1194562027 72.1338828444 72.2177642165 71.5128325392 69.6455703001 67.8351263632
47.1467296011 53.7584308768 53.1691867509 49.1000844631 54.3738139677 58.7954339571 54.8647823744 49.6654480230 49.2798039922 54.0357849095 55.8305709274 56.5168224857 57.9841642175 55.6898335344 53.9119878667 53.1539390213 55.9693092364 57.7104217373 64.0465511824 67.1517225564 64.3568288069 66.6580714169 67.7321075345 65.3985212557 68.0423710146 68.8952679047 72.1739163855 74.4352857582 74.1123064072 75.6680133054 77.4396448396 78.1381030683 78.6777944304 76.5925283195 75.0170898973 73.9510076819 71.6350642615 71.2291323580 63.0735913874 57.2689259425 61.6509885876 65.9124838421 67.9663822521 72.7714774548 75.8548805024 71.4405260514 67.6524459268
53.0908877263 54.1853012983 54.7788924887 53.3067086362 57.8807823476 54.6311300131 53.6526633077 53.0347530730 51.4367778087 49.2847074056 51.7157725990 54.5317321667 54.6737802797 55.9302893816 59.4794035424 59.5039206091 62.0060900110 62.1390243759 64.1884437064 64.3687525881 62.9000529880 65.1589800837 68.4240498813 68.6606584350 68.9797339146 68.3945869678 69.9942407082 73.8981168251 75.6683574873 77.3595023202 75.3864442231 79.0469790227 77.5233470486 72.6772093331 71.3764610700 69.8196131852 69.4969780161 68.3227755362 58.2677748171 59.0727502713 62.5975265284 61.7838899489 64.1918996698 74.6832758887 79.4073186116 70.0342035270 66.2461234024
71.4837656706 73.0125085101 61.5313170129 57.5746349059 61.8439284735 53.6232899758 49.9137493316 50.6599168293 52.7004298638 53.6808626493 56.6126653575 54.4325559167 53.8778808550 60.6790141901 65.4818415642 65.5230443808 67.5344339688 67.5311335945 66.7170868255 65.7538395608 63.8570295414 63.7810926419 66.5984572261 70.8929986577 71.2518625078 69.1631498630 73.0962767266 76.2640184839 77.7735248557 76.3132176362 78.3194727846 84.9438003497 80.7023666566 78.1622099457 76.5935608651 74.2549957358 71.4311294141 69.4082686678 69.1537815146 69.4927959703 67.9473202326 60.9897208633 60.6532382662 69.1724003409 66.3399011828 64.3879796262 67.2872972209
