model_inputs/inputs/pr5.asc
ncols 720
nrows 360
xllcorner -180
yllcorner -90
cellsize 0.500000
NODATA_value 9999.000000
[rows 168 to 188 of 360, columns 376 to 422 of 720]
252.1444342565 250.4356889986 270.2516270801 216.4800795726 182.2093315423 184.8332611844 192.6453416236 180.5881122127 169.3604649045 170.2054173220 179.6512019355 186.5781408269 196.3877587114 208.6141370237 213.0928204861 215.8290571533 176.4513852540 154.6503662830 146.6347753303 138.0316705909 128.7489056122 129.1164353024 132.3565731291 146.7176713049 167.3473685514 164.8987925146 156.9331409410 179.3035876472 207.2100257501 211.5647660103 195.4489625059 189.3972074613 195.1410847250 208.2040985115 212.1983247343 207.3281602934 197.9242621455 186.4008447155 170.3821665142 157.4945440516 158.5017805919 160.1669609081 153.9246045286 145.8126992220 137.4460898805 121.4941263897 120.1606808463
267.4824809656 267.5082050264 255.6955239270 202.8934566770 185.5707534123 188.9029245358 191.1134021357 183.7759343907 177.9525652528 171.7981968541 172.3866253160 178.9013002999 189.0700366348 196.6397375800 190.1527480222 183.3825486246 173.2000072952 159.6111967228 146.1701957742 137.8544310573 137.2359691886 133.7541119428 136.5007495042 154.2953308672 168.5638111085 160.9951662831 155.5671537062 177.4779902771 247.8954191320 311.0612465534 275.0798673369 224.0901582409 212.4767065980 216.1790477112 215.0340818334 208.8153278455 200.1078652684 190.4186639003 173.1761880219 166.3868087344 171.7152348720 176.8744555302 170.7735531963 163.4179993998 158.0678567989 133.6269155145 126.8530196976
265.1287482586 258.6521878839 226.3164399192 212.7805484924 210.2361484431 201.2447027955 189.4219885580 192.0448055025 197.0609596465 194.1148003098 175.3009879030 173.2575281058 178.9089948870 180.6015211623 176.1218004394 168.3244490996 167.6858926658 159.2617530841 141.9733265648 138.7238911120 140.0412119692 140.8754617441 156.3814975088 180.2556419279 180.3921642713 165.9816359170 161.9827137329 185.8156789094 279.6742524952 446.8719726428 354.5707608573 273.8245746586 239.5911680069 226.8218121026 220.0494061690 214.4059545826 205.6865352206 195.9442072548 179.2741483077 175.5098733120 179.9941014033 180.0420794170 169.6546885651 162.5424572267 156.3331517391 142.2293318901 131.8136332557
9999.0000000000 231.0591533314 228.2041220460 243.0736098904 235.9798606485 220.4063935205 205.7796057779 219.5297763683 220.7809388638 215.3915406670 202.7210074011 182.7230018098 175.2912565134 178.9681187365 171.1334825959 159.8587813787 160.8482901938 158.8815310970 143.7052781694 139.2564583803 140.5376448529 142.0609562192 162.3530345969 180.1307557616 182.6219349168 175.5774649791 169.0154154785 191.0549006425 262.4792454299 340.7606366090 325.1104499213 282.6552449260 251.7156684771 233.5254948121 229.7586926725 225.8211574517 217.8173912689 211.3179734442 204.9965306651 191.4709364064 186.6726069711 176.0584709700 162.8466574475 156.3552076695 154.5458104229 148.1361344922 145.2533329139
9999.0000000000 225.1976884436 232.3286470491 265.7693792135 264.5455249585 282.4679911137 265.9226108808 236.4936440717 237.0724165812 224.7396719176 215.1214003097 208.5340982303 187.5882251188 187.3257227708 181.0912024230 160.7380388305 157.1121249581 153.1350889709 145.5058869906 138.1987355417 138.4257635800 138.4184838971 147.4764839513 158.4213080350 167.3825033940 182.2001470719 185.0518214051 200.1181435771 234.5560414251 265.8118691761 267.1389780007 252.9216252733 233.6484761909 224.9524046201 231.4923887607 237.2507876717 232.7000806108 240.0545405690 251.6252193600 224.5969071519 202.1100798156 171.2166520301 157.5486984802 152.1948783193 156.4988305327 150.8836490102 136.1577085918
225.4517041147 230.5407493841 9999.0000000000 279.7328294255 283.9461250696 285.3680017870 279.8546226695 259.3433428556 258.0667014699 247.9194835760 230.0064847805 215.9777437337 204.6473887749 190.7966793515 180.1400533877 158.2878597546 149.4838942308 151.3415146619 145.9280048730 138.8349817134 137.3155082110 137.0856135618 141.1748622777 142.4917399418 152.4446412222 183.8822441641 192.9608951323 202.3676598910 206.1333116144 211.2394999713 222.1484631300 219.7097504977 208.5430563893 207.9996073153 221.1290246341 234.4215558842 242.6587811206 254.1733912658 246.1225523148 243.1344122160 224.6293639764 182.8381565865 167.2865096480 163.6222077068 143.7409882201 121.2047778536 114.8392137839
9999.0000000000 9999.0000000000 9999.0000000000 295.8777893800 306.7710050382 272.9048074689 293.6175798532 304.4067488518 301.3853221200 269.6404543240 257.6326739509 240.4919061810 202.1677703597 174.8325987719 147.7363554295 141.0348132486 145.1155375689 143.6859662645 141.4210984949 140.0301415706 139.3908119062 138.4927800391 141.3148830179 143.6260880437 150.0865708804 179.7478746157 181.7445445340 190.3732884675 195.2581631485 199.9345673248 216.8226207141 227.6898482814 212.1366926003 200.9161741007 206.5081587061 224.4340006728 244.6433810983 262.4808484688 242.5224662293 238.1874716375 215.0275565218 187.4096277170 174.6960764285 168.8413254451 131.7460227292 119.6914241882 113.3285004180
9999.0000000000 9999.0000000000 9999.0000000000 301.3935636263 315.5358375516 273.7327865325 327.9562778771 347.9706910439 311.9828996714 286.3272603136 273.2771462761 235.9871969093 197.6470306981 145.4035188071 126.5031517250 137.5526731135 151.6949753277 152.0291712368 141.9888194650 138.8926911168 138.6020224309 133.1012507435 129.5996101107 138.4672728600 144.5192070678 147.7831358789 169.4047842175 185.7307932805 192.6365154795 196.3377250358 207.9183992464 215.7071130350 210.5506081134 201.6607197002 202.7182162274 210.8904335182 228.3775142860 251.0625149589 218.8036562875 206.4089966007 192.1993573196 180.7150729001 152.7055028128 134.0358507587 112.4428779585 116.1663508974 105.4271118483
9999.0000000000 9999.0000000000 9999.0000000000 373.5012556426 316.9285389595 291.8273624964 343.8933896832 362.7494280227 338.6002304032 319.9154343456 310.6885117013 263.6105006095 214.2659809906 182.7622479759 146.3954981882 148.9772961941 161.0372413415 157.5850403169 142.7654635627 137.1372219874 136.0335013596 129.7104555415 128.7341199350 138.8126806123 143.4759681579 143.8696462428 167.3242470715 187.4951734208 206.0647769831 211.8185742293 202.3587017320 193.7555309851 201.9448913634 208.5406235419 212.5458447263 215.9968481865 210.1266703103 194.7556009982 195.3463491518 189.3588665407 184.7904883325 162.9113825038 119.2001304589 110.0364995655 105.1204316318 104.9808069365 115.7070142217
9999.0000000000 9999.0000000000 336.8878830224 377.3433440365 336.9823303074 308.3213700447 345.7097648643 355.5937637575 386.7191229947 404.1801779531 409.8285706714 330.7754010893 258.0802612938 212.8805592656 168.7821827363 161.1040597782 162.0414226782 158.0870838370 142.4119086005 136.5958474344 136.0717102652 130.1261424087 135.3012331529 146.4444191661 147.8935286868 147.9254480219 173.7979785539 201.4425555244 225.6732063834 225.7959803101 203.8494525477 190.5564875342 200.5715772975 203.7071215454 203.2595153432 205.3410331719 181.2976361252 191.5544075891 188.9918837696 185.0717745256 182.1478691418 138.4798425715 105.9729560511 103.4234639956 106.8693754496 107.2301629465 114.9852883536
9999.0000000000 9999.0000000000 287.6369808801 353.5254662856 323.0002094060 285.2417577524 325.3265395761 331.4076773822 379.5778295025 436.4469386637 435.0854493678 342.5321266986 262.6933925785 210.1426818408 171.3763901498 162.6739441417 164.4475087523 160.3514424060 147.4993885495 134.8838206613 136.3918937277 136.1629514722 143.3519966668 150.5623811390 152.8547646012 153.0033851741 175.6368528586 196.3766883127 219.4058331661 219.5834121667 196.3310299907 188.6040426325 202.1454221103 199.5060089976 201.4603586867 191.8196068145 180.1853911020 191.9578076340 188.4327626321 185.8518132940 161.8653147016 108.7083817692 95.8066242747 90.3223827481 105.7871638332 105.9479392134 99.6691278415
9999.0000000000 9999.0000000000 247.0240260009 306.1530806590 279.2220823467 251.8931908999 290.1846435852 317.2644604929 353.4257006831 426.6918241046 442.3991921358 357.6996289194 270.2879123390 197.5154872052 167.9275743663 160.6979062781 162.4669258017 159.7568280995 148.2932700310 131.3269411912 135.5453665601 141.0689956974 148.2880460098 151.4595831977 154.0317346808 156.2797233928 179.4762066565 193.0669408757 204.8017519992 208.1377892755 183.2542677876 168.8561865594 187.2024585027 191.9754599221 194.9926621746 163.2243900094 173.0711795390 191.0609921906 188.8632634655 176.2455739081 127.2522707004 99.5538033312 96.0396495648 89.1384535935 94.8215285316 98.6388075398 119.0102646360
9999.0000000000 9999.0000000000 195.4422108829 289.4984108862 299.0197457839 291.5946955327 301.6641754657 323.5440356657 369.8238465004 429.4897872023 442.3048580065 355.7788110338 262.3138683848 206.0037483461 167.9914507549 169.3633880932 166.6838047095 148.7121912651 132.0531178499 130.6058188202 135.4591796407 140.2514929650 148.6645810073 149.7159576975 151.4788008062 156.9409109652 181.0807355214 187.1293033473 185.5574198999 179.8887534533 165.3023434337 159.4334857073 173.1060126331 197.4273200613 161.6370608099 165.7031031791 168.2706812862 186.6212908644 189.2497844528 150.7467589108 105.6204289198 98.8998294342 92.1058956301 88.5502985911 94.4352432853 94.3740260554 136.9833302451
9999.0000000000 131.1326151481 171.7261921149 283.9852015022 416.7209970765 372.6498344913 365.4825906269 371.1952934973 449.2420940660 456.3557775691 456.7049006000 398.4612515196 257.2469827719 197.4745625630 173.3571994118 177.1716023795 154.8271720530 123.6226226902 124.6160353767 131.1497299466 134.0871197172 136.4606735297 146.4973005932 146.2469341932 148.6398753477 153.6839035107 180.0556392409 168.5326744337 156.8311122246 153.2983820653 157.7489557676 160.0762100425 186.9949309621 157.5403343886 160.9488856047 162.3023219872 158.6492790375 162.6506906468 181.6463065334 196.0256604943 149.7093380895 140.6483488390 141.9099688064 102.9130846728 84.7974428907 76.3670467422 142.9311329266
9999.0000000000 128.5599733237 170.6594168209 246.1886540987 331.2216494232 361.3439211622 348.8338426687 428.0998581089 476.8624934368 478.4907661378 474.3092483841 404.3899308890 273.2221337501 201.9859668799 183.6765648331 168.9445045777 138.7476915261 113.1183137186 128.8498876384 129.8582368763 125.4206760786 122.1290335525 124.6852678014 130.8463972528 140.6373067293 151.2499528471 155.9503931785 163.5413013864 152.4568620371 149.3113035103 153.9793247357 162.0774061885 146.7070535291 156.6688469611 147.2292670514 139.3330270657 141.0450915573 149.5054975385 169.6318876930 220.6451708917 197.6738485973 143.0516625987 152.4855375756 125.8732517017 97.0226896461 80.3555444581 148.9260366652
9999.0000000000 9999.0000000000 124.5200039120 208.7303102016 301.2184551917 328.6867355928 334.0802639723 324.5583632961 391.4437503554 423.4433127567 439.5417468622 333.4471578710 248.2383185998 196.5270156506 171.4301013853 164.4713280257 140.3094569687 119.4907519966 123.7502528820 128.4377651755 124.5587031590 116.4034592221 100.5678763613 96.6085398104 109.5233856468 146.2670947658 168.8117540907 186.8894132785 178.4625013825 166.7305757292 157.5833712704 164.7020336241 144.2776573822 135.5657723034 115.7412061002 117.6111416426 129.3678955408 143.7183948001 158.3804776892 177.6695817243 198.7519017421 190.0562262163 134.8741647089 140.5767212855 107.6850771205 81.7984021269 98.8536336226
9999.0000000000 9999.0000000000 9999.0000000000 253.0732161831 250.0253675971 238.8134866487 234.5884416718 208.9674468152 200.5084741395 221.1121832952 263.9518347569 233.3617585246 196.9955933746 176.7539447173 172.4107086193 151.3310760492 145.9789060755 134.5291530015 114.4280342851 116.8095561443 120.4506705981 106.9059624569 90.4614699539 86.5163815906 96.2054320844 140.7958755735 172.0380303450 173.2251467183 196.6744009405 181.6599417944 135.3402624372 110.8421680983 113.5976695223 97.1866993932 96.6961506056 102.7339214925 125.8046793519 142.7355621709 152.4909124710 164.2099572346 164.5312816836 153.8489693776 139.7423772141 130.8580240002 97.3766595125 87.2572779190 78.8196633803
9999.0000000000 9999.0000000000 9999.0000000000 110.3659712244 162.9309395794 125.2822583774 120.2700363938 135.6185028562 122.8379068198 124.2870446295 136.0932192765 153.2182018273 169.9517788365 168.5574366711 166.6930646170 148.7329553347 143.8987932634 132.7631981112 106.9341382245 98.5676137498 102.0738937659 87.6789620379 80.3841539891 84.6014666604 92.1991924988 134.0246294858 170.2309150714 177.1374293603 170.0304786209 145.7198926946 114.3957943423 99.7027445119 96.9370119274 89.4053501543 88.4066662984 88.6660945835 97.7281588130 120.0967667392 139.7939102026 146.1425292073 115.1980964933 93.4805392753 115.7123985467 126.5112234978 100.3955119522 90.6934108352 75.0202393974
9999.0000000000 9999.0000000000 9999.0000000000 9999.0000000000 82.5647773454 178.1455711462 121.8148284825 118.6123149237 109.0971658705 107.9491636483 108.5108402185 109.0345624834 128.9175547427 154.0168829961 151.0765323183 144.4292200031 144.5202914765 129.4384481153 109.1957716271 89.7583864862 80.6195461191 61.1198970582 65.7346643857 80.0007259240 87.0621597860 104.2086890666 143.4709704481 163.9536784496 146.5036090231 113.4827410569 93.7354036141 93.5596256750 88.9830625383 82.8366433270 84.6367806662 86.9097107789 86.0302175861 93.4709587600 117.9278078489 100.8879183792 80.1534106722 72.4936660845 69.8813018971 89.7604892962 81.8479454610 81.6584191052 74.0209331852
9999.0000000000 9999.0000000000 9999.0000000000 9999.0000000000 9999.0000000000 75.9786586859 107.2806775337 99.8734870227 94.6457411628 104.6283741016 114.2533690436 106.8498843815 105.7272101752 115.3750531375 120.7710803719 136.1297968542 143.5976199573 129.4460672652 103.0065607047 85.5539264157 70.7309361314 54.2384703294 58.9662566199 77.6862582425 87.8529294860 87.0423292508 98.8158679102 116.3449482992 105.5624083383 86.4219814539 84.6984410891 87.7280056011 80.6640823139 75.3945820034 71.6117164702 63.8389152009 59.8325011670 55.6650100043 59.7585397772 88.8803926064 88.9720581472 80.0211033784 77.0554011106 77.8589385445 76.8021680997 78.4010533243 76.1056382325
9999.0000000000 9999.0000000000 9999.0000000000 9999.0000000000 9999.0000000000 9999.0000000000 61.8664606009 73.3465771191 79.1085215751 98.2420836808 107.0058412151 106.3196556643 103.5976388957 114.3068068195 122.9606713168 128.9220243925 134.2892535031 118.1584097212 99.9328654725 86.1008550273 66.8652500608 55.1819954999 59.6531729680 82.6510585612 91.1279569846 84.6412125975 82.2494501481 86.8649388431 85.3620332200 77.5828669430 78.2463506330 79.6309708385 74.1800866672 70.4776088241 60.6336340425 47.4404393462 43.6662113643 39.6393161500 38.6522331100 70.5816884874 93.8518408220 93.4974843403 88.3961522486 79.0605529910 67.7754933131 68.2195162517 68.1772903190
