model_inputs/inputs/pr5.asc
ncols 720
nrows 360
xllcorner -180
yllcorner -90
cellsize 0.500000
NODATA_value 9999.000000
[rows 21 to 41 of 360, columns 141 to 187 of 720]
9999.0000000000 9999.0000000000 9999.0000000000 9999.0000000000 9999.0000000000 9999.0000000000 9999.0000000000 13.0829421541 22.9840287357 22.7174787142 22.3420870607 21.5276112431 21.1099323642 11.8245553749 9999.0000000000 9999.0000000000 9999.0000000000 9999.0000000000 9999.0000000000 9999.0000000000 9999.0000000000 9999.0000000000 9999.0000000000 9999.0000000000 9999.0000000000 9999.0000000000 9999.0000000000 7.8818303155 7.7407021818 7.4784567914 7.1602488388 6.6872550960 6.4943193356 6.2300442150 10.8909254341 10.2151702449 10.0762091606 9.7004026029 9.2187106056 8.7002229702 8.2696072132 7.8972878546 7.5373755462 7.2464852637 7.0069022477 6.7568977101 6.5463833307
9999.0000000000 9999.0000000000 9999.0000000000 9999.0000000000 9999.0000000000 9999.0000000000 9999.0000000000 9999.0000000000 9999.0000000000 14.3553779199 14.1498801095 24.8770786857 24.5189244160 24.1218375158 23.6815204262 23.2783490501 23.2124429313 22.7851835371 22.2426444234 11.6507105122 9999.0000000000 9999.0000000000 19.4596862420 18.9116248948 18.2674047828 9.6315326300 9.3363017659 9999.0000000000 9999.0000000000 9999.0000000000 7.2597834151 13.2160533249 7.0547694631 12.3329910130 11.8415699835 11.3414371444 10.7998174208 10.2770369413 9.7524648299 9.2462522298 8.7974832350 8.3452682957 7.9654523724 7.4867519288 3.9799963051 6.9618869093 6.7338870285
9999.0000000000 9999.0000000000 9999.0000000000 9999.0000000000 9999.0000000000 9999.0000000000 9999.0000000000 9999.0000000000 9999.0000000000 14.0107516490 13.8680599630 13.7027288874 13.5393674282 13.3918241918 13.2265001885 12.9977771721 23.4626490274 22.8956895007 22.4097824539 21.8718332180 11.4882719790 9999.0000000000 10.6238355656 19.2546764156 18.6434187926 17.5856452697 17.3242473684 16.7082749249 8.5783483955 9999.0000000000 9999.0000000000 9999.0000000000 9999.0000000000 7.0956428317 6.8472377970 11.7818579602 11.2361045176 10.6856515777 5.6598296942 9.5346725357 5.0198682438 8.4132495249 4.4708076493 9999.0000000000 7.1187224676 6.9051723331 6.6224917318
9999.0000000000 9999.0000000000 9999.0000000000 9999.0000000000 9999.0000000000 9999.0000000000 9999.0000000000 22.7319013502 12.6817545388 9999.0000000000 9999.0000000000 9999.0000000000 9999.0000000000 9999.0000000000 22.6597645960 22.3957511480 22.6871388440 12.0869363163 11.8492963957 11.6418218968 11.0022883164 9999.0000000000 9999.0000000000 9999.0000000000 9.8097434166 9.5882476307 9.3828016834 16.0264517617 15.7379719312 15.3073756228 14.8651313502 14.9939013500 8.2710705756 9999.0000000000 9999.0000000000 9999.0000000000 6.9655856860 6.8328275374 6.5858045346 9999.0000000000 9999.0000000000 9999.0000000000 4.9321000915 8.0528132821 7.5082691910 7.1013542474 6.8611359093
9999.0000000000 9999.0000000000 9999.0000000000 9999.0000000000 9999.0000000000 9999.0000000000 21.8104014639 11.9547893264 21.0598586127 20.6978169736 9999.0000000000 9999.0000000000 9999.0000000000 9999.0000000000 9999.0000000000 9999.0000000000 9999.0000000000 9999.0000000000 9999.0000000000 9999.0000000000 9999.0000000000 9999.0000000000 9999.0000000000 9999.0000000000 9999.0000000000 9999.0000000000 9.0468601120 8.7879480998 8.7603121792 8.5711641877 8.4194707306 8.5412692788 9999.0000000000 9999.0000000000 9999.0000000000 9999.0000000000 7.5401348950 7.3608008024 12.1649654175 6.7737685167 9999.0000000000 9999.0000000000 6.9443465982 6.0805802786 5.6400356989 8.7477795969 8.1775692015
20.7985137531 20.3919877822 9999.0000000000 9999.0000000000 9999.0000000000 9999.0000000000 9999.0000000000 9999.0000000000 9999.0000000000 9.1830046804 9.1169323641 9999.0000000000 9999.0000000000 9999.0000000000 9999.0000000000 8.2498621341 8.3103691941 15.2255086577 8.4881238217 8.5291963915 9999.0000000000 8.5906752938 8.3228404837 9999.0000000000 9999.0000000000 15.6239828939 15.5405788973 15.5508807802 15.6035523978 15.6610449194 15.6769291498 15.6181813072 9.0357396184 8.9983410726 9.0001751378 8.9650980517 8.8837267322 8.7773179475 14.5043686061 13.9417313912 13.3184969454 13.2278663077 12.8503883461 12.5475978566 12.3079694604 12.0997441263 11.8104203430
19.4296068657 19.0598871413 18.5385387886 9999.0000000000 9999.0000000000 9999.0000000000 9999.0000000000 9999.0000000000 9999.0000000000 9999.0000000000 8.1078281655 14.7859577264 14.5043391385 14.0722093347 7.5865829494 14.2700467404 14.0812346799 7.7163949245 14.2754004191 14.3226865330 14.7093654668 14.8567601864 14.9726787640 14.6617858554 9999.0000000000 9999.0000000000 8.3734776563 8.7229377968 15.8694458805 8.8812667746 8.9629038921 9.2185756439 9.3049411371 15.9868119081 15.8689213567 15.7163037948 15.5687723454 15.3352979687 15.1473110018 14.8349564988 14.3979079585 8.5862327542 8.6332837163 8.5986568956 8.5432766136 8.6239701777 8.6792325892
10.0986257748 17.3176843382 16.7073178163 16.0723316803 15.4868264071 14.9732834398 14.5748186333 14.1037102294 9999.0000000000 9999.0000000000 9999.0000000000 7.3632601707 7.1318149348 7.0042920051 6.9442151726 12.9996124160 7.0717439958 13.2290945185 13.3733668481 13.5012092069 13.7257324968 13.9453853772 14.1291514010 7.7545832028 9999.0000000000 9999.0000000000 8.2617971129 9999.0000000000 8.4754480267 8.5965110629 9999.0000000000 9999.0000000000 9999.0000000000 9999.0000000000 9.0708078642 15.5918431410 15.4216664087 15.2888805605 15.1782779431 15.0379589904 14.9257945886 8.9883774781 8.9977912066 9999.0000000000 9.0194852746 9999.0000000000 9999.0000000000
16.4040499512 15.8858864597 15.2925793373 14.7343398712 14.1224657855 13.5757658427 13.0757579464 6.6645880070 9999.0000000000 6.3070490214 12.0953958831 6.2749623103 9999.0000000000 9999.0000000000 9999.0000000000 9999.0000000000 9999.0000000000 6.9432038435 7.0075688054 13.2396993286 13.5683458939 13.8680540695 14.1546161467 7.9223341600 9999.0000000000 8.3507893505 8.4359914617 15.5041993421 15.7082414516 15.9039135760 15.9718069917 15.9907039924 9999.0000000000 9999.0000000000 15.7159077498 15.5608396599 15.4387493822 15.2720474725 15.1573335315 15.0116208242 14.9360446085 14.8413132556 14.7736355430 14.7213151795 14.6734573937 14.6618777944 14.6906770970
8.5377708820 9999.0000000000 7.8427114495 7.4171216911 7.0861241984 6.8636253345 9999.0000000000 9999.0000000000 9999.0000000000 9999.0000000000 9999.0000000000 9999.0000000000 9999.0000000000 9999.0000000000 9999.0000000000 9999.0000000000 9999.0000000000 9999.0000000000 6.9960121909 7.1655335632 7.3346335485 8.5548232091 9999.0000000000 9999.0000000000 9999.0000000000 9999.0000000000 8.4964024572 8.6366701362 8.7740010713 16.2466774927 16.2714031903 16.1633878306 9999.0000000000 9999.0000000000 8.8899155235 15.5174079118 15.3393067449 15.1515284088 15.0350923795 14.8946791305 8.8825539206 8.9444353507 14.7540395701 14.7370838968 14.7767756134 14.8580308305 14.9492779310
9999.0000000000 9999.0000000000 9999.0000000000 9999.0000000000 9999.0000000000 9999.0000000000 9999.0000000000 9999.0000000000 9999.0000000000 9999.0000000000 9999.0000000000 9999.0000000000 9999.0000000000 9999.0000000000 9999.0000000000 9999.0000000000 9999.0000000000 9999.0000000000 9999.0000000000 9999.0000000000 9999.0000000000 9999.0000000000 7.8246849225 8.0061212357 9999.0000000000 9999.0000000000 9999.0000000000 9999.0000000000 9999.0000000000 8.8889737381 8.8855289723 8.8816174393 8.8721105931 8.8760451108 9999.0000000000 9999.0000000000 9999.0000000000 9999.0000000000 9999.0000000000 9999.0000000000 9999.0000000000 9999.0000000000 9.1408070366 9.2364459924 9.3286502015 9.4119080386 9.5443025566
9999.0000000000 9999.0000000000 2.8950942942 2.8987111509 9999.0000000000 5.0693933081 5.0730042713 5.1018607410 9.4507304602 5.2592125721 9999.0000000000 9999.0000000000 9999.0000000000 9999.0000000000 9999.0000000000 9999.0000000000 6.5184326959 12.1074552153 12.5658147444 12.9650409945 7.5274090050 13.8783606671 14.2818043241 14.6845560812 15.0501715543 9999.0000000000 9999.0000000000 8.9033126860 15.7500477653 15.6906822813 15.6164144282 15.4841872863 15.3599894838 15.2223898040 15.0600432098 14.9491199845 14.9752341968 14.8436093732 8.9773524596 9999.0000000000 9999.0000000000 9999.0000000000 9.3252272418 9.3811644620 14.4601636275 14.4460333104 14.4827228651
9999.0000000000 9999.0000000000 4.4832975036 7.6160977260 4.3559216174 7.6684605228 4.5976342590 8.1586598244 8.2897536413 8.8102951704 9999.0000000000 9999.0000000000 9999.0000000000 9999.0000000000 5.9054193916 9999.0000000000 6.5493471848 6.8115065296 13.0461972003 13.3860615024 13.9383532223 14.4271775644 14.7467386705 8.5483138100 8.7244742390 8.9396657204 9999.0000000000 8.9865351620 15.5207247881 15.4351307574 15.3280312516 15.1824941713 15.0583093346 14.7659763170 14.6437328076 14.6030203323 8.9731379994 9999.0000000000 9999.0000000000 9999.0000000000 9.2481110478 14.3793468887 14.3204422784 14.2305777990 14.1148242401 14.0296899044 13.9839915064
9.4218757586 9999.0000000000 4.4700055405 7.2090383910 7.1448260715 7.1212225012 7.3063799864 7.4217268921 4.1743948386 9999.0000000000 9999.0000000000 9999.0000000000 9999.0000000000 5.6371013125 10.4810672638 11.3109075028 7.0471173094 7.6213070133 14.0431495383 14.4296410581 14.6596983686 15.1183077833 15.3389413463 15.6002060539 15.7879973558 15.9470883664 9999.0000000000 9.1992607922 15.7201499096 15.6058438006 9.3148186861 9.2696842985 9.1182631222 9.0858163167 14.7499152808 9.0812075796 9999.0000000000 9999.0000000000 9999.0000000000 9.3778658556 14.5124981354 14.4847502379 14.4321776315 14.3081248098 14.1940367612 14.1763738648 9999.0000000000
12.0197536598 11.2296935404 7.5267866487 9.2971628619 9.6379182651 9.6032790680 9.8874625182 9.8565055960 10.2832475386 9999.0000000000 9999.0000000000 9999.0000000000 9999.0000000000 9999.0000000000 9999.0000000000 7.1930969934 7.7444392664 14.4277622021 15.2080567495 15.8424193505 15.8645613265 15.9438033152 16.3485529774 16.6080449126 16.8479597342 17.1107296483 10.0111340289 9999.0000000000 10.6851129094 17.6527418807 17.6364250656 10.1224332611 9999.0000000000 9999.0000000000 9999.0000000000 9999.0000000000 9999.0000000000 9999.0000000000 9999.0000000000 15.4049523699 15.4018122994 15.3243171517 15.0886008778 14.8287506163 14.8627927992 14.8676313838 10.1795285591
13.1369091687 12.7135548246 12.3714026558 7.7426564749 11.8308072269 13.4620420140 13.4597352881 13.3173312061 13.4551819501 13.7611242972 9999.0000000000 9999.0000000000 9999.0000000000 9999.0000000000 9999.0000000000 9999.0000000000 9999.0000000000 9999.0000000000 10.0837929494 11.0521298629 17.7330847800 19.0928838128 19.2842183023 19.3074824056 19.5875179925 12.0338215056 9999.0000000000 12.8012575587 12.7746600774 21.4662360668 13.0101276445 21.2638382509 9999.0000000000 9999.0000000000 9999.0000000000 9999.0000000000 9999.0000000000 9999.0000000000 10.6705299695 16.2796883087 15.9938039869 15.6991418480 15.8527200547 15.8299026807 16.3043067441 16.6988936107 17.3288419610
10.3010895982 10.3990859643 10.6890509633 11.0666574037 11.3438358094 11.5353412111 11.6906379699 12.2441543645 12.2753358301 12.2952818783 7.8467449785 9999.0000000000 9999.0000000000 9999.0000000000 9999.0000000000 9999.0000000000 9999.0000000000 9999.0000000000 9999.0000000000 9999.0000000000 11.8893299368 11.9786109572 12.2036953107 9999.0000000000 9999.0000000000 9999.0000000000 20.0767265924 20.2011789952 20.4135038657 20.6640376418 20.9030248225 21.1729577277 21.1805061554 9999.0000000000 9999.0000000000 9999.0000000000 9999.0000000000 9999.0000000000 9999.0000000000 12.3477295419 12.2248848929 11.8142534920 17.0650406799 17.6271592645 18.4481509641 19.4481643994 20.6915604067
9.3063673703 9.4869184759 9.9641249108 10.3940316767 10.7093906990 10.9862602840 11.6134209966 11.9287894486 11.9077648851 11.8609384663 11.8508793967 7.4958916084 7.5503660555 7.4973343435 9999.0000000000 9999.0000000000 9999.0000000000 7.6823179697 7.6867322205 9999.0000000000 9999.0000000000 9999.0000000000 9999.0000000000 9999.0000000000 9999.0000000000 12.5638191967 19.7635799996 20.1195230184 20.2840678976 20.6635095819 21.0874450277 21.5623217518 22.0575782878 22.7153829765 14.6008350130 9999.0000000000 9999.0000000000 9999.0000000000 9999.0000000000 9999.0000000000 14.9021815887 22.9320666986 22.2866572731 23.7812813139 28.1976914266 28.7621898169 30.0767383596
8.7889441056 9.0699232460 9.5424036626 9.9749784276 10.3831699089 10.9754951700 11.4234490902 11.7863122869 11.8457979988 11.7944701051 11.6710455331 11.6628747492 11.7060306802 11.6250831052 11.4095580502 11.1296910181 6.9284169876 6.8921535349 9999.0000000000 9999.0000000000 9999.0000000000 9999.0000000000 9999.0000000000 9999.0000000000 9999.0000000000 9999.0000000000 19.5401022211 19.9875646213 20.2589143300 20.7386402471 21.3436908089 22.0117950230 23.0056485452 23.4922486707 23.5398801451 23.7518066133 9999.0000000000 9999.0000000000 9999.0000000000 9999.0000000000 9999.0000000000 16.3064166263 18.1359968410 21.6160589189 23.2513967785 22.9052888753 35.1380298380
8.6984384106 9.1046255038 9.4157824424 9.8991417181 10.3986474860 10.9485546855 11.5612220397 12.0949750853 12.2934713872 12.1947725129 11.9563699700 11.6264150420 11.4146099804 11.1433522106 6.9773344294 10.6906268920 10.7396657404 6.9843954625 9999.0000000000 9999.0000000000 9999.0000000000 9999.0000000000 9.3427363172 15.3518811712 10.4875430698 11.1239318649 12.0622459799 19.9091453687 20.4432779574 21.0678761650 21.7659925693 22.4268948950 23.0111106648 23.7577850057 15.5105914600 9999.0000000000 17.0475097984 9999.0000000000 9999.0000000000 9999.0000000000 9999.0000000000 9999.0000000000 9999.0000000000 9999.0000000000 34.5553534571 12.4993310601 9999.0000000000
8.1663143355 8.6193284369 9.1677369128 9.4511088246 10.1471141679 6.6099485412 11.9808705349 12.7485293633 13.2817567064 13.1419999962 12.4872363667 11.6949367075 11.0107195942 10.2599763632 10.1467935601 6.4664936435 8.6202112871 6.8989452338 7.0850209304 8.6504922219 7.9263529551 8.4624539813 13.8278614031 14.6640124294 15.4155783966 16.3896273152 17.5080723275 11.4924339869 6.7155728975 9999.0000000000 21.3539526158 13.4863752028 21.9545688888 23.0891102983 24.3618124514 26.0855131201 27.7702127933 19.5143522287 20.8651341673 9999.0000000000 36.7791009194 25.2053315635 9999.0000000000 9999.0000000000 9999.0000000000 9999.0000000000 9999.0000000000
