model_inputs/inputs/pr5.asc
ncols 720
nrows 360
xllcorner -180
yllcorner -90
cellsize 0.500000
NODATA_value 9999.000000
[rows 168 to 188 of 360, columns 423 to 469 of 720]
121.8672572868 123.3525294811 110.6884460896 96.6559048975 96.0980850505 105.7180351345 142.8508866811 160.7956727967 161.8665594142 164.3840849865 183.7812527083 224.2974028923 182.9326227307 221.2600023486 231.1601636466 186.7672805674 148.1889404822 135.4185378877 140.4843296623 157.4596638093 108.1967200153 45.4938926850 43.0892257718 45.6222866778 49.8728859820 60.8660841244 72.8075788356 78.6674218252 68.0408198386 50.1969308825 42.9441978922 41.8136027874 41.7456433643 41.8083316181 41.9840294053 9999.0000000000 9999.0000000000 9999.0000000000 9999.0000000000 9999.0000000000 9999.0000000000 9999.0000000000 9999.0000000000 9999.0000000000 9999.0000000000 9999.0000000000 9999.0000000000
129.5785914408 128.2965468708 110.3900922462 95.2024105936 94.2557972157 81.0117908986 60.6890001800 60.2987356251 99.9780806014 134.3840496847 140.8521139529 128.9853821509 120.9377021296 150.2779548755 165.2289619669 137.1704048943 114.7498302162 114.7712449310 105.6257095188 58.2217864576 32.7685873490 36.1529444635 43.4400649974 49.2885499843 53.3439745777 62.6921576913 75.3006439190 77.8660060605 67.8154136986 52.7797614341 43.3377628215 42.0064813807 41.6389469756 41.6497627739 40.0076756487 9999.0000000000 9999.0000000000 9999.0000000000 9999.0000000000 9999.0000000000 9999.0000000000 9999.0000000000 9999.0000000000 9999.0000000000 9999.0000000000 9999.0000000000 9999.0000000000
130.6260359706 119.4139098516 105.1678344375 95.4972283216 88.8770262245 72.3743386916 54.3753038510 42.3385037575 46.5694234008 54.8371865298 52.9279293842 64.0592340496 87.7426875522 94.3207108648 97.0821152441 111.0863109352 110.4314223630 109.2118963134 73.7166198087 33.9221884205 30.9523300384 33.7353023642 40.6054158811 56.7288856837 63.1079011364 69.9267244781 76.8788357964 78.4240805078 70.6694643013 54.4897749787 44.1203617374 42.0679862145 41.5769848041 39.8080407176 9999.0000000000 9999.0000000000 9999.0000000000 9999.0000000000 9999.0000000000 9999.0000000000 9999.0000000000 9999.0000000000 9999.0000000000 9999.0000000000 9999.0000000000 9999.0000000000 9999.0000000000
137.5381986145 111.6553426255 99.5828843443 96.0391497938 76.9639665959 56.6293039592 50.2060304862 42.7630639169 39.3747133494 36.8679682142 36.2057363091 38.1313468097 71.5501503437 80.4760364117 86.0559416469 100.2647322603 104.1579198791 95.2435898362 38.3653221361 27.9736997327 29.7806216986 35.2187947137 39.2289028096 52.7849995997 62.2746650479 66.8484841590 76.0118557373 81.0312065296 78.1462361338 60.9151512617 47.9070745641 42.8582372842 41.6208184906 9999.0000000000 9999.0000000000 9999.0000000000 9999.0000000000 9999.0000000000 9999.0000000000 9999.0000000000 9999.0000000000 9999.0000000000 9999.0000000000 9999.0000000000 9999.0000000000 9999.0000000000 9999.0000000000
119.5906684734 107.0626925211 105.4527038941 105.3602179745 81.7533095833 63.8202916598 55.4019135889 39.9009368266 35.3457129677 32.1514409152 24.3527623534 22.0686109678 48.2988290023 81.8954614224 94.3317341153 95.6207849085 87.8898842493 57.2165678605 26.8513649935 27.0398658758 29.5015467564 36.4705442043 39.0725381440 54.5011659851 68.7511405558 70.5292549683 79.2157554533 83.1549597206 82.9922229750 74.4871629286 55.5448197993 45.5144115840 9999.0000000000 9999.0000000000 9999.0000000000 9999.0000000000 9999.0000000000 9999.0000000000 9999.0000000000 9999.0000000000 9999.0000000000 9999.0000000000 9999.0000000000 9999.0000000000 9999.0000000000 9999.0000000000 9999.0000000000
110.9294582857 130.8162884088 138.6647106847 127.2637842922 92.5642704824 83.9447015896 67.0597458375 36.5729076730 29.4812706707 26.7608993745 21.8135863252 20.7071853220 41.4759933483 94.8390016565 106.0797938844 80.2092718659 53.5777919577 32.7035959053 26.9072639057 27.5521877047 33.0181121535 39.5217780315 45.2965255827 69.4563786965 82.0656475844 95.9580171620 97.2981766099 86.4639527863 86.1576308962 86.0937262187 79.2139449622 9999.0000000000 9999.0000000000 9999.0000000000 9999.0000000000 9999.0000000000 9999.0000000000 9999.0000000000 9999.0000000000 9999.0000000000 9999.0000000000 9999.0000000000 9999.0000000000 9999.0000000000 9999.0000000000 9999.0000000000 9999.0000000000
126.8816480879 157.1108991047 157.7883716673 149.3931999430 105.7923312765 96.0781130707 76.7959869700 36.6577461537 29.7366465675 32.4151974055 32.6851727441 45.9651861456 76.5229988610 97.2345076734 80.4065022385 39.2078039877 27.6812205557 27.0038965100 27.1954525961 30.5143067089 45.7122218795 56.2158141984 63.9131783391 75.4121682839 94.4096512394 109.3469004845 96.6207889142 87.4150923919 88.7200227007 90.0817571674 86.6223990452 9999.0000000000 9999.0000000000 9999.0000000000 9999.0000000000 9999.0000000000 9999.0000000000 9999.0000000000 9999.0000000000 9999.0000000000 9999.0000000000 9999.0000000000 9999.0000000000 9999.0000000000 9999.0000000000 9999.0000000000 9999.0000000000
112.1447881451 144.6797655663 154.5663576107 161.0083112027 144.2152048694 128.9535288233 111.8198898621 66.5033404366 56.2814539298 48.6864343984 51.3302935869 66.3107164437 94.3485283060 97.6418775972 68.3313140762 30.0751400355 25.5671704654 25.6997040706 27.5221873017 34.4970994920 50.7595126983 59.5657460508 66.9928943971 73.0325512122 93.0471812608 94.5007510018 81.0250961222 79.1056361049 80.5212515406 9999.0000000000 9999.0000000000 9999.0000000000 9999.0000000000 9999.0000000000 9999.0000000000 9999.0000000000 9999.0000000000 9999.0000000000 9999.0000000000 9999.0000000000 9999.0000000000 9999.0000000000 9999.0000000000 9999.0000000000 9999.0000000000 9999.0000000000 9999.0000000000
131.0427978169 134.4625985948 141.4545077132 153.1774846371 152.2773122415 136.1997176427 130.5236017797 139.0595203266 123.4255337622 59.0703740017 50.7017655764 61.4340644097 82.7798108803 82.0929275360 49.2982813739 18.1216861820 20.9493385046 24.5389906922 26.1375835980 35.7934134663 56.2318870216 66.8380031129 72.0647777198 76.4914614265 84.4107238809 79.6416734811 73.9725402673 68.6848077457 9999.0000000000 9999.0000000000 9999.0000000000 9999.0000000000 9999.0000000000 9999.0000000000 9999.0000000000 9999.0000000000 9999.0000000000 9999.0000000000 9999.0000000000 9999.0000000000 9999.0000000000 9999.0000000000 9999.0000000000 9999.0000000000 9999.0000000000 9999.0000000000 9999.0000000000
121.0753466003 133.5776550695 142.9587994935 154.8559230287 160.5306433048 150.5786001217 135.4302400723 139.7890539374 141.1548620090 81.1313304584 44.2566436250 49.8147145263 46.7927408754 28.5982979403 15.0233807653 10.4658101045 14.0914964868 21.6419432836 27.2849304602 31.1395767785 76.7444728408 117.2664411133 117.4889240647 104.7203696799 91.7019015178 82.9997006804 155.3372307681 9999.0000000000 9999.0000000000 9999.0000000000 9999.0000000000 9999.0000000000 9999.0000000000 9999.0000000000 9999.0000000000 9999.0000000000 9999.0000000000 9999.0000000000 9999.0000000000 9999.0000000000 9999.0000000000 9999.0000000000 9999.0000000000 9999.0000000000 9999.0000000000 9999.0000000000 9999.0000000000
106.2251706608 132.0396051742 139.0951077919 137.4745391076 166.8984421995 196.0043306462 194.2530577071 144.0782770514 161.6681031883 107.5013217051 42.0309277251 64.0951468376 80.7880443754 20.4340086202 10.7787103479 9.8709070153 11.5879220684 23.0610288272 30.7038778556 38.5013871419 93.6509140301 144.1114882473 133.9494563872 122.5100004813 99.8673766153 9999.0000000000 9999.0000000000 9999.0000000000 9999.0000000000 9999.0000000000 9999.0000000000 9999.0000000000 9999.0000000000 9999.0000000000 9999.0000000000 9999.0000000000 9999.0000000000 9999.0000000000 9999.0000000000 9999.0000000000 9999.0000000000 9999.0000000000 9999.0000000000 9999.0000000000 9999.0000000000 9999.0000000000 9999.0000000000
138.9318995643 155.4123661481 139.3846920691 151.0847738246 152.1629495546 205.1888387650 220.2508044429 152.4232547963 135.4336536024 99.5811681496 54.0398962330 104.1989765363 111.0817564186 32.1611440158 11.7254545621 10.1486464846 13.6413042055 27.4817624304 33.2945090777 42.9220146616 89.9648296181 132.8445381951 140.1528306305 128.0709709972 9999.0000000000 9999.0000000000 9999.0000000000 9999.0000000000 9999.0000000000 9999.0000000000 9999.0000000000 9999.0000000000 9999.0000000000 9999.0000000000 9999.0000000000 9999.0000000000 9999.0000000000 9999.0000000000 9999.0000000000 9999.0000000000 9999.0000000000 9999.0000000000 9999.0000000000 9999.0000000000 9999.0000000000 9999.0000000000 9999.0000000000
169.7798387613 208.9975650888 188.8740886934 168.5830852948 126.3206976000 185.7776585966 175.7989483885 184.4756514765 132.2317812592 114.6396165714 117.6747445716 202.2870176006 121.6301583918 32.2506006632 16.6675730579 11.9859460392 16.4752873534 24.6830096003 34.9803355930 47.6934743347 82.8955974430 100.2507103840 111.4026188152 9999.0000000000 9999.0000000000 9999.0000000000 9999.0000000000 9999.0000000000 9999.0000000000 9999.0000000000 9999.0000000000 9999.0000000000 9999.0000000000 9999.0000000000 9999.0000000000 9999.0000000000 9999.0000000000 9999.0000000000 9999.0000000000 9999.0000000000 9999.0000000000 9999.0000000000 9999.0000000000 9999.0000000000 9999.0000000000 9999.0000000000 9999.0000000000
196.0731293075 196.9675496221 162.4405228067 165.0029146113 165.5702395365 155.7569063734 183.2158137113 140.5379654607 100.0168930041 89.0981230186 215.3259480838 147.1999220084 62.4654785497 30.1438986207 22.6219328761 18.8916387706 25.4578007734 32.7396053472 40.7106271014 69.5441969438 91.5710463887 87.1926000109 9999.0000000000 9999.0000000000 9999.0000000000 9999.0000000000 9999.0000000000 9999.0000000000 9999.0000000000 9999.0000000000 9999.0000000000 9999.0000000000 9999.0000000000 9999.0000000000 9999.0000000000 9999.0000000000 9999.0000000000 9999.0000000000 9999.0000000000 9999.0000000000 9999.0000000000 9999.0000000000 9999.0000000000 9999.0000000000 9999.0000000000 9999.0000000000 9999.0000000000
243.4389896225 157.1180467727 152.4010951398 150.8931257995 112.6283118501 140.0388262700 129.0541902417 80.6926352670 77.7702103369 98.2222154271 128.5066958517 63.8975109905 49.3789896718 35.1784499944 24.6333460382 31.6349276109 39.1898758826 47.5235757767 98.0132640107 251.7384127714 195.4483778682 9999.0000000000 9999.0000000000 9999.0000000000 9999.0000000000 9999.0000000000 9999.0000000000 9999.0000000000 9999.0000000000 9999.0000000000 9999.0000000000 9999.0000000000 9999.0000000000 9999.0000000000 9999.0000000000 9999.0000000000 9999.0000000000 9999.0000000000 9999.0000000000 9999.0000000000 9999.0000000000 9999.0000000000 9999.0000000000 9999.0000000000 9999.0000000000 9999.0000000000 9999.0000000000
162.8124278504 141.6279848199 135.7758364175 106.0960317263 94.4280861877 103.9864229970 111.1382682575 75.1676954096 62.5606000540 51.6921607777 53.8991588401 55.5216370267 45.6585483626 23.8165033807 21.5779466671 36.0651898663 62.1524380404 115.7168210484 256.3551084604 342.4554448575 325.7404631004 9999.0000000000 9999.0000000000 9999.0000000000 9999.0000000000 9999.0000000000 9999.0000000000 9999.0000000000 9999.0000000000 9999.0000000000 9999.0000000000 9999.0000000000 9999.0000000000 9999.0000000000 9999.0000000000 9999.0000000000 9999.0000000000 9999.0000000000 9999.0000000000 9999.0000000000 9999.0000000000 9999.0000000000 9999.0000000000 9999.0000000000 9999.0000000000 9999.0000000000 9999.0000000000
86.5550336894 60.6825455907 74.9322042684 94.4670683239 77.0558112999 71.8627806637 74.2637794465 63.0831294693 56.6181628383 47.3471566220 50.6840189919 38.7129081355 32.4335522018 24.9422445777 23.3346746536 68.2173710084 119.1577630816 198.3960270882 313.8665270526 334.8115892150 9999.0000000000 9999.0000000000 9999.0000000000 9999.0000000000 9999.0000000000 9999.0000000000 9999.0000000000 9999.0000000000 9999.0000000000 9999.0000000000 9999.0000000000 9999.0000000000 9999.0000000000 9999.0000000000 9999.0000000000 9999.0000000000 9999.0000000000 9999.0000000000 9999.0000000000 9999.0000000000 9999.0000000000 9999.0000000000 9999.0000000000 9999.0000000000 9999.0000000000 9999.0000000000 9999.0000000000
61.5013260394 59.0701524052 73.7148564658 68.9127881778 56.9595771376 51.2528102263 38.5632007965 41.1960178753 54.1846506530 74.2563536041 124.0157255670 110.8228561934 38.1873965962 35.8094910043 28.7017104565 66.0107218428 117.4590226728 180.4504960310 278.1748641282 9999.0000000000 9999.0000000000 9999.0000000000 9999.0000000000 9999.0000000000 9999.0000000000 9999.0000000000 9999.0000000000 9999.0000000000 9999.0000000000 9999.0000000000 9999.0000000000 9999.0000000000 9999.0000000000 9999.0000000000 9999.0000000000 9999.0000000000 9999.0000000000 9999.0000000000 9999.0000000000 9999.0000000000 9999.0000000000 9999.0000000000 9999.0000000000 9999.0000000000 9999.0000000000 9999.0000000000 9999.0000000000
58.0157440854 54.1529576294 58.3945799153 50.1026769052 47.2389656352 40.6079053064 42.9997479077 60.9029351617 79.3852815405 81.7894439679 175.6628975272 251.5713572502 80.8807094581 60.1185351843 34.1975433694 59.9272171967 134.6802912885 224.2383356206 9999.0000000000 9999.0000000000 9999.0000000000 9999.0000000000 9999.0000000000 9999.0000000000 9999.0000000000 9999.0000000000 9999.0000000000 9999.0000000000 9999.0000000000 9999.0000000000 9999.0000000000 9999.0000000000 9999.0000000000 9999.0000000000 9999.0000000000 9999.0000000000 9999.0000000000 9999.0000000000 9999.0000000000 9999.0000000000 9999.0000000000 9999.0000000000 9999.0000000000 9999.0000000000 9999.0000000000 9999.0000000000 9999.0000000000
59.2334785033 52.1370701026 45.3303638496 37.2591262276 37.9530676582 34.5990197675 45.6139273010 68.6017986154 74.8231268954 84.7623080481 119.0606849268 97.8539690841 75.7691697800 79.8417987535 53.8716478623 101.0392546887 214.1658382025 9999.0000000000 9999.0000000000 9999.0000000000 9999.0000000000 9999.0000000000 9999.0000000000 9999.0000000000 9999.0000000000 9999.0000000000 9999.0000000000 9999.0000000000 9999.0000000000 9999.0000000000 9999.0000000000 9999.0000000000 9999.0000000000 9999.0000000000 9999.0000000000 9999.0000000000 9999.0000000000 9999.0000000000 9999.0000000000 9999.0000000000 9999.0000000000 9999.0000000000 9999.0000000000 9999.0000000000 9999.0000000000 9999.0000000000 9999.0000000000
50.8010691265 47.7482322603 41.5371304261 35.4145634919 34.7351908567 35.2607778332 32.5767931645 45.1572733582 54.8287988640 57.3522226769 87.7655638615 84.3838494038 85.4219680186 94.3907636683 102.4886188097 169.2411422264 244.0912190359 346.3797220029 9999.0000000000 9999.0000000000 9999.0000000000 9999.0000000000 9999.0000000000 9999.0000000000 9999.0000000000 9999.0000000000 9999.0000000000 9999.0000000000 9999.0000000000 9999.0000000000 9999.0000000000 9999.0000000000 9999.0000000000 9999.0000000000 9999.0000000000 9999.0000000000 9999.0000000000 9999.0000000000 9999.0000000000 9999.0000000000 9999.0000000000 9999.0000000000 9999.0000000000 9999.0000000000 9999.0000000000 9999.0000000000 9999.0000000000
