model_inputs/inputs/pr6.asc
ncols 720
nrows 360
xllcorner -180
yllcorner -90
cellsize 0.500000
NODATA_value 9999.000000
[rows 84 to 104 of 360, columns 564 to 610 of 720]
53.2970809727 49.0203521331 48.8403355703 49.7104085516 48.7771145417 46.1741894251 43.1423806585 42.4480196089 45.3912463272 45.9842953132 50.9534332668 52.5986604625 40.8482527127 41.0295847105 41.8283554609 43.8222247758 45.6680487259 45.5821116921 44.9343424989 45.1060704072 45.4998427886 45.1688435278 43.6488466803 41.5982250706 41.4431781974 42.2365787672 43.0036659236 43.0830917903 43.2342772256 43.4742002981 43.6407560483 45.5168350018 47.4541123258 49.6139763272 58.1179142464 68.2338163024 75.6413415656 81.4309384441 85.6772944098 88.6459151516 85.6938151410 80.7603495196 77.1604991751 75.6809507729 76.7439353513 80.7072417811 86.5191444755
56.7155663157 55.5081620696 53.5476265359 50.4418893834 48.4872520901 46.2463403237 37.9315421451 30.0147148955 32.5861520832 41.2762216874 41.4450499811 39.1100256820 38.3356446982 37.6240297628 37.5180853880 39.7985356394 40.1476162369 40.0178973796 40.8856836730 43.0336946156 43.6586817959 42.8986102925 42.0757939573 41.6997870198 43.0333362892 44.7037359118 45.9110175725 46.7323015910 47.5821715663 48.7488256185 48.0859407107 47.1373518230 48.6235292628 54.8837831011 65.8603237825 76.0484616039 79.7415522393 81.0323286569 83.0690085422 86.5395313594 82.2164558340 78.3861922100 77.0446230308 76.1760823661 75.6954535609 76.3993809815 79.3881764403
55.3508803714 52.8771649115 51.6825802624 49.3531288812 42.9739861283 37.6926233293 29.0935662633 23.9449940273 23.9040340239 29.2888894910 35.3272756620 33.7028761860 30.8528001769 27.9792231449 27.1459021897 33.1853468379 37.1482124319 37.1770907077 37.3782697425 37.8072359017 39.7599872667 40.4411043855 40.6652045203 41.5883003734 44.4547698135 47.9167823796 49.2426370620 49.1135405609 48.6235481221 48.4404292074 47.3423569347 45.8640155266 49.0466278279 59.8039010656 71.2762051262 77.9565117555 80.1451125881 82.1514478885 86.1500871833 89.9319578893 88.2547170622 83.6601055926 81.0092731845 80.1484035328 77.4527756148 75.6301297224 75.3051607171
47.0855265157 44.6509534959 45.0367436861 37.2929456353 25.0555157836 23.4725218615 21.2083943188 20.7443192485 20.9530702850 22.4766103202 27.1448460699 28.7493065698 27.7276332490 24.6175513894 25.1452718221 30.1955070463 34.5623573230 35.5334712658 35.5710083095 35.4105794686 36.4515717665 37.7842299349 39.0019596380 42.3762977589 48.5902992077 53.6923385225 55.2823410253 54.2886454496 51.5542805661 48.5210102051 46.0441876785 45.4158906941 47.4145455519 61.8447771412 76.8535266398 80.4926797282 82.2810677346 85.9377410961 89.5518396283 91.6395998793 89.7296920884 84.8029592307 81.9430622505 81.8220233778 79.0256916080 75.5991722108 77.1412108443
50.0670988695 51.9317585276 40.7287838752 26.2211726513 20.3913677833 20.8410272899 20.7099175605 21.0432765889 21.2667213636 22.2582127608 23.9052528050 25.9988995094 26.3068904460 25.3684124909 25.1292343601 27.5438754761 30.8503531851 33.1716950750 34.7965023830 35.3012144915 35.3796195996 35.8667029941 37.0114425605 41.3125965279 49.8361763894 54.7745595686 56.4616590855 55.1651400165 51.6531314934 48.3003566042 47.1185679780 48.2238680706 49.5107076131 54.9706489546 72.6795714581 78.4064989421 80.1367767854 84.3287897296 88.9376022387 89.7398006637 85.4064185405 78.9746159571 77.6278227568 78.5056374734 79.5943178236 77.8187399847 78.3281291951
30.7754134701 31.7906982091 24.3296078697 18.6960750871 18.1659265218 18.3367880818 19.1500828369 20.1260200411 21.0579349659 21.8455103750 21.4911161747 20.2151348640 20.2925781487 21.4644137886 21.3703295449 21.1739289807 22.6344035764 24.7519473487 28.6981743411 33.7767456367 35.0058969925 35.5910910876 36.4489809726 38.3332401398 42.7184098517 47.2259715898 51.7621381441 52.9672887060 49.3135149591 48.8011176931 50.7996452507 53.5295923473 56.1108575785 61.0411076923 70.4853552743 74.2344155442 74.4626835804 76.2622551410 78.7909784121 80.4738864535 77.7614313411 74.0831075236 73.8661880605 74.9482818064 77.8717439971 77.9230223852 79.4179175282
19.3563008361 18.7314609939 17.8264111164 17.2676754155 16.8312704482 15.7042043866 15.5192337261 16.3946450630 17.5681768596 18.4192385059 17.6865094254 16.7867036071 16.6638412775 17.1451949864 18.3712145226 19.3437770940 19.9429812783 20.6868149398 22.3850626498 26.6620437324 29.1559221223 33.3626995271 37.3309706629 37.8104325500 38.8727004756 40.6941770925 44.0014963970 47.6993820048 48.5392424162 53.5649063531 58.0573005136 59.9033790641 63.0236520083 69.0396970022 74.7654127772 75.5994739593 73.6491460120 72.3273649346 72.1441375790 72.2044825670 71.6415659990 71.9056383823 72.4919451750 73.0222446145 75.8138191304 79.3962387834 83.8355440646
18.1512787531 18.3467658208 17.8643889958 17.2692466294 16.2997227599 15.8397083287 15.7545233087 15.8002853568 15.8001439122 16.0077692854 16.2604577345 16.3593817415 16.4039250085 16.7157337710 17.3519964446 18.3179700543 19.2859215313 20.9131263255 22.4598491332 22.7008613292 23.3431778324 27.0215228666 34.2149622738 39.1553775407 41.2430104916 42.9803464212 44.5892506395 45.7092138240 47.6397961029 52.3851781036 60.6637853198 66.0763568594 69.6807334316 74.6870005969 77.5462516467 77.1544029121 74.8945752857 73.0621744297 72.7695868118 73.3796845889 73.3860260225 73.2166366652 73.1872444740 73.7682423787 77.3020380875 87.8019151278 96.9632640481
15.4649307806 16.8001514539 16.8273724703 16.5697688208 16.8058964628 17.1583069023 17.4588578520 16.4986068557 15.5535293306 15.4166628054 15.5168963538 15.7273600489 16.3625559944 17.0326050720 17.1950954682 17.6161760901 18.2648387417 20.7743102219 23.2600154704 23.5086185276 24.3568642472 24.9812031398 28.3641646674 40.7152853440 44.2733482341 44.7278145002 44.8725359165 44.2277040565 45.8267967333 50.9086801903 65.2414234355 74.4129705126 76.3869668590 77.1826352575 77.7499036049 77.2771438351 76.5861350228 75.9945994942 75.3629785613 75.5232494557 76.6338537214 75.9012649069 76.7454063753 80.7091842871 86.4172854926 95.4088914441 101.0590286460
11.8331351696 14.4664838444 15.9860540007 16.2536613207 16.6332597728 17.9108783050 18.9788947755 16.6993827734 14.9763421796 14.8678954138 14.8628670577 14.9465527647 15.4900183406 17.6776844601 19.2517661926 20.1347589609 21.4305990958 23.2081783761 23.8721901260 24.5092425321 26.4578731440 28.5220498627 31.5515365801 39.6407447406 45.5374104786 45.7383891335 45.3248522244 46.9921164913 48.4719147789 56.5765545471 71.3453998324 76.2663758942 75.8032296435 74.6885894914 74.3439361104 77.0264379680 82.5091330335 84.4651800580 80.6736156810 79.2472976027 80.3968840046 81.1300857458 86.0276621534 92.3855787842 94.2427088739 96.7199510196 99.9325825833
8.6808132328 10.1251572487 14.6932549251 16.6483377689 17.5877869769 18.4243010444 19.1725925688 17.6223206799 16.5058016719 15.9052266536 15.8244205231 16.9775147515 19.5171316154 23.2947943441 23.9740113902 25.0860890374 26.1346886982 27.0607053826 26.4557467599 28.4985134786 30.9577355802 34.3771945336 37.1505132644 40.9636998083 48.4511271352 53.5420253291 59.3664458720 62.2334999498 63.1494811387 66.5126192034 71.0796065396 72.9371326743 70.7457595272 67.9532891954 68.0951864342 76.1511598248 86.0709536355 88.3660811232 86.0414482886 85.5646762066 88.8694919413 90.7650666777 92.3478696495 94.7966908570 98.9691090072 102.8327158419 108.1186142983
4.7419608090 3.7132058278 5.4671514808 10.6036502402 16.9072061690 18.8466110558 21.1357507214 22.0903934387 21.2337718403 20.0634755893 21.0136722308 27.0964225056 30.8207511844 31.5429508919 30.2001676464 30.4642966075 31.7773340503 33.4719159873 34.3910066003 32.4503534648 29.7439073911 30.3317582875 37.6371346065 46.7884503887 53.8328401744 57.2863519192 64.0058905701 68.1144841947 67.8660508711 68.6969436938 71.1609136197 72.4178329110 69.7029590956 66.1400587996 67.6397866337 77.6733490638 87.4652769417 88.6883956846 85.1618325105 82.9636605922 88.3766706102 93.0327067617 94.3375333445 97.5211499026 106.4716803376 111.4451370668 111.6815853165
3.5703862522 3.4771895735 5.4983630034 9.5875374609 14.5148555457 17.5317489775 20.3099616920 23.0083477800 23.5267140088 23.4637169342 25.5670455226 30.5784400553 32.6135970536 32.6987042790 33.9705789811 36.5468559321 39.3708377669 40.6733375858 42.6795125823 40.5811439850 35.6573178142 38.3626370458 46.1190731730 54.0897790343 57.8228230588 63.8099614880 74.0533617209 73.6928712577 71.8191591441 72.1529448638 74.4125838974 76.3111289707 75.3462880966 71.1667081341 72.5719132461 84.6589308931 91.5296125459 90.9240221372 86.1076255096 79.6107631177 80.9272353072 91.6519432794 97.5063359365 101.2848402606 107.9883060884 111.7640003795 111.0057440819
3.1854529807 4.1902917401 7.4148750791 11.7292888899 15.3563413915 17.4872693606 18.8934480830 22.3018460674 23.0865855119 23.2111887890 23.6044991179 25.5949454731 29.2992031609 32.0438581402 33.6468051828 36.7744968971 39.1010038729 43.3330244268 48.8542301464 52.6652242988 54.9129489809 57.7436800813 58.9388776571 59.9587074830 64.9004570441 73.2128082309 81.3275612891 78.6929054302 76.5055964584 76.7550481833 81.2626287807 86.4909404190 89.0190649079 90.8826448722 92.6265344024 93.3433568571 93.4269034769 94.0785388229 90.6218775781 81.5443487372 78.3384310780 90.2849659324 108.4316500928 113.1257442757 113.6618665187 118.8839734532 120.2886599349
4.2560481634 5.7475241774 9.7613964681 13.9149547467 16.4326323720 17.1304788528 17.1179704339 19.4514553441 20.8895427932 22.3936577677 21.1236430623 20.4759422340 23.5753756715 31.4498732623 34.0378288238 35.1881766692 37.6741082291 44.5498394547 51.5945545631 54.7802786459 56.9192088442 59.7444518935 59.9745587097 61.2350895535 67.0420935494 71.1384097813 74.1092229146 72.8649629164 73.6595893395 76.9503360498 85.0214440143 92.2020968283 96.1231396068 101.2138539227 103.8526918273 98.6541872844 93.2215353241 93.0513114436 87.9307145951 79.6376658836 81.8095102441 85.7405390125 109.3593287515 119.0117639489 121.8012969475 126.4791721478 124.5262463344
10.5767698697 10.8308362251 13.4421454713 15.3219974600 16.5669399285 15.8717714658 14.7920681338 14.9018114753 17.1131896059 19.2350957659 20.4216109996 21.5587455605 23.2390510209 36.0192250810 41.6853313800 43.3289366774 44.8210359318 48.4289014712 53.0509201926 55.0182120642 56.7203188548 59.0959377587 58.1461937400 58.0266164616 64.3887528568 67.3442475381 66.3902554661 68.7191504985 73.5137127922 77.1862562397 84.1646291083 90.7490928657 94.8794359574 100.4250078695 101.9076209050 97.5782463793 92.0527124545 88.2697196212 9999.0000000000 9999.0000000000 73.1308740797 74.8189919977 97.3738966277 114.8427876178 116.9389873976 120.1645941474 124.0353675094
17.3426905676 18.1337714457 18.6365257250 17.8567439143 17.1217269672 16.9561754738 16.2612085696 15.5475874781 16.4249790396 19.9293106562 28.6804536881 31.8701311480 34.9271052692 42.5586151541 49.5756354067 52.2975107306 52.2313476540 52.7987480164 53.8682626211 54.4054362690 56.2079687370 59.8605307750 63.7733273325 65.0470738183 65.9016067511 65.3453899431 67.0657053706 72.5870996830 75.6878155516 78.0270690448 82.3337794282 86.3417634973 87.3693209141 87.6108800294 89.7815456847 93.2548596757 9999.0000000000 9999.0000000000 65.5393152265 69.4447189453 68.6408797628 73.3917262405 90.8657658147 111.5932012908 111.5150295664 118.6307875905 120.6084756413
18.9038749086 19.8015390197 20.0043611694 20.3732723021 20.5443071318 21.4644279331 21.7460441636 22.1969342383 22.8591378545 26.8523079576 34.0862005251 35.9642667754 37.5854460290 40.8292095526 48.7701507518 52.5087205460 52.7151589631 53.2939456170 52.8491070145 54.3920933269 58.6725233006 68.3977411827 87.6259014476 93.3023001999 82.1610284038 68.9732887549 68.6834074440 71.7214256292 75.5155407242 80.0776717952 82.3073858628 83.4544356912 83.7653969647 81.6053207964 81.4588218927 9999.0000000000 9999.0000000000 9999.0000000000 64.3189216498 74.7596984147 70.6058000796 72.3340552649 79.3361436808 9999.0000000000 9999.0000000000 9999.0000000000 92.3054928426
21.1936062842 21.1329760496 20.1099660771 20.0986740820 22.0077662088 26.0955957638 27.0201107778 27.4123414129 26.2957398954 27.3820769798 32.7117596171 36.2281340640 37.9402952094 41.8033103342 48.0830222368 50.9370728396 52.5327897049 54.7366901301 54.6868167585 56.8391040433 61.4276475389 65.9904292552 84.6534428420 96.2159084156 84.6307834145 69.0476320451 69.5413539070 72.1889142296 77.3664331064 81.5430380171 81.6955530318 80.4842401994 9999.0000000000 9999.0000000000 9999.0000000000 9999.0000000000 9999.0000000000 9999.0000000000 52.5940446532 69.7398949997 9999.0000000000 9999.0000000000 9999.0000000000 9999.0000000000 9999.0000000000 9999.0000000000 80.9805882163
29.9033885531 26.2406731490 25.2711504581 24.0827045054 22.7415620175 27.8630593966 28.2963961945 27.5401766994 26.8848237174 30.9652887227 36.7680823838 39.2194991000 40.3516265214 45.6789682503 49.7655153740 50.5621785996 52.8304787586 56.4734602813 57.1756903664 57.9169591656 61.8613167317 63.9862297685 69.9566022959 72.9758602101 65.1096772053 62.4301881180 66.3020411739 72.5435583154 81.2401485164 81.5735806245 80.1492616301 78.2282975852 77.4935163790 76.7653500661 9999.0000000000 9999.0000000000 9999.0000000000 79.4335047249 9999.0000000000 9999.0000000000 9999.0000000000 9999.0000000000 9999.0000000000 9999.0000000000 9999.0000000000 90.4949923279 94.8130701436
46.3729049661 39.1559480340 43.5226309346 43.5578506440 32.9003335792 30.1931237045 29.9982743163 29.6512753121 30.9708097775 37.8946156707 42.1346066287 42.7134592901 43.1657048757 49.5522734709 54.5266967383 54.7706321231 56.4507348463 59.8649721360 59.5965951215 57.0342646097 57.0659199147 60.8432266745 64.4819884328 62.2963343631 57.8829228762 57.4829410762 61.3121438655 66.8321661651 73.1254897546 75.3044063458 75.9164702031 77.3384034983 78.9029271109 77.4153776583 9999.0000000000 9999.0000000000 65.7832270372 67.6906501176 62.2578378534 79.7156773042 9999.0000000000 9999.0000000000 9999.0000000000 9999.0000000000 9999.0000000000 9999.0000000000 102.3912106175
