model_inputs/inputs/pr6.asc
ncols 720
nrows 360
xllcorner -180
yllcorner -90
cellsize 0.500000
NODATA_value 9999.000000
[rows 105 to 125 of 360, columns 376 to 422 of 720]
9999.0000000000 16.1824144889 14.4005128968 13.0156451633 11.3509858347 8.1218635969 7.5005433682 9999.0000000000 9999.0000000000 9999.0000000000 11.8349998811 15.0336979714 14.4879280269 10.6994895759 7.6374275741 9999.0000000000 9999.0000000000 9999.0000000000 9999.0000000000 9999.0000000000 9999.0000000000 9999.0000000000 9999.0000000000 9999.0000000000 9999.0000000000 9999.0000000000 9999.0000000000 8.5776794804 12.4527179869 10.5441657070 7.7189085132 9999.0000000000 7.0726610284 7.3542265745 9.5994506337 10.0937636162 9999.0000000000 7.6833322455 4.6883341456 9.0331947940 16.3406191132 17.4212347629 19.1743547330 24.1917087988 23.9510054234 17.2184008261 17.4465887103
14.7036015987 18.7075863214 16.5247811819 14.6502687276 12.8900340933 9.2268318840 7.5297976509 3.0066663967 3.3031307757 9999.0000000000 9999.0000000000 9999.0000000000 6.2756665866 6.5672128185 5.0890010680 9999.0000000000 9999.0000000000 9999.0000000000 9999.0000000000 9999.0000000000 9999.0000000000 9999.0000000000 9999.0000000000 9999.0000000000 9999.0000000000 9999.0000000000 9999.0000000000 6.0759238040 5.1260460023 4.2092223339 3.1381232548 9999.0000000000 5.7999559285 5.7572231526 6.4446416291 6.2157471111 7.3933342428 9999.0000000000 5.1216665233 6.8819995795 9.9050599965 8.0567666591 8.7246209878 19.1615469230 18.9342147787 10.4686118866 9.6475913087
22.6975963160 19.8614408146 18.9734998421 15.5342468934 11.1067416292 8.5234478465 9999.0000000000 9999.0000000000 9999.0000000000 9999.0000000000 9999.0000000000 9999.0000000000 0.0000000000 9999.0000000000 9999.0000000000 9999.0000000000 9999.0000000000 9999.0000000000 9999.0000000000 9999.0000000000 9999.0000000000 9999.0000000000 9999.0000000000 9999.0000000000 9999.0000000000 9999.0000000000 9999.0000000000 9999.0000000000 2.3879798373 4.0012551362 2.5370207659 9999.0000000000 9999.0000000000 9999.0000000000 5.7065853907 6.2999991860 9999.0000000000 9999.0000000000 9999.0000000000 0.9796667746 1.3539999509 9999.0000000000 6.2993750616 11.7598385696 11.5906154097 9999.0000000000 9999.0000000000
28.6568159354 31.5649950353 19.0202531812 12.6275965740 8.7259594075 7.2406571562 5.7032726399 9999.0000000000 9999.0000000000 0.6299999186 9999.0000000000 9999.0000000000 0.6200000053 0.0000000000 9999.0000000000 9999.0000000000 9999.0000000000 9999.0000000000 9999.0000000000 9999.0000000000 9999.0000000000 9999.0000000000 9999.0000000000 9999.0000000000 9999.0000000000 9999.0000000000 9999.0000000000 9999.0000000000 9999.0000000000 9999.0000000000 0.8313911940 3.1901430484 3.0859075014 9999.0000000000 9999.0000000000 9999.0000000000 9999.0000000000 9999.0000000000 5.3333330870 0.8993333786 9999.0000000000 9999.0000000000 9999.0000000000 9999.0000000000 9999.0000000000 9999.0000000000 9999.0000000000
27.2860408004 27.1186929604 15.6983827619 9.4779520659 7.5493912664 6.0478535306 5.2722455148 9999.0000000000 9999.0000000000 0.0000000000 9999.0000000000 9999.0000000000 9999.0000000000 9999.0000000000 9999.0000000000 9999.0000000000 9999.0000000000 9999.0000000000 9999.0000000000 9999.0000000000 9999.0000000000 9999.0000000000 9999.0000000000 9999.0000000000 9999.0000000000 9999.0000000000 9999.0000000000 9999.0000000000 9999.0000000000 9999.0000000000 9999.0000000000 3.9719151027 4.0779511219 4.0509060273 4.8686224000 3.3779997684 2.8494840044 2.7866666824 4.0699998717 9999.0000000000 9999.0000000000 9999.0000000000 9999.0000000000 9999.0000000000 9999.0000000000 9999.0000000000 9999.0000000000
16.5355333302 14.1999267507 12.0063329232 9.3013961814 5.3346426284 4.8575549481 4.4784052880 9999.0000000000 9999.0000000000 9999.0000000000 9999.0000000000 9999.0000000000 9999.0000000000 9999.0000000000 9999.0000000000 9999.0000000000 9999.0000000000 9999.0000000000 9999.0000000000 9999.0000000000 9999.0000000000 9999.0000000000 9999.0000000000 9999.0000000000 9999.0000000000 9999.0000000000 9999.0000000000 9999.0000000000 9999.0000000000 9999.0000000000 9999.0000000000 9999.0000000000 9999.0000000000 0.9710000504 0.7770469201 9999.0000000000 9999.0000000000 9999.0000000000 9999.0000000000 9999.0000000000 9999.0000000000 9999.0000000000 9999.0000000000 9999.0000000000 9999.0000000000 9999.0000000000 1.0535518431
3.6431704102 4.5271132149 5.1046053559 4.4361622640 3.3713333069 9999.0000000000 9999.0000000000 9999.0000000000 9999.0000000000 9999.0000000000 9999.0000000000 9999.0000000000 9999.0000000000 9999.0000000000 9999.0000000000 9999.0000000000 9999.0000000000 9999.0000000000 9999.0000000000 9999.0000000000 9999.0000000000 9999.0000000000 9999.0000000000 9999.0000000000 9999.0000000000 9999.0000000000 9999.0000000000 9999.0000000000 9999.0000000000 9999.0000000000 9999.0000000000 9999.0000000000 9999.0000000000 9999.0000000000 9999.0000000000 9999.0000000000 9999.0000000000 9999.0000000000 9999.0000000000 9999.0000000000 9999.0000000000 9999.0000000000 9999.0000000000 9999.0000000000 9999.0000000000 9999.0000000000 9999.0000000000
2.1073171793 2.1564870112 2.1862745107 2.6550247676 2.5121668841 1.9658706478 1.6046667733 9999.0000000000 9999.0000000000 9999.0000000000 9999.0000000000 9999.0000000000 9999.0000000000 9999.0000000000 9999.0000000000 9999.0000000000 9999.0000000000 9999.0000000000 9999.0000000000 9999.0000000000 9999.0000000000 9999.0000000000 9999.0000000000 9999.0000000000 9999.0000000000 9999.0000000000 9999.0000000000 9999.0000000000 9999.0000000000 9999.0000000000 9999.0000000000 9999.0000000000 9999.0000000000 9999.0000000000 9999.0000000000 9999.0000000000 9999.0000000000 9999.0000000000 9999.0000000000 9999.0000000000 9999.0000000000 9999.0000000000 9999.0000000000 9999.0000000000 9999.0000000000 9999.0000000000 9999.0000000000
1.8163265595 1.7719298939 1.8321515599 1.9976606200 1.9642315110 1.7798023182 1.1129999839 0.7559999613 9999.0000000000 9999.0000000000 9999.0000000000 9999.0000000000 9999.0000000000 9999.0000000000 9999.0000000000 9999.0000000000 9999.0000000000 9999.0000000000 9999.0000000000 9999.0000000000 9999.0000000000 9999.0000000000 9999.0000000000 9999.0000000000 9999.0000000000 9999.0000000000 9999.0000000000 9999.0000000000 9999.0000000000 9999.0000000000 9999.0000000000 9999.0000000000 9999.0000000000 9999.0000000000 9999.0000000000 9999.0000000000 9999.0000000000 9999.0000000000 9999.0000000000 9999.0000000000 9999.0000000000 9999.0000000000 9999.0000000000 9999.0000000000 9999.0000000000 9999.0000000000 9999.0000000000
1.5897131307 1.3004360535 1.3229166125 1.3695239395 1.3611739923 1.3363329290 1.0946453349 0.9159984274 0.9264367454 1.3068498301 0.9415374316 1.7892642263 1.3722290678 9999.0000000000 9999.0000000000 9999.0000000000 9999.0000000000 9999.0000000000 9999.0000000000 9999.0000000000 9999.0000000000 9999.0000000000 9999.0000000000 9999.0000000000 9999.0000000000 0.4383332553 0.6546139339 0.7958568440 1.0872836583 0.5030000025 0.9619999737 9999.0000000000 9999.0000000000 9999.0000000000 9999.0000000000 9999.0000000000 9999.0000000000 9999.0000000000 9999.0000000000 9999.0000000000 9999.0000000000 9999.0000000000 9999.0000000000 9999.0000000000 9999.0000000000 9999.0000000000 9999.0000000000
0.8118153328 0.7158914250 0.8335237662 0.9410853245 1.2523787718 1.6452823002 1.9793540032 2.0131087294 2.4894181697 2.7264469318 2.4977852081 2.4101169511 1.4309721955 1.3084182447 1.2744431006 9999.0000000000 9999.0000000000 9999.0000000000 9999.0000000000 9999.0000000000 9999.0000000000 9999.0000000000 9999.0000000000 0.4973332670 0.4064031277 0.3706215075 0.5186441454 0.7795333986 1.0161777554 1.0356814946 0.6600000270 0.4223333276 0.3579999698 0.2683333103 9999.0000000000 9999.0000000000 9999.0000000000 9999.0000000000 9999.0000000000 9999.0000000000 9999.0000000000 9999.0000000000 9999.0000000000 9999.0000000000 9999.0000000000 9999.0000000000 9999.0000000000
0.7627907025 0.6178955746 0.6186696892 0.8155979449 1.4510156343 2.1558337139 2.5525281053 2.7058779378 2.8842849788 3.0810807039 2.4849511719 0.9291902743 0.7763952435 0.9879335494 1.0513400030 9999.0000000000 9999.0000000000 9999.0000000000 9999.0000000000 9999.0000000000 9999.0000000000 9999.0000000000 9999.0000000000 0.4423332280 0.4165724431 0.2757062582 0.3544018250 0.6824680622 0.9446465610 0.7765237960 0.4503385881 0.2942062010 0.2772761645 0.3182844212 0.3623333687 0.2573333393 0.1566666720 9999.0000000000 9999.0000000000 9999.0000000000 9999.0000000000 9999.0000000000 9999.0000000000 9999.0000000000 9999.0000000000 9999.0000000000 0.0099999997
0.6246628154 0.6070614327 0.6961451672 0.7552836032 1.4277285463 2.2646396901 2.5629443226 2.6375404450 2.6807880204 2.6681617310 2.2432432452 1.3442436612 1.1514125108 1.0169492180 0.9230769201 0.9539970079 0.8063333225 0.8030000181 0.8006666976 9999.0000000000 9999.0000000000 9999.0000000000 9999.0000000000 9999.0000000000 0.2696797783 0.2656131719 0.2490594554 0.4390519339 0.6693002315 0.1437170858 0.1177577076 0.1301730640 0.2464258598 0.3754702952 0.4157261328 0.3066215390 0.1162528234 0.0421369451 0.0353649365 0.0136666659 0.0229999996 0.0486666676 9999.0000000000 0.0000000000 0.0000000000 0.0000000000 0.0022547916
0.6426128002 0.6465136512 0.5967498623 0.6529171878 0.9985186161 1.6156689544 2.3322234010 2.3992593087 2.3630950145 2.1989545785 2.0471909884 1.8104355386 1.7429536383 1.6422123626 1.1122410451 0.8903954049 0.8583803738 0.8640300548 0.8730696918 0.7992467263 0.5349999683 0.3179999849 9999.0000000000 0.2030001158 0.2366441174 0.2592174626 0.2520692053 0.2400301321 0.1911211439 0.2185853787 0.1392023966 0.1019563641 0.1407073175 0.2784048484 0.3024830685 0.2212189743 0.0959367999 0.0214446936 0.0033860049 0.0188111371 0.0312264843 0.0507900635 0.0101580141 0.0000000000 0.0000000000 0.0015031944 0.0054644805
0.6100073483 0.6016171042 0.5558077974 0.6130354050 0.6819196697 0.8227425187 1.3132664062 1.9001484070 1.9865924314 1.9257187942 1.8858960939 1.9456318387 1.8956456061 1.7249154716 1.1004514154 0.7550790979 0.7291195907 0.7502825047 0.7725047799 0.7155756794 0.5131677708 0.2592174073 0.2057938311 0.1967644157 0.1802106256 0.1632806627 0.1388262147 0.0929270408 0.0308502679 0.0150489094 0.0225733636 0.0105342374 0.0161775783 0.0368698321 0.0639578666 0.0632054245 0.0263355924 0.0067720092 0.0033860046 0.0161775772 0.0304740445 0.0413844984 0.0105223606 0.0000000000 0.0018789928 0.0000000000 0.0007238509
0.5435729486 0.5679012384 0.5762161927 0.5802603300 0.5909419770 0.6130434349 0.7534494644 1.5022319931 1.8627893478 1.8337070087 1.8870183685 1.9257590175 1.7079578829 1.3404737201 0.9230183532 0.7061699807 0.6625282022 0.6873586572 0.6764486361 0.6261988892 0.4584317248 0.2626034589 0.1937546658 0.1591422106 0.1335590603 0.0993227869 0.0654627692 0.0154251328 0.0075244553 0.0003762227 0.0000000000 0.0000000000 0.0003762227 0.0011286681 0.0033860046 0.0007524455 0.0000000000 0.0000000000 0.0033860046 0.0203160282 0.0248027071 0.0000000000 0.0000000000 0.0003642987 0.0007246376 0.0000000000 0.0000000000
0.4290322772 0.5376344111 0.6095646340 0.6194056432 0.6275143242 0.6238763244 0.7098097485 1.3024844957 1.7500908452 1.7891081952 1.8009727464 1.7146068112 1.4375702922 1.0499248201 0.8020777550 0.6666667095 0.6223224227 0.6515342720 0.6354402321 0.5342361674 0.4394281987 0.2599699553 0.1606471224 0.1083521379 0.0338600454 0.0206922515 0.0090293458 0.0011286682 0.0003762227 0.0000000000 0.0000000000 0.0000000000 0.0000000000 0.0000000000 0.0000000000 0.0000000000 0.0000000000 0.0000000000 0.0000000000 0.0000000000 0.0000000000 0.0000000000 0.0000000000 0.0000000000 0.0000000000 0.0000000000 0.0000000000
0.6136443903 0.6150035110 0.7291666652 0.6755231316 0.7068131117 0.7137254806 0.7663081797 1.0580180306 1.4559516094 1.5433540684 1.3467221834 1.1682551021 0.9444426451 0.7255334540 0.6373873057 0.6061631120 0.6016534230 0.6039084333 0.5753476712 0.5606914674 0.4759217568 0.2652369992 0.1072234725 0.0658389833 0.0255831457 0.0045146729 0.0000000000 0.0000000000 0.0000000000 0.0000000000 0.0000000000 0.0000000000 0.0000000000 0.0000000000 0.0000000000 0.0000000000 0.0000000000 0.0000000000 0.0000000000 0.0000000000 0.0000000000 0.0000000000 0.0000000000 0.0000000000 0.0000000000 0.0000000000 0.0000000000
0.5578727782 0.7054747657 0.6921465574 0.7872414672 0.7892882149 0.7682237228 0.7879758004 0.7989985352 0.7885653004 0.8047722749 0.6819366872 0.6637522138 0.5643275517 0.4637361926 0.5091775961 0.5033113280 0.5023940744 0.5512964876 0.5967680954 0.5986470619 0.4998121944 0.2968809040 0.0296880876 0.1484404336 0.0007515972 0.0000000000 0.0000000000 0.0000000000 0.0000000000 0.0000000000 0.0000000000 0.0000000000 0.0000000000 0.0000000000 0.0000000000 0.0000000000 0.0000000000 0.0000000000 0.0000000000 0.0000000000 0.0000000000 0.0000000000 0.0000000000 0.0000000000 0.0000000000 0.0000000000 0.0000000000
1.0522540151 1.0140314807 0.9631162811 0.8856448549 0.8420684944 0.7896030766 0.7575115033 0.6296691445 0.4334763271 0.4156778059 0.4062838207 0.3957199706 0.3413391569 0.3405264029 0.4182543817 0.3859131439 0.4109346228 0.4714817587 0.5382635450 0.5937383075 0.4051564629 0.1469372530 0.0060127775 0.0007515972 0.0000000000 0.0000000000 0.0000000000 0.0000000000 0.0000000000 0.0000000000 0.0000000000 0.0000000000 0.0000000000 0.0000000000 0.0000000000 0.0000000000 0.0000000000 0.0000000000 0.0000000000 0.0000000000 0.0000000000 0.0000000000 0.0000000000 0.0000000000 0.0000000000 0.0000000000 0.0000000000
1.3846938746 1.3438884289 1.2146024510 1.1131750216 1.0290756627 0.9026178404 0.7310126648 0.5382165809 0.3649947375 0.3265305686 0.3419633181 0.2946912198 0.2306246545 0.2555746744 0.3163255974 0.3368086564 0.3406513088 0.3590380406 0.4405287041 0.3700843495 0.2245497924 0.0375275956 0.0003679176 0.0000000000 0.0000000000 0.0000000000 0.0000000000 0.0000000000 0.0000000000 0.0000000000 0.0000000000 0.0000000000 0.0000000000 0.0000000000 0.0000000000 0.0000000000 0.0000000000 0.0000000000 0.0000000000 0.0000000000 0.0000000000 0.0000000000 0.0000000000 0.0000000000 0.0000000000 0.0000000000 0.0000000000
