model_inputs/inputs/pr6.asc
ncols 720
nrows 360
xllcorner -180
yllcorner -90
cellsize 0.500000
NODATA_value 9999.000000
[rows 105 to 125 of 360, columns 329 to 375 of 720]
9999.0000000000 9999.0000000000 9999.0000000000 9999.0000000000 9999.0000000000 9999.0000000000 9999.0000000000 9999.0000000000 9999.0000000000 9999.0000000000 9999.0000000000 9999.0000000000 6.8370196022 13.2143053052 11.8266959034 9.2876760536 8.2444689688 10.6556016690 10.9316968446 9.8285673375 9.3478601484 11.4486215170 16.5030411445 16.0163832625 16.9852199469 18.4361128486 16.3222819974 18.6162531754 9999.0000000000 9999.0000000000 9999.0000000000 9999.0000000000 9999.0000000000 9999.0000000000 9999.0000000000 9999.0000000000 9999.0000000000 9999.0000000000 9999.0000000000 9999.0000000000 9999.0000000000 9999.0000000000 9999.0000000000 12.7765424695 12.5235098385 13.5211116431 13.5637430503
9999.0000000000 9999.0000000000 9999.0000000000 9999.0000000000 9999.0000000000 9999.0000000000 9999.0000000000 9999.0000000000 9999.0000000000 9999.0000000000 9999.0000000000 9999.0000000000 5.9437491145 14.7399469715 4.8698379396 6.0026012725 9999.0000000000 9999.0000000000 9.4046925951 9.5901005552 7.5656750778 6.7627470344 8.9987689425 13.3018819179 16.4169626660 14.9915651564 7.9034418741 7.0906993424 4.0079292594 9999.0000000000 9999.0000000000 9999.0000000000 9999.0000000000 5.2029470826 7.1432006371 9.3718532808 6.6516193037 7.3338155271 9.2631389489 13.9569119347 16.6729538469 17.2829078219 15.4459795594 13.5429554066 13.8376434770 15.0636783364 15.0518134906
9999.0000000000 9999.0000000000 9999.0000000000 9999.0000000000 9999.0000000000 9999.0000000000 9999.0000000000 9999.0000000000 9999.0000000000 9999.0000000000 9999.0000000000 9999.0000000000 9999.0000000000 9999.0000000000 9999.0000000000 9999.0000000000 9999.0000000000 9999.0000000000 8.9331521958 8.5702076685 8.6478896410 9999.0000000000 9999.0000000000 9999.0000000000 9999.0000000000 9999.0000000000 9999.0000000000 9999.0000000000 9999.0000000000 9999.0000000000 9999.0000000000 2.2132428421 3.9787784081 5.1251242548 7.2291205797 10.0091278728 8.4581634947 9.1971397123 11.2890802411 17.0251226518 17.6196957036 20.6889130350 19.7840187466 16.5649820992 17.2937507305 18.6512571818 20.3822304611
9999.0000000000 9999.0000000000 9999.0000000000 9999.0000000000 9999.0000000000 9999.0000000000 9999.0000000000 9999.0000000000 9999.0000000000 9999.0000000000 9999.0000000000 9999.0000000000 9999.0000000000 9999.0000000000 9999.0000000000 9999.0000000000 9999.0000000000 9999.0000000000 9999.0000000000 7.3774818375 7.9866590459 9999.0000000000 9999.0000000000 9999.0000000000 9999.0000000000 9999.0000000000 9999.0000000000 9999.0000000000 5.4647274737 3.7765199741 2.5788768799 2.9088332813 4.4240074567 6.6487621225 8.2145351626 10.0748017867 9.5534746506 9.8089790263 10.8825908101 10.9702016052 12.1234455291 14.4512962288 16.0052350693 17.5415723061 21.4010277414 23.7199556432 25.5503432709
9999.0000000000 9999.0000000000 9999.0000000000 9999.0000000000 9999.0000000000 9999.0000000000 9999.0000000000 9999.0000000000 9999.0000000000 9999.0000000000 9999.0000000000 9999.0000000000 9999.0000000000 9999.0000000000 9999.0000000000 9999.0000000000 9999.0000000000 9999.0000000000 5.2000545402 8.4278094801 7.1757824044 7.0192592029 8.2849580795 8.7757278743 8.3149019047 8.5076537871 8.5633299241 6.0861190141 6.6512085250 5.7254859275 6.6432216190 7.8363664798 8.2463672734 9.5233339816 10.0380532967 10.5893749424 11.1312209774 13.5373836674 11.5113215579 10.3317760077 9.2461985987 8.1168234537 9.7915719089 15.1451692946 23.7902394729 27.1526938886 27.5877421664
9999.0000000000 9999.0000000000 9999.0000000000 9999.0000000000 9999.0000000000 9999.0000000000 9999.0000000000 9999.0000000000 9999.0000000000 9999.0000000000 9999.0000000000 9999.0000000000 9999.0000000000 9999.0000000000 9999.0000000000 9999.0000000000 9999.0000000000 9999.0000000000 4.1908645908 7.1901142801 7.7154419414 7.2385060193 7.7028233136 8.3477188236 8.0140162027 8.4953646074 8.4582613272 7.4454465648 6.4872329604 7.1228856541 10.4053908581 11.3894823444 11.6856602981 11.9130761304 10.7391706842 10.6888600130 13.2972307474 15.6094341364 14.8929487914 11.0226999532 8.0536094974 6.1689937720 5.5595230660 7.6683002189 17.6490324957 23.6502611660 19.3631597213
9999.0000000000 9999.0000000000 9999.0000000000 9999.0000000000 9999.0000000000 9999.0000000000 9999.0000000000 9999.0000000000 9999.0000000000 9999.0000000000 9999.0000000000 9999.0000000000 9999.0000000000 9999.0000000000 9999.0000000000 9999.0000000000 9999.0000000000 3.5635223576 3.8071739691 6.5121743610 9.2411042351 8.8841021498 7.0886478061 5.6496580582 4.5112378248 5.8695855769 8.2637019004 7.9695660534 7.6751443703 8.8143086614 10.4254312027 11.5602272126 14.7800453415 16.9297736575 15.2980485291 10.4275505146 11.3215075980 12.7246028278 14.2652270151 14.6971257927 6.2319590215 4.0234642984 3.3460875056 3.2043694300 3.8811058912 4.1043871206 2.6017870769
9999.0000000000 9999.0000000000 9999.0000000000 9999.0000000000 9999.0000000000 9999.0000000000 9999.0000000000 9999.0000000000 9999.0000000000 9999.0000000000 9999.0000000000 9999.0000000000 9999.0000000000 9999.0000000000 9999.0000000000 2.7969623770 3.1254536480 3.4214689404 4.5378715513 10.3067803866 16.6671699408 15.5055796058 10.2167838922 5.5097239529 4.5979542774 5.0506513071 8.0712894851 8.7636137323 9.0920705261 9.1597930295 9.2323446879 12.0531039429 17.1396998630 18.7837789999 17.4972824607 11.5678899747 9.0424729715 8.7887761401 8.7247860065 7.8430968861 2.9656716215 2.0546955093 1.8986894647 1.8354837594 1.9531248672 2.0303089841 2.0578784552
9999.0000000000 9999.0000000000 9999.0000000000 9999.0000000000 9999.0000000000 9999.0000000000 9999.0000000000 9999.0000000000 9999.0000000000 9999.0000000000 9999.0000000000 9999.0000000000 9999.0000000000 2.7119998376 2.6656667069 2.6469998484 3.6116388692 5.1529393386 7.3546314597 18.3651713014 23.5966442269 19.8718723550 14.3421634566 8.6737663441 5.7996600735 6.8873915661 8.0044657443 8.0215652197 8.5825758215 9.3756257265 9.7965890673 8.9462876858 12.0305270248 15.9392700152 17.3650753568 11.3803084823 8.1060135490 6.8467044330 6.0548803813 5.0465912573 2.8616547243 2.1253000941 2.2966559736 2.4936526679 2.2559187455 2.1439423472 2.0628480233
9999.0000000000 9999.0000000000 9999.0000000000 9999.0000000000 9999.0000000000 9999.0000000000 9999.0000000000 9999.0000000000 9999.0000000000 9999.0000000000 9999.0000000000 9999.0000000000 2.8813335011 2.6549997201 2.7360003369 2.9631058751 4.7877820871 7.3955631742 9.9016122840 13.4344320250 16.2878767733 13.5878511064 11.7864608037 10.6886431313 8.1709655060 7.6583336777 7.9417568631 7.6289515055 7.0174457651 7.7014477647 7.9433987994 5.9631264376 6.6190728976 9.8499296000 10.5344637850 8.0199869335 6.4914468312 5.6589103042 4.6874009058 3.7671793252 2.8403714350 2.3190423835 2.2545190332 2.4758185646 2.4098791473 2.1211058192 2.0188675880
9999.0000000000 9999.0000000000 9999.0000000000 9999.0000000000 9999.0000000000 9999.0000000000 9999.0000000000 9999.0000000000 9999.0000000000 9999.0000000000 9999.0000000000 9999.0000000000 2.7346666320 3.0010000664 3.7097463282 5.4779814236 9.6994885171 10.7000423886 10.5688819749 10.5945801042 10.9473889461 9.3388318564 8.1629167180 6.8418187002 5.9064089146 6.4792737539 6.7506888809 6.1466260740 4.7720207367 5.2758541206 6.2427565499 5.5918932558 5.3147861618 7.3829404209 7.2347712921 5.6368867881 4.8847635881 4.0184430145 3.4149589519 2.8167522469 2.1300638309 1.6327016856 1.4712411830 1.3740201102 1.3740573868 1.4203573664 1.1273586015
9999.0000000000 9999.0000000000 9999.0000000000 9999.0000000000 9999.0000000000 9999.0000000000 9999.0000000000 9999.0000000000 9999.0000000000 9999.0000000000 9999.0000000000 1.2299998762 1.8556662853 3.4364267085 4.3694596352 7.4424373306 14.1761393024 15.0815793313 13.4712311992 11.9805404975 7.1716775637 6.2286191605 5.8816773235 5.3641909981 5.0684980815 5.2472793614 5.3957042692 4.9293027296 4.2589586810 4.3049134474 4.9794032966 5.0607139128 4.6922612964 3.5918805297 2.4658199036 2.4490432461 2.6585443811 2.5820643932 2.8336746218 2.5292307037 1.8079942929 1.2662911759 0.9301376585 0.8127803239 0.7236993888 0.7703442134 0.7461988807
9999.0000000000 9999.0000000000 9999.0000000000 9999.0000000000 9999.0000000000 9999.0000000000 9999.0000000000 9999.0000000000 9999.0000000000 9999.0000000000 9999.0000000000 0.9059999138 1.1577319174 2.6419756177 4.0733123278 6.7115912316 10.4939269368 11.1280479032 10.9355134919 10.3464732820 6.2681611817 5.3570221135 4.8682956040 4.6499658201 4.6963186942 4.5744444142 4.5275902958 4.1048241255 3.9381207425 3.8337363840 3.9527184163 3.7248732406 2.8290944683 1.1254980891 0.5620761881 0.7486279710 0.9563894846 1.1580372020 1.3364008519 1.6550545024 1.3062097933 0.9658026975 0.6696429400 0.7315561952 0.5893938214 0.7013238819 0.7112403282
9999.0000000000 9999.0000000000 9999.0000000000 9999.0000000000 9999.0000000000 9999.0000000000 9999.0000000000 9999.0000000000 9999.0000000000 9999.0000000000 9999.0000000000 0.8569998890 0.8538195216 1.2713257202 2.3944045170 4.6561722920 6.5606220887 6.9464553017 7.3566853534 6.3831591906 5.4818210556 5.0560079326 4.1167685340 3.8079693004 2.9325402829 2.4732030179 2.2291236837 2.1863617349 2.0900224808 2.0921137984 1.5489996240 0.9048102320 0.5335365690 0.3648295715 0.7875930896 0.7904762024 0.3234894725 0.4520407856 0.5465986478 0.6718053482 0.7627178438 0.7432046013 0.6772183306 0.6897169515 0.6829153072 0.6492815455 0.5387248607
9999.0000000000 9999.0000000000 9999.0000000000 9999.0000000000 9999.0000000000 9999.0000000000 9999.0000000000 9999.0000000000 9999.0000000000 9999.0000000000 9999.0000000000 0.8443870811 0.7235865278 0.7448944225 1.2177641065 3.0086268780 5.3002816057 6.5565290352 6.8906011802 6.3722231644 5.9721358703 4.8640840905 3.1527492174 2.7634871512 1.4860735664 0.9418509671 0.7250859144 0.7749394690 0.8949764424 0.6992532653 0.4881162718 0.3030232469 0.2466596670 0.5128657276 0.4567377414 0.4543793734 0.6329932403 0.4511406232 0.3036809460 0.3915724387 0.5169578235 0.6930529817 0.6288559853 0.6480186366 0.5630268506 0.5193798415 0.5900545225
9999.0000000000 9999.0000000000 9999.0000000000 9999.0000000000 9999.0000000000 9999.0000000000 9999.0000000000 9999.0000000000 9999.0000000000 9999.0000000000 0.9208476204 1.0788371310 0.7636949904 0.6466876575 0.7585602561 2.1551365098 4.2560287147 5.5497639769 6.3638779320 6.6512928024 6.1818817339 4.3659795083 2.0152750421 1.4089855140 0.7508182262 0.4861768230 0.4344874351 0.4568907152 0.5078071672 0.4029680126 0.2980343038 0.2593258114 0.2576495638 0.3830252426 0.5005807839 0.6064011000 0.2706843666 0.2672795479 0.2705561456 0.2732855478 0.3259415844 0.3750885053 0.4735106786 0.5361648973 0.4531750683 0.4954462338 0.5129044039
9999.0000000000 9999.0000000000 9999.0000000000 2.9066662319 9999.0000000000 9999.0000000000 9999.0000000000 9999.0000000000 9999.0000000000 9999.0000000000 1.6618447280 1.3170294224 1.0018135390 0.4996400667 0.5762711867 1.1014492629 2.4689925358 3.6161724638 4.3192544581 5.3934941971 5.3548845317 3.1567011210 1.4583328884 0.6585282663 0.4827235484 0.4367816373 0.4409581211 0.4295846111 0.4402706782 0.2681466144 0.2571688362 0.2621610208 0.2649873900 0.2821067008 0.2858606556 0.1748466148 0.3056977105 0.3067212133 0.2606618921 0.2583503408 0.2507869767 0.2729188600 0.4499999682 0.5743699353 0.4097370215 0.3820184811 0.4298528770
9999.0000000000 9999.0000000000 0.3630000369 0.3546666285 9999.0000000000 9999.0000000000 9999.0000000000 9999.0000000000 1.2976015623 1.3521881338 1.5509998866 1.2756975375 0.9703296619 0.4896174264 0.4498732942 0.6528368149 1.0683669880 1.5659651690 2.3326340324 2.9626924443 3.2990294712 2.0145078524 0.7955325527 0.6731624062 0.6186125220 0.2384329682 0.2176113262 0.1290104556 0.2981897455 0.1832744485 0.2032757486 0.3221520474 0.4914179722 0.4398906931 0.3425640894 0.3264886509 0.2970940102 0.3107923503 0.2783470181 0.2804503806 0.3006262764 0.2136842122 0.3925788687 0.5035161648 0.5168775610 0.5499297054 0.4562697218
1.2709883158 9999.0000000000 0.3964331609 0.3623332582 9999.0000000000 9999.0000000000 0.6106666497 1.1327847706 1.2763309442 1.4226667445 1.5229695418 1.3042034898 0.8021409631 0.7027225629 0.5142543528 0.7070156280 0.8283689940 1.0176928336 1.2029289237 1.3977033905 1.4547026240 0.9568221431 0.5872851548 0.4832306495 0.2556237012 0.2038539587 0.1889790499 0.1183231914 0.2778341525 0.1547861584 0.2034013912 0.3804161788 0.4011482761 0.3576317717 0.3018157188 0.3412127408 0.3463381190 0.3154350857 0.2979621818 0.2995018654 0.3686490181 0.3347093457 0.5428275649 0.6879944949 0.5649484347 0.4783505156 0.4904413781
0.8848710349 9999.0000000000 9999.0000000000 9999.0000000000 0.0669999894 0.0943333281 0.3013333337 0.9693332877 1.0316666039 1.5776448108 1.4829305492 0.9871939856 0.7631874842 0.7643998561 0.7763013155 0.8067472691 0.8253099595 0.8466171175 0.8805496809 0.9325727160 0.8834884138 0.6939267705 0.5178694046 0.3086673291 0.2315573602 0.1763704227 0.1329949209 0.1072640825 0.3136456271 0.4118246557 0.4531835771 0.4460381929 0.3613962613 0.3090099272 0.3058984587 0.2781207804 0.2373114119 0.2265819537 0.2105080991 0.2355094848 0.4433059912 0.3930656371 1.0494336684 0.6944445167 1.2233640609 1.0848733536 1.0430769116
9999.0000000000 9999.0000000000 9999.0000000000 9999.0000000000 0.0250000044 0.1040000086 0.2586666758 0.7113333722 1.0785773738 1.3431132829 1.3782506303 0.7628944286 0.6097839100 0.6152980400 0.8232887012 0.8407243286 0.8608663366 0.8442983835 0.7770745460 0.7913643567 0.7648070987 0.6821946763 0.5397316959 0.2513717618 0.3193161933 0.2705561087 0.1403330050 0.1162079498 0.3353720358 0.4065373159 0.3963871545 0.4102564253 0.3757699810 0.3066118700 0.2815501125 0.2646755856 0.2507062170 0.3447496665 0.2834697259 0.3033565074 0.3688888846 0.7379972294 1.0733127610 1.3637918964 1.3549829910 1.2673275523 1.2773136896
