model_inputs/inputs/pr6.asc
ncols 720
nrows 360
xllcorner -180
yllcorner -90
cellsize 0.500000
NODATA_value 9999.000000
[rows 21 to 41 of 360, columns 517 to 563 of 720]
9999.0000000000 9999.0000000000 9999.0000000000 9999.0000000000 9999.0000000000 9999.0000000000 9999.0000000000 9999.0000000000 9999.0000000000 9999.0000000000 9999.0000000000 9999.0000000000 9999.0000000000 9999.0000000000 9999.0000000000 9999.0000000000 9999.0000000000 9999.0000000000 9999.0000000000 9999.0000000000 9999.0000000000 9999.0000000000 9999.0000000000 9999.0000000000 9999.0000000000 10.5018030445 9999.0000000000 9999.0000000000 9999.0000000000 11.3900080469 12.8444476723 12.6998818450 12.4998579413 12.3518939072 17.2991044092 12.1487499709 12.2010361520 12.4606860336 13.0079211085 13.4944210440 14.0318257181 14.4244971889 14.6231526160 9999.0000000000 9999.0000000000 13.7729290291 13.5882942996
9999.0000000000 9999.0000000000 9999.0000000000 9999.0000000000 9999.0000000000 9999.0000000000 9999.0000000000 9999.0000000000 9999.0000000000 9999.0000000000 9999.0000000000 9999.0000000000 9999.0000000000 9999.0000000000 9999.0000000000 9999.0000000000 9999.0000000000 9999.0000000000 9999.0000000000 9999.0000000000 9999.0000000000 9999.0000000000 9999.0000000000 9999.0000000000 9999.0000000000 9999.0000000000 9999.0000000000 9999.0000000000 9999.0000000000 9999.0000000000 9999.0000000000 9999.0000000000 9999.0000000000 9999.0000000000 29.0401049133 27.4490321463 25.7479154679 18.7394997629 20.2956050634 14.7841366270 14.7155972809 14.4429250649 14.1920907190 13.4918137483 13.3644004381 13.2362056465 12.9773926456
9999.0000000000 9999.0000000000 9999.0000000000 9999.0000000000 9999.0000000000 9999.0000000000 9999.0000000000 9999.0000000000 9999.0000000000 9999.0000000000 9999.0000000000 9999.0000000000 9999.0000000000 9999.0000000000 9999.0000000000 9999.0000000000 9999.0000000000 9999.0000000000 9999.0000000000 9999.0000000000 9999.0000000000 9999.0000000000 9999.0000000000 9999.0000000000 9999.0000000000 9999.0000000000 9999.0000000000 9999.0000000000 9999.0000000000 9999.0000000000 9999.0000000000 9999.0000000000 9999.0000000000 9999.0000000000 9999.0000000000 9999.0000000000 9999.0000000000 9999.0000000000 9999.0000000000 9999.0000000000 9999.0000000000 9999.0000000000 14.0492870560 13.6929939617 13.3333521662 12.9512324638 12.5392726623
9999.0000000000 9999.0000000000 9999.0000000000 9999.0000000000 9999.0000000000 9999.0000000000 9999.0000000000 43.0486217374 9999.0000000000 9999.0000000000 9999.0000000000 9999.0000000000 9999.0000000000 9999.0000000000 9999.0000000000 9999.0000000000 9999.0000000000 9999.0000000000 9999.0000000000 9999.0000000000 9999.0000000000 9999.0000000000 9999.0000000000 9999.0000000000 9999.0000000000 9999.0000000000 9999.0000000000 9999.0000000000 9999.0000000000 9999.0000000000 9999.0000000000 9999.0000000000 9999.0000000000 9999.0000000000 9999.0000000000 9999.0000000000 9999.0000000000 9999.0000000000 9999.0000000000 9999.0000000000 9999.0000000000 39.8412990617 19.2816982308 13.9966366551 9999.0000000000 9999.0000000000 9999.0000000000
9999.0000000000 9999.0000000000 9999.0000000000 9999.0000000000 9999.0000000000 9999.0000000000 9999.0000000000 43.4746623505 9999.0000000000 9999.0000000000 9999.0000000000 9999.0000000000 9999.0000000000 9999.0000000000 9999.0000000000 9999.0000000000 9999.0000000000 9999.0000000000 9999.0000000000 9999.0000000000 9999.0000000000 16.0546793923 17.2043789498 9999.0000000000 9999.0000000000 9999.0000000000 9999.0000000000 9999.0000000000 9999.0000000000 9999.0000000000 9999.0000000000 9999.0000000000 9999.0000000000 9999.0000000000 25.3665006312 26.6699764179 9999.0000000000 9999.0000000000 9999.0000000000 9999.0000000000 9999.0000000000 9999.0000000000 9999.0000000000 9999.0000000000 9999.0000000000 13.9973261976 18.5421491624
9999.0000000000 9999.0000000000 9999.0000000000 9999.0000000000 9999.0000000000 9999.0000000000 9999.0000000000 9999.0000000000 9999.0000000000 9999.0000000000 9999.0000000000 9999.0000000000 9999.0000000000 9999.0000000000 9999.0000000000 9999.0000000000 9999.0000000000 9999.0000000000 9999.0000000000 9999.0000000000 9999.0000000000 9999.0000000000 9999.0000000000 9999.0000000000 9999.0000000000 9999.0000000000 9999.0000000000 9999.0000000000 9999.0000000000 9999.0000000000 9999.0000000000 9999.0000000000 19.6963796625 19.6839561104 20.6886065716 20.6626797735 9999.0000000000 20.6050175184 9999.0000000000 9999.0000000000 9999.0000000000 9999.0000000000 9999.0000000000 9999.0000000000 19.3091644178 19.2071427737 19.2472411436
9999.0000000000 9999.0000000000 9999.0000000000 9999.0000000000 9999.0000000000 9999.0000000000 9999.0000000000 9999.0000000000 9999.0000000000 9999.0000000000 9999.0000000000 9999.0000000000 9999.0000000000 9999.0000000000 9999.0000000000 9999.0000000000 9999.0000000000 9999.0000000000 9999.0000000000 9999.0000000000 9999.0000000000 9999.0000000000 9999.0000000000 9999.0000000000 9999.0000000000 9999.0000000000 9999.0000000000 9999.0000000000 9999.0000000000 15.8313678112 15.5542506982 15.3397263639 15.1014770527 15.0152995629 14.9909015454 15.1427258388 15.4174996860 15.5376804614 15.7766311022 15.8600975701 15.9607354144 15.7910384150 15.6637877662 19.8202356405 19.7806759388 19.7370355600 19.6733866615
9999.0000000000 9999.0000000000 9999.0000000000 9999.0000000000 9999.0000000000 9999.0000000000 9999.0000000000 9999.0000000000 9999.0000000000 9999.0000000000 9999.0000000000 9999.0000000000 9999.0000000000 9999.0000000000 9999.0000000000 9999.0000000000 9999.0000000000 9999.0000000000 9999.0000000000 9999.0000000000 9999.0000000000 9999.0000000000 9999.0000000000 18.7737694359 18.3806571295 17.9907473648 17.5659585366 17.1979514707 16.8339013180 16.4201451698 16.0901855270 15.8459920058 15.6862833537 15.6127604423 15.6405660964 15.6975694554 15.8050638274 15.8813484450 15.9671935398 16.0370483209 16.1005251284 16.1246520438 16.1082515406 16.0169125011 15.9082241007 15.7927699329 15.5997121765
9999.0000000000 9999.0000000000 9999.0000000000 9999.0000000000 9999.0000000000 9999.0000000000 22.5312833791 22.8537747462 9999.0000000000 9999.0000000000 9999.0000000000 9999.0000000000 9999.0000000000 9999.0000000000 9999.0000000000 9999.0000000000 9999.0000000000 20.1101475977 19.8917571106 19.6865787293 19.5006097056 19.3374875234 19.1339204321 18.9161263697 18.6604345799 18.3898922842 18.0914523953 17.7925433818 17.5104132359 17.2750635393 17.0767593663 16.9036511943 16.7622195440 16.6770651704 16.6490426345 16.6386228811 16.6387030331 16.6543055529 16.6771606455 16.6642231779 16.6106911056 16.5011245699 16.3677140081 16.2508300709 16.1271980469 15.9571356489 15.7359009463
9999.0000000000 43.5726787546 43.5214616591 9999.0000000000 9999.0000000000 9999.0000000000 9999.0000000000 9999.0000000000 9999.0000000000 9999.0000000000 9999.0000000000 9999.0000000000 9999.0000000000 23.6802167783 20.8797501109 20.7473532355 20.5152473354 20.2945890196 20.1116539829 19.8040755931 19.5705469960 19.4130613818 19.2834450718 19.1271534859 18.9691940323 18.7911482644 18.6110916256 18.4160371427 18.2358850288 18.0331901793 17.8210279701 17.7709907584 17.7339122311 17.6525921852 17.5290945335 17.3869415157 17.2387334896 17.1016654058 16.9972250587 16.8832254130 16.8016719836 16.7158363183 16.5938709833 16.4638503775 16.1337304307 20.0768868963 19.7153132031
9999.0000000000 9999.0000000000 9999.0000000000 9999.0000000000 9999.0000000000 9999.0000000000 9999.0000000000 25.6390219729 25.9451552702 9999.0000000000 9999.0000000000 9999.0000000000 25.7006305328 25.5700677226 21.0007536225 20.9542301309 20.7325251249 20.5764292041 20.3946492984 20.1830622973 19.9270357552 19.6494235861 19.4101346569 19.2270463886 19.0808657353 18.9412822947 18.8091235177 18.6941549764 18.6111387738 18.5394900036 18.5124010022 18.4725666622 18.3892958594 18.2107856817 23.5523862066 23.2545274193 17.8433443944 17.9578638490 18.1121386704 18.3719594643 18.7032699032 19.1180267720 24.3011775019 25.2111119335 25.6928793679 23.9181478391 24.1778000782
9999.0000000000 9999.0000000000 9999.0000000000 26.7146705592 26.6242638754 26.3984758349 26.0990965180 25.8989806753 25.5127355049 25.0694009301 24.6075677569 24.1684411594 23.6915370624 23.2140624721 22.7805182221 22.3520235450 21.8072755379 21.2178852526 20.7696896978 20.3242145944 19.9688420689 19.7031065327 19.4073187304 19.2257533490 19.3386591563 19.4458894985 19.6755943762 20.0757954153 26.4453293639 26.2370097334 26.7804258037 26.2698508159 26.4907378005 27.0139791537 28.0424818920 29.9650348315 31.9126022514 32.7318565396 32.6901680965 33.0754985916 33.3282059000 33.6265125952 33.4816096583 33.0184445484 32.1713916783 31.7793024878 30.3440639691
9999.0000000000 24.5873011008 9999.0000000000 26.1233236233 25.6853215105 25.4112348484 25.1105660282 24.7599649010 24.4054103969 24.0472773439 23.7004527880 23.3845527400 23.0445340276 22.6792957401 22.2837105102 21.8776701658 21.4924221800 21.0880013765 20.6164014526 20.0479119667 26.1270860501 26.2799358170 27.7970495517 29.7989623505 32.0584057190 34.1345934430 35.9650117171 37.6088338962 38.9097330335 39.9248834001 41.1526226671 42.3852276290 42.9923975025 44.1121013719 44.4279047661 43.3066921541 42.0640446246 40.8164418186 39.8935675621 39.0731557854 38.4436848108 38.0568337860 37.9084843153 37.2552082117 36.3292952534 35.2205887029 34.3012152007
24.0271662769 23.9822057483 9999.0000000000 9999.0000000000 23.0375490210 22.9631137918 22.6669264084 22.3232301360 22.0046662143 21.7388776364 21.4740485244 21.1576510628 20.9757297125 26.5134655929 20.2816845558 19.9118611054 19.4857674505 24.8803531285 24.5754881180 24.6404772042 25.9862920793 30.2916917426 35.4905994027 39.5292863832 42.1909063007 44.2012916319 46.0932689602 46.9827717170 47.5802432047 48.1956168660 48.5499309143 48.5573850456 48.2340002200 46.8906346941 46.0647160071 45.1345196343 44.0812570159 43.0898151244 42.1978040831 41.3549026125 40.6629036879 40.3227765346 39.7552394425 38.5854877532 38.0615226750 37.4813592935 36.7512740486
22.0476017275 21.8228556623 21.5226724686 21.1947449134 21.3265901548 21.2234982464 20.7297645975 20.1351974392 19.4135741185 19.1878874466 19.0328818280 18.8603948336 18.6607563664 18.4094988654 18.0728276755 17.7112091915 22.3982853640 22.3715169705 23.6491083924 25.8125698019 29.5892023423 34.4598029042 39.1371783335 42.5424621790 44.4647840923 46.0641360842 47.4268370890 48.2982867979 49.1646445007 49.5923541603 49.5221504825 49.1092029260 47.9346138309 47.1875363728 46.4763339842 45.6714433967 44.9098678655 44.1274481127 43.3078331407 42.5215896685 41.7668411974 41.1759704584 40.6300791074 40.1105341734 39.6175761125 39.0592659242 38.6280107195
22.1655759669 21.8376413395 21.3715365389 20.8566969959 20.2813050128 19.5753148582 18.7954564317 18.1428557262 17.7414712671 17.6373232389 17.3036271008 17.0494935592 16.9134745229 16.8464722083 21.6544281284 21.8329618801 22.1211694297 23.0186331610 25.1685041003 28.6048774724 33.6612254614 37.5742082542 40.8158100327 43.0621532723 44.5992743480 45.8571130293 47.0384726068 48.1488364167 47.7914813091 48.3898486127 48.5007789102 48.5155315837 48.0498629040 47.4367712159 46.7632449581 46.0254321224 45.2053975314 44.3930905312 43.5515327845 42.7985287970 42.0010310481 41.2347029778 40.6651809462 40.0547719910 39.5010186767 38.9613084553 38.5826847923
22.3517123668 22.0080915315 21.5054845903 20.9417217120 25.5705887103 24.5497451979 23.6157628242 22.9227242817 22.3003821156 22.3407504091 22.1521976637 22.7863433829 23.7458942283 24.8929299123 26.0390462063 26.8229393405 28.0372979469 30.0210987625 32.9223423614 36.3690883387 39.5442370791 41.9906820171 43.5132955899 44.8766896734 46.0379075375 47.1499686828 47.7400473319 47.3323096521 48.0259540491 48.7134597497 49.0899287397 48.9824544056 48.5526136472 47.7277887985 47.1167999203 46.3864317862 45.5491220928 44.7261784575 43.8501883764 42.8793785395 41.9998334837 41.1638675141 40.5058624456 39.7202413296 38.9954767597 38.3339473628 37.8183746652
22.0702281513 28.4954629897 21.5558176569 21.0579844716 20.3313693346 25.3383908712 24.7150562354 24.9409739336 26.6431608761 28.5004866309 29.5645178994 31.7466947890 33.2765739004 34.8262434709 36.1896540562 37.8223539738 39.3860807817 40.9277823055 42.5098026171 44.1990190884 45.1318321866 46.0489213583 46.7183928704 47.0614479273 47.2833886743 47.2176122130 47.3772701807 48.2856557937 48.5243152943 48.8007735112 49.1417964804 49.2787714466 49.0149065154 48.5298033454 48.0290375417 47.3439175403 46.4967161533 45.1612338074 44.1628894187 43.0615686346 42.1172325150 41.1481671617 40.2231005137 39.2548743985 38.3559349284 37.4981794157 36.7526107002
28.7710796110 28.5883567412 28.5205529071 21.6336004087 21.4706986444 21.9598447729 23.3339886472 25.8523628872 37.1547000250 40.5601866078 41.7574492749 42.3105543014 43.1397780776 43.4896271909 44.0159284626 44.8285890743 45.4116002074 45.6946686027 46.2638653116 46.8555988627 47.1573285176 47.3142943229 47.5615300820 48.3386550914 48.3738559415 48.3914893703 47.5613320596 47.5993618020 47.5603230880 47.6136665675 49.4882650673 47.9304553592 47.9510685545 47.8250885499 47.6496877964 47.0070530428 46.1492008762 45.2368170954 44.1412436776 42.7559162490 41.5481772507 40.6159157865 39.5755717764 38.5278679314 37.4633746105 36.2831465900 35.4589087365
27.0715966180 27.3271328188 27.5182763580 27.8691580170 29.4059749867 33.6054915679 29.4462702004 32.7025515726 46.3396843406 35.9820628655 48.1185531244 47.5269280141 47.4401423126 47.3209375050 47.0984639833 46.9599425560 47.0810945844 47.3063734244 47.4929294433 47.6382496418 47.8132826393 48.0137190898 48.0599903385 48.0325972312 47.2464763443 47.2989664413 47.3503768444 47.6184002473 47.7844750858 47.6229029009 47.9705266189 48.4175246092 48.7474347465 48.1264787377 47.5842602318 46.8028023024 45.9639791516 44.1017146222 42.9345230805 42.4136108486 41.2545995205 39.9499002378 38.8089702465 37.6882031851 36.5572167502 35.5436717800 34.7232246422
26.5232747770 27.3496955924 28.1035906810 29.2366940703 32.3081591923 37.0902224968 43.0255426909 36.5322706348 37.7623885288 50.1261567115 50.2479358111 50.0378999859 49.6553300181 49.2810722790 48.8647064776 48.6777025508 48.5551737947 48.4983083443 48.5446597449 48.1380017591 48.0649078963 48.0705279624 48.0418288498 48.0332337320 48.2648917241 48.7364350702 49.4666900486 50.3480408806 49.1400614264 49.5904918062 49.9476017430 50.1976569649 50.1807401888 49.4652001653 48.2399691828 47.1610909444 45.7110997522 44.2967243143 42.9801955470 41.6005919105 40.3446815908 39.1918561072 38.1340554741 37.4556163733 36.2973099109 35.4571053176 34.7218054812
