model_inputs/inputs/pr7.asc
ncols 720
nrows 360
xllcorner -180
yllcorner -90
cellsize 0.500000
NODATA_value 9999.000000
[rows 147 to 167 of 360, columns 376 to 422 of 720]
64.6570544341 59.4290634035 49.2200860754 37.7800266724 34.2100305716 30.9459485288 37.6120989094 37.4820995203 31.4208441123 28.5081222828 31.1859611829 33.4433983953 34.9382982531 43.0357785663 82.7351238113 99.7084777337 50.6625382695 21.8662037223 15.7832507102 11.3523755281 10.0061492849 14.0717661416 21.7371850158 35.7069082966 50.7535720244 40.6678306754 34.5839370566 39.3107143755 47.8579838527 53.4878803301 58.9895195444 65.2637245366 64.4201441319 61.0351623036 57.7742415480 57.8335964237 60.4660740355 62.5883326284 61.1058233189 62.0435869787 64.7202330292 69.2548389779 70.5132481526 66.7595673585 66.0316650756 55.8261389961 22.8942585527
75.0013235374 80.8574936818 81.6578721860 53.9505786728 32.1706915274 26.7037038866 34.9682185042 40.0373931625 36.0125206062 33.9097955148 34.1668050969 39.0514841129 39.8506579804 59.4100485323 105.3015750367 117.8165758029 89.4866996678 35.1713565469 21.5084879310 16.7422015948 14.7103355412 20.9056910535 29.1124043288 49.4454073487 61.1105287098 58.6222963175 62.7505318844 71.3955749525 71.3048759499 70.9342109039 71.6031685006 70.0097241788 62.8747438313 59.8656274960 57.6822082512 58.1338126212 60.7684260467 62.8699205699 60.8845803654 60.7343001757 62.9194686189 67.7342763520 72.7523352834 70.0495785568 66.8253343902 62.1035359218 33.7059172452
80.8237921447 83.9865503367 81.0792976990 59.0904638520 33.5081918165 29.2438205215 35.9202044201 43.3215674129 43.1751250871 43.1103340234 40.0901048561 48.1106935185 55.6692250539 90.3048719047 118.8250476262 122.1515703946 125.1077722991 78.2549080322 36.1891684297 21.3189474307 20.2225724934 28.5484528576 44.7600214393 62.4021962285 63.5300048743 66.6561147664 72.6767189917 82.1705146227 78.2457235618 77.8137045563 77.4359201314 70.4162265756 61.0479771858 58.8326998986 57.1178630926 58.0670884810 60.9921489959 63.2867625682 60.9964206233 60.0880114362 61.5661736811 64.8234215914 71.0762118688 75.8158229291 72.8773864685 62.3218132532 48.8424383802
86.1907572253 88.7874069158 84.4820402563 82.9783519730 63.2456587628 46.7120655812 53.3790764166 71.2005322566 72.7285442990 67.0960593852 67.3364539398 69.0613097395 80.4476626217 107.8791202744 122.7029309375 128.6676032469 131.7835149821 109.7906499635 93.1394125801 64.4804749754 65.9946065862 67.4326315639 72.2973409574 71.5502540697 71.3495865930 80.1618219120 92.4408647697 98.3365781140 91.6137249442 88.0628521554 89.0571040800 73.4444709378 59.4819306862 58.0596343498 56.7435582052 57.8130303766 61.1338340677 62.9824963398 60.6813338818 59.4892528025 60.6942807790 61.6580655333 68.0336297373 77.6749049546 80.8472153731 74.9482770916 62.4496037490
97.0009354642 102.1862479392 91.0527933156 91.6143378709 95.3422898892 99.4218637934 110.9140125336 115.7721258933 90.5496936757 81.7532341462 73.5159429023 78.6707316292 97.7520535234 111.6174637573 126.7974225339 131.8546239054 136.4002861083 140.2118413243 128.2263243338 138.0836090539 125.3590628039 100.9358492447 77.2476290585 76.5925990418 107.5783241540 112.5419174787 110.9149272088 110.5563651072 109.2595442897 101.0580856819 94.9498376576 81.2282294501 65.3566489345 58.4481402766 55.4799532983 57.2674124851 61.7779587046 63.3748448454 60.5625534081 58.7812423473 59.8561931401 62.9432077403 72.1604697173 83.6326559074 86.8928222917 86.0183833865 72.3246680573
116.7897256091 116.6384835960 121.1633251514 118.6520137126 108.8705433067 111.6913638543 124.8271367513 125.6165391533 117.7239012904 143.4163633967 133.8961411966 146.9345719088 109.2818831094 117.9134559352 127.1178040188 136.3624732476 143.6142349849 157.1700512432 154.2692107614 157.9220651183 139.8042073706 121.0681706434 95.0977604371 100.6461329525 139.1302143456 144.7454430163 128.4839798464 135.2135846391 138.0225615576 115.5681061791 107.4077513767 153.7269781111 135.2005151566 74.4103585021 53.3894631662 56.3367116265 62.7182966564 64.3071581726 60.4128578561 59.3245028285 63.1286086282 69.5867623435 82.1808023611 98.0996961007 95.8024658030 91.7207985185 86.8315579137
129.2432168266 134.8855274264 129.6206476400 142.0743934577 133.6070661200 128.7573262816 131.0918790987 139.4560461631 149.1308578989 237.2995766345 205.5783583783 172.9497634806 113.0170865217 116.7271127924 141.2886120379 149.5387087343 170.6626228988 192.5339775626 199.8364047613 182.0698294323 152.7867957484 139.9337517796 131.8393573165 133.7139039533 144.7853964055 148.0251947651 147.4781341385 154.6852182364 147.5325620268 137.0109590935 141.6902581695 193.7895908486 209.6319536213 135.5837451993 58.7393983151 56.4172643353 63.7456419063 65.6334890518 63.6607562774 72.7064789389 80.4176952224 73.2989527169 76.7915220349 112.3008487048 113.2862084778 108.4319141228 100.4374455661
148.8318911288 149.0442560753 139.6259965841 150.9664884070 146.4858530089 151.7818128923 158.4189317655 153.7167658098 157.9592273338 193.5996590182 206.6486037802 178.2681187615 153.7524381420 152.4293274852 153.0482419766 153.3301222371 206.1889276374 283.2747723442 278.2315928489 220.5049332697 192.2449590638 195.1373883057 187.7086227760 167.5823174883 155.7890897384 152.4324864149 171.4459809009 170.8688680083 153.1984090107 145.2687315177 143.2423299411 173.1826567557 169.3171828520 136.8278166046 88.2921338780 75.0981140882 77.1484810975 78.2717352267 74.8372336384 83.6057437118 84.5964783803 78.5021626507 79.6031439677 112.2257981915 124.5276042027 122.1538617974 104.1159108281
202.1251861006 192.4478095025 165.7570973039 155.7417435106 162.9300154746 210.2639281657 248.0794668663 235.9140606131 210.1931304205 241.4063739125 239.9566797540 206.6724796314 166.1611762829 161.8726132438 160.5606861413 177.3081435822 244.0009962302 330.7026042603 342.6491674036 291.3632921409 253.8071251474 222.3805643152 203.5280149430 179.4342636131 165.5308613554 163.8689436950 181.0374534689 181.4418719150 167.2533738893 150.4020112334 134.2340523843 138.0948397564 121.3434312958 110.6273797341 107.8234665329 105.9760584030 103.0709840124 100.3131440375 94.8773520067 84.3584836693 80.4239565041 85.3500387166 113.9458778780 133.1291436218 133.0770920031 130.3042306099 120.1298647793
220.0110463891 217.2232107259 210.9611746855 209.8449126352 205.7789457031 244.9947861023 270.4165703617 269.0685465932 247.2800030373 224.0592855960 218.1898620911 209.5054832753 190.0680887047 177.7696867939 181.1583037488 208.9710300788 276.9855223596 334.1070818715 325.7312220521 282.3591164779 234.9421852268 221.3737049606 204.9771999009 185.0441456772 174.7417913284 176.8685714342 181.6348400898 181.5837880131 172.5554158911 146.4487285120 130.6091569131 140.8014767803 133.2094087265 114.7353179986 114.0615512850 107.5519777369 105.9715887532 105.3328625858 107.6240201946 94.9324116809 75.6986360648 88.5766261490 123.3770842664 133.9921820909 134.2610400170 132.2577787796 133.1582812127
228.6264002323 225.7913409267 236.1624184996 258.7565928698 243.4134164359 267.0010600705 256.3800215721 250.1014459413 220.6413613167 202.8240733780 196.9808076974 200.8775502909 206.2214410398 190.2676387690 202.6795546990 224.5482313447 272.9501263238 316.2738955580 277.7671453077 250.2923584543 227.9107470531 219.0437160898 200.7155113388 185.7932929415 182.4341719039 177.1860108711 176.5037763398 176.4034826774 168.8464740291 154.2639301624 145.9280425915 149.6048293775 146.1231795838 137.5692598522 136.6769423475 116.5900718188 105.5144963320 106.2691693660 114.8778470233 112.6452663448 99.4167152094 106.7287795013 124.5039546629 129.2963434244 138.9436394675 141.6627141880 141.2226045504
237.9399058409 261.0502210446 262.3014589772 275.9815107565 267.4833862111 245.1641801745 259.9799756426 234.2577253003 208.3132183179 198.2403625734 209.8752195016 216.6113590356 213.6694053188 219.4177333731 219.1476118751 251.6767052002 293.9192152116 259.7167755011 248.2410909142 229.1191178374 218.6675488483 209.8992839456 196.3371026795 183.6072381120 186.2788817380 184.8577216733 182.7767130453 177.0264424849 172.3506606650 170.1802778989 166.8029387947 160.7383782975 149.6807474177 148.6138306791 149.0853693103 130.7648497168 109.5159739489 107.6878777239 120.1137589524 121.7728288611 118.6179538490 121.7575056944 127.1909591742 134.4547814224 149.3048442062 150.2718161792 148.2934680535
254.0227810387 271.3214952964 266.4621938020 271.9303672202 270.1407722197 258.5802963004 258.6087549571 218.9421399962 211.6329234559 210.0801633205 227.2457876243 223.3630574774 209.2318350915 231.4559337683 243.8737715129 230.0125386100 232.1008457802 259.5909463707 254.3568355031 225.1679662149 212.7458285540 211.7971689440 211.6790155414 195.3641711734 195.7365854178 199.0451447200 200.0347855501 188.6678058654 176.5631830785 174.1762768943 173.1005057227 169.1239695065 160.4687282816 155.8248846559 154.7680010553 143.2169359177 117.6158093149 112.3558329418 128.4158506896 129.2940614512 126.5447458718 127.7123051696 133.3381893346 144.7286488255 154.1302932892 152.7116415091 152.8362447862
261.2379463390 273.7007634714 260.7659362257 251.9264209550 249.5688032359 242.3283287790 209.9929014221 188.6631664820 199.1350280587 200.6880522240 206.4069786575 211.3697610330 215.6554008834 288.2039286196 291.6518202983 248.8142622169 238.8048302382 241.0082733259 254.0669117589 236.3290402573 223.1794435065 217.9253229406 213.6177308857 208.3035246469 202.7620640583 201.4646586031 200.5561692640 190.2517592534 177.5495046750 173.7113767304 172.9110265151 174.0043556783 172.4260789342 173.5686119646 175.1685768832 178.7965558469 185.4978434276 169.9184356257 162.1474307030 161.3023839891 162.4959502369 154.2810921092 149.7568540508 151.8386736279 153.6498719361 152.9643936083 157.0777916349
258.0281153787 265.3515518177 248.0233605020 231.5645820927 219.9598811567 212.1287151240 194.0303295851 187.3836773448 190.6627595890 203.1403058209 204.8208753113 203.6470924504 240.4006838333 353.9636428468 333.7973747402 252.5337652769 247.6166978013 243.4658075217 232.4259232264 227.2430530284 227.4739660788 226.6858178191 217.9564218968 210.1925835013 200.7532110438 198.4213551041 196.3683147915 189.7739593405 178.9768883027 176.1806036811 176.0089464951 177.9955078382 180.2963213995 188.4661435615 200.1993705053 217.6634429488 216.9755506329 201.6530628316 187.8800913692 184.9203344900 185.4472251143 176.9264694303 165.7682808582 156.4730216051 151.9662566716 151.8962604459 162.8056007903
222.0302154310 219.4067761302 202.8228852432 191.6225273162 185.3824811988 182.1951682214 184.3251166865 191.8091776315 205.6473456323 236.2924909685 257.2371193673 257.5630643405 261.4978838246 286.8103785440 284.2816882767 246.2696169969 232.5236143079 241.6201250162 232.9886653461 228.6797531415 231.2090846244 238.3493408561 229.3932375032 212.2500180267 198.5238364432 194.1393173765 191.5760769043 189.7069523111 187.4364456162 179.0866870433 180.6139305700 185.5067072902 195.7126152702 209.0128033888 221.6129915323 235.8208580408 230.0052777864 207.9266784713 194.4102309644 192.1566410456 192.3863093834 190.7036653720 183.4595510736 171.7942929827 155.7498530019 150.6724061910 159.8270412069
185.3092128877 182.1470204741 174.8538720421 169.3767593242 168.3406115044 179.0427637752 201.6432371456 215.5059787910 230.8551713359 256.2707508914 281.1484637205 282.3175129015 268.1659979280 268.3124213945 281.6799560096 265.2425263077 242.8080523387 245.7148523536 238.5847235564 224.6468653902 225.6674543023 221.1998035200 221.7898915987 210.3494927287 197.0627512783 190.8747756388 189.6790405735 194.5395490620 199.0527638700 208.5141451098 207.1542399935 206.8925863132 217.4230436794 227.8693509288 237.1612815186 241.0809381399 232.8003176954 217.9833152331 202.8134178836 197.1127472352 197.7564522531 197.2729191184 196.2913877796 188.7905043550 166.1473901477 151.0549195809 156.2835423974
188.0091831554 186.3079816103 181.9112983067 171.1202999577 171.3282989804 199.3467989378 248.9661925938 264.5142562687 265.6093582045 260.7329324819 256.4838230610 259.9224171136 265.4031508137 263.4626249783 260.5182384141 274.2354429793 278.8447081111 262.0752607472 240.9573344048 218.4960048180 216.6832317598 217.1785896644 219.0269313287 209.9564275704 192.3550595529 188.3982501458 192.5741855521 196.7168154661 206.4985404722 223.8667323254 236.7020014208 239.9615077302 241.3861944806 243.3300961275 244.1385369748 241.3966425229 233.8913083076 218.7121699098 205.9374956880 201.3546524104 202.3575324565 200.2151368652 193.3312725741 179.5160374604 161.1293123569 146.8988618581 140.6086123316
206.7556302063 201.9784043077 201.4635081869 201.8744708039 234.0290942229 261.3615877926 270.2581712510 272.4724207073 271.8207382131 261.0607445240 247.9201436508 245.0815388002 250.4910975695 254.6449864749 255.5798410904 263.0064755213 270.0318787247 264.2654646188 242.0672597364 218.2504946832 214.2387859058 214.1886013560 213.0100470968 206.7009382881 192.3851212487 188.9081296977 193.9235294703 197.6092178375 206.8865702022 229.7785892151 257.9008529428 269.3327085581 269.6183323860 264.9054354988 256.6387897823 246.0734993219 238.0001235288 219.8230947834 204.1292488575 201.3061651960 201.3281362597 197.8330209386 179.4721141923 159.2019125819 147.3110220395 133.4676865954 117.8669395158
248.9069178700 226.7340598628 232.8667212278 316.7329304852 326.5240285546 281.6699605901 269.4433559664 270.1995943207 273.4379782341 268.9561075531 251.7747734673 241.3260145113 244.7642125189 252.0929484162 261.5350931883 267.6493290346 263.8133699074 245.3033050988 232.9387259670 225.0891721342 214.2491962295 211.7786868475 207.6289658435 201.2481729034 185.7252109330 184.9825324025 188.7736818753 193.2570801582 201.3930876274 239.2496264074 267.7298393101 273.2829360757 265.8083990682 244.7834489867 216.8153598905 206.6515269689 195.3544209246 190.6852587126 195.9769092500 193.9213795122 195.0379055925 189.5540789701 168.5567388777 150.0271735713 141.2946941564 126.4355883468 113.0155023420
275.0818287022 271.4098133147 324.7353765182 375.9714066982 342.2071058303 279.8018543981 268.4194101021 254.3234734330 250.2922075801 254.8659229651 224.5269580744 204.4992868323 224.5268449187 242.8980488330 274.4981150609 297.4613278639 273.7271287479 241.8783651665 229.0620119311 224.7035941109 213.4250644594 206.2608946580 198.4709550161 187.4255449511 174.2463768460 177.3667959496 186.2590040546 191.3412788417 204.1628938168 242.1000937466 266.2694330793 269.5364265237 250.8535918314 210.4890891351 182.0379006676 178.0568948016 176.6388653778 176.6401478089 178.8470798638 177.4931719992 185.1152451709 181.2959199306 166.8895594776 156.7808899563 140.7726409379 120.7457240671 113.1871783873
