model_inputs/inputs/pr7.asc
ncols 720
nrows 360
xllcorner -180
yllcorner -90
cellsize 0.500000
NODATA_value 9999.000000
[rows 84 to 104 of 360, columns 564 to 610 of 720]
71.1316817324 68.6620728811 65.9209328005 66.4680971531 67.2087860294 60.7073502615 50.3764759633 50.3446933581 62.3735536938 66.8071964756 74.5761457365 78.4493189421 76.8984683091 79.1522185318 75.8391377167 73.2770146569 72.8256035945 71.9128331984 71.4001247543 72.0072757686 72.3982711206 71.8293950194 69.1213058308 66.8443256873 66.4145085029 67.1678661020 67.5795312272 66.1324490793 70.4423513962 75.0450723572 76.2951975921 83.5744938813 93.1883618468 99.0811048541 103.6576114129 108.6627423065 112.4623407377 118.4384323424 125.5091355415 134.3498200877 139.1678291839 139.4892762182 140.4847068479 141.5156212170 142.6109777531 146.6289855307 152.9214038746
72.2623994225 74.9722943874 73.9729504567 70.8519797190 71.5263923630 68.0885055335 50.9995819302 38.5133156378 45.2854598989 61.2498186529 69.0184708801 69.9447209481 73.6151238671 73.9702205756 70.4452934442 66.7132489616 65.0581489317 64.3998279702 66.0121645778 68.9957077266 68.1148425210 64.8372784490 62.1078358381 61.5130235092 63.8846725342 65.7659660792 67.3390329466 69.7752514388 75.3489849740 81.1068039620 79.7681438271 80.6797826663 89.0978118405 99.4634107919 107.3225168511 113.2953552296 114.8402133258 116.6076675290 120.3502637800 131.3943725545 136.5576385288 135.2562820539 136.2825381802 138.3968240116 139.6594529506 138.3409911068 137.8949502250
75.9524395689 78.3490064205 78.5827813670 74.5424347697 64.3492379459 57.6356352540 44.3152299849 36.4845118602 36.6225641628 47.7776904590 63.8060151832 62.2800352285 58.4399789223 54.8433912336 52.0998984575 57.3609403800 61.8386337301 61.6946289665 61.6868730867 60.8005292597 57.2038284154 57.4291544035 57.9909959924 58.7188747013 62.6610917388 67.2588904272 69.4995711674 70.7194319693 74.2852318799 79.0454184171 78.1974579440 75.4108434194 83.9866823517 98.6335552298 109.7156654578 115.2149755508 116.9666445348 121.6777309310 130.5022719316 140.6176553573 138.5331389029 131.8830165546 127.9572023777 129.3449155055 131.2033940339 129.5256911544 127.2697343957
77.4840867380 77.3135281052 76.3663819525 62.8178312327 40.1999271708 38.4569193120 38.4919079952 39.0754636901 40.1067340281 42.6254241611 51.5546671813 55.1048657508 53.2897871453 49.9293931061 48.8252292853 53.4399306052 58.6254976806 59.6481516841 57.5958987465 53.4610388568 50.6500109914 52.1000964800 54.5179130277 59.1716011986 67.5442879437 73.9892165875 76.0082206107 76.3508607633 77.6316841948 78.8741101278 78.1068249489 76.6863391036 79.8228263156 96.9942592783 112.8616294591 117.3407183960 122.0099560451 130.7867924916 139.3545926549 144.0024721669 141.6037223535 133.5097145056 126.3299575076 124.1234686458 125.0728543382 127.6692682877 130.7629543589
78.0381205841 78.0748867546 64.0756133362 43.8046573545 34.4410497055 35.1393452729 37.8370382823 40.5132034211 42.2934300732 43.4396218043 45.8241234301 50.9321647114 51.8691975740 49.3401914136 46.2033034419 45.6863139407 49.4525927352 52.7500297758 53.0892186798 50.1265150378 47.4525988684 48.3102435828 51.5521871857 59.5960953506 71.1735351942 75.9626094368 76.9410431385 78.0190774240 79.6861153794 80.9299227549 81.2650333392 82.2479508352 83.2835328765 88.9115009923 108.7013001088 119.9986324646 125.9670294821 132.3432018980 137.6367289340 140.6657182379 139.3545266474 134.3675006647 130.5686566047 127.0209898939 126.6358739231 127.9365514638 129.9145601224
45.5522668781 47.2239960800 40.4395107762 33.5915003379 32.9246644105 32.8462380858 33.7055023410 36.8447642250 39.4902382395 40.7310092705 38.1711540394 35.4195894906 35.6411648390 36.4335116465 34.2945225129 31.9585929683 33.7696781207 36.6452047310 41.1245553405 46.2642755010 47.1183463815 50.2758569783 56.0688438127 63.2987947902 69.5030931383 71.7939867172 74.7045491589 77.7813231689 79.2841392104 82.6959247934 85.9324039193 88.6431805557 91.4736947743 97.9711135151 112.6369022531 120.0712312711 121.1476059398 123.3035330661 126.3720042771 130.4690701654 130.6831795955 125.7023677463 124.3491293862 124.5464163367 125.3936790163 126.3387270737 127.9132602504
27.0398092980 26.1166026467 26.4834911213 27.9276830843 28.5377950058 27.2906188911 27.5202188641 29.5747278433 32.0263661561 31.8819252716 28.1190270034 25.4477228445 24.8881938751 25.6240924937 27.6360855787 28.9161239925 29.2640824628 29.6664169582 31.6462361079 37.5285027840 40.8315669629 51.4251133427 64.0195211163 66.9330114615 67.4638012424 66.9274715474 67.3795049661 72.3611796275 77.6511139702 87.1500346111 93.6375710880 95.7186740125 99.7153425124 108.1505430629 116.7696121847 119.5623229723 119.2710790783 119.0079732332 119.5289137540 121.0790713085 121.9070032239 118.0464044446 117.7952553844 121.7142707901 125.5589806242 129.7876748722 135.0029547466
25.6863116228 24.7680626053 23.9216839545 25.6683528714 27.1461897937 27.6397819980 27.7803968056 27.6833752287 27.1578212560 25.7847900793 24.7537979158 24.6294869576 24.9837444280 25.7938661089 27.2158371226 28.3354443382 28.7210294337 30.2435345657 31.9253652706 32.6439439959 33.2550931780 40.4638062464 57.5304617523 66.7479170370 67.2391683329 66.5720212273 66.9532899046 68.8262240728 73.1552732759 81.6871700808 94.4052381674 101.6718515893 106.1396343866 113.8499595691 119.2570006242 120.1580028282 119.5486217039 118.2581658941 115.4338940978 112.1340760728 110.3863581084 113.1253293715 119.9553598417 124.2219235282 131.0317085590 147.2628648626 160.4395529721
25.2259777626 23.4856691386 24.8412154033 26.8693190301 29.3587183405 30.0491095113 30.2212806127 28.7568573549 26.9507604826 25.0959807308 24.6114103356 24.9978205247 25.6010959565 26.5641734877 27.4761871551 27.9500996985 27.5928553892 30.0724596600 32.6230620558 32.7238625614 32.6111689210 33.1937792944 41.4988790872 63.1422768929 66.8742223643 66.7347721173 67.0038987882 66.4530285867 68.9373806817 75.9610441164 96.9358237926 109.1512260027 111.4865426207 115.6186207663 119.3733529653 120.5120764207 119.5944591891 115.4496981762 107.6028789394 104.1891885689 104.4448449975 105.9342756635 120.0622825418 137.8944315948 148.0775952805 160.9400028829 167.7558417432
25.5031479173 24.2709012819 26.8293892150 28.7227385561 30.4832714028 32.0287825016 32.5806357432 28.7671969563 25.4937324207 24.9722355511 24.8314462951 24.7768816771 25.2340589650 27.6831842784 30.2693906415 31.7582626012 33.1707167497 34.8338013282 33.3929474582 32.7393295302 36.1437505635 39.9925976526 44.3161682342 56.6785266856 65.9779915586 66.9235912501 67.8379741148 71.0802194662 72.9410648346 83.4400083404 105.7029099902 112.5142320525 112.6922448166 114.1473704483 116.4759354433 117.3408032628 114.2885321751 108.2544765668 104.4977264246 107.4184917379 111.9767519413 115.6299457652 135.9847312560 159.6443702001 164.9040542543 167.9514502175 170.8132519852
20.1027641888 22.1751470526 26.4148315473 29.5669743209 31.4715520071 33.2895844476 33.1522016495 29.4154517760 26.9721799123 26.2383770314 26.2384901871 27.9840935546 31.5695778409 37.3853702622 38.3835378452 39.5100263413 41.1252908525 42.6480411552 40.3302589548 43.5219991487 47.9406205122 50.8125355700 53.0894449912 61.6085882066 75.4199053044 83.2348664990 89.5566110266 92.9088107077 94.1384830512 98.8769719843 109.4879962038 116.2805532804 114.7963937838 112.3346351087 110.7204691507 109.8412588472 108.4881336428 107.0879545296 110.5831264285 121.7417487642 133.1963109551 138.1151229143 148.3441900928 164.9447714444 174.0107489750 179.5026285108 186.1746842042
10.9114077932 9.4450868201 12.5444200676 21.0327106761 29.2118021753 32.3225134634 33.4841368021 33.0365140981 31.7786565574 30.3130121611 32.5578820193 43.2758525130 49.4328470668 50.5085145123 48.2839443139 48.3644310152 50.1139783300 52.4647312704 54.4043471455 54.3401218602 52.1977781318 52.4485688657 59.1367728193 73.7291800906 84.9963611690 89.1925703036 95.4747763462 100.3123047994 101.2658206746 104.7475364758 113.7171430746 121.1356774438 118.4309452074 114.3780760467 112.7448905027 114.1162337735 114.0639086952 109.8042003578 110.4793249397 119.0423819935 135.0381744560 147.7381282020 158.3441735711 172.7137207054 186.8372862227 193.1438301690 194.5165407378
9.2861920639 9.7929185795 12.6550674759 18.0261250207 24.8826280294 29.4929092051 31.9274067879 34.3049399089 35.0366187631 33.8482812513 36.8427132780 47.6873922162 52.2507585702 52.7992336429 54.8285395489 58.9044500375 62.3049341957 64.8305315408 71.0537174600 74.6815408347 66.9763359474 67.6790469442 75.9268475231 85.5300317053 88.2358766394 88.6987022823 90.8183535794 100.2847796772 110.1114935009 113.9203424100 119.9947474524 124.2372372653 122.8086843621 115.0848747930 113.8232076773 128.7254069466 132.1427465882 128.9511525538 117.0656746253 106.0766821029 116.1386937601 150.7435905514 172.0945327543 183.6959521752 203.5953802988 206.2084092759 199.2755485699
9.4783522363 11.2365276727 15.6249011052 21.0790125711 26.0112287651 28.7932982028 30.4669274774 33.1373641093 33.8372532860 32.1604391502 32.1581123862 38.7352587422 46.7938488582 54.3753132806 61.4763704943 67.6609797520 68.6127087101 76.2343999813 90.5278357677 101.1146069504 99.2830783362 96.1273829453 95.6377488328 93.7467380427 93.6411543516 91.5269533871 86.9101351127 97.0506391022 117.5673598191 123.9367711823 127.2836336866 129.9743157579 133.1773668062 144.1940164659 158.1432090607 147.5286581554 146.3924901327 153.1345797703 144.2423245171 114.5807661815 123.3206667239 160.1546646561 196.0520446301 208.8979315013 229.0040573571 245.9739788901 244.1009881441
11.0199700721 12.8130021767 18.3334865287 23.9367572358 27.1258995635 27.9136187746 28.0418218172 29.2189215543 30.4621607938 30.0576268346 30.4827928485 33.6767277913 40.1004114537 59.7617222811 70.0274377596 72.6213764283 75.3955391119 87.5367724802 101.0767658008 105.7595161255 104.1703858646 101.7078916775 99.9372502556 98.5284147318 99.4794977596 96.5380155249 93.3819146594 99.3477090960 118.8352976460 129.8064115690 130.3178941598 134.6476553008 149.9450036790 174.1190578323 190.3125804383 174.5543112047 164.9090331048 170.9463607986 158.6139178835 147.1108119003 165.8671223558 179.6822631732 220.5585879274 241.1076428834 254.2083186563 278.6887418479 280.3117905278
18.3808162546 18.2834446023 22.9898821854 26.8017462222 27.3608013522 26.4227665903 25.0049446186 23.5483691795 25.1015206450 28.6487960257 32.8173928137 35.4868063296 39.8764480487 68.1834808784 79.7625709092 81.6291306401 83.6617274908 91.2189341616 101.2236041715 104.7131088562 104.0476968046 103.7498050136 102.4974732427 100.6190415937 102.4910045089 102.2723971400 104.1350058513 121.0909526562 144.0338917309 155.2621991141 154.0410794551 156.3151599839 171.5729227290 184.8234732170 188.4826642927 177.4355757516 166.9495508540 170.7598047797 9999.0000000000 9999.0000000000 178.8988485932 176.6927840654 218.6920470558 257.4786124751 270.2211127616 286.7418061942 320.6662978046
25.8962201478 24.8093149276 24.6363375918 25.6281024485 26.6830906912 26.5021075902 25.2102326194 23.9772999776 24.2122347699 28.7198955193 43.5658846982 47.6049488643 52.2034217720 69.5194771397 86.0976866679 91.1457507173 92.3448615940 95.8204292692 99.3220038945 99.7392277932 98.6162706977 102.1561579546 109.7064432688 109.7941577900 106.8464614218 105.6345073739 114.9190828437 144.8383909883 156.5823111450 155.7097958867 158.5824040230 166.9998674188 172.2391834483 173.8646649756 176.7209598329 177.7525248472 9999.0000000000 9999.0000000000 140.9381782869 156.2623068457 164.7653065156 172.5084562786 205.9094896540 252.9062926769 256.7407430615 300.2686451655 341.6608655825
26.2427146663 24.7222887701 22.9740592476 22.9715792520 28.0184858129 32.7195579302 32.0844951784 32.1106530027 32.5732546917 38.5787974228 51.2720514089 53.5504459986 55.7462746510 62.2174789896 79.1759623680 88.2875133539 91.7472015135 96.0189043544 96.1916270899 94.7597643826 94.5672959788 108.4840883268 139.6279485198 150.1908344217 132.6636305312 122.4391838768 136.6621755296 150.5487458780 152.4961553514 150.2495716559 149.1955640959 157.2323528817 167.0207446441 167.5570460502 168.0168353487 9999.0000000000 9999.0000000000 9999.0000000000 128.3498149132 136.7380464217 140.4460076010 162.8254596144 170.7338166889 9999.0000000000 9999.0000000000 9999.0000000000 273.3120548073
25.2958867641 23.4952779429 22.3615215509 22.2976310179 28.0143909913 37.3981662851 37.6715716557 37.3578097788 36.9341383630 39.2736440990 49.0490701050 54.0258649271 55.7991277892 62.0112244505 72.6393163204 78.3487612498 84.6041918267 92.6627819426 93.3524470311 92.9179574596 92.7560693817 99.2647093954 130.2084443159 155.0722484244 147.5712612737 139.6805470577 146.5601114323 151.5928617446 161.3741624169 169.3959014956 163.0079231691 155.0843466539 9999.0000000000 9999.0000000000 9999.0000000000 9999.0000000000 9999.0000000000 9999.0000000000 128.8736409042 126.5803710558 9999.0000000000 9999.0000000000 9999.0000000000 9999.0000000000 9999.0000000000 9999.0000000000 228.2637362368
28.1084233720 25.2627863665 27.0230481110 26.2361021305 26.8927917641 38.3055877173 38.5700750048 37.9224378266 38.1625471346 44.6943015559 53.6616686150 57.3977159802 58.8060800219 67.1936420258 73.8424442243 75.4162607482 81.0809384566 89.9904405233 92.9847098887 93.1597994640 92.6631308394 93.8792527886 106.2810695730 131.2281468417 130.7710732799 130.8415975654 142.6756462315 152.6814949466 162.9645468201 181.0064110905 181.8825379014 172.8072250262 162.6759055071 163.7198044918 9999.0000000000 9999.0000000000 9999.0000000000 170.7458300516 9999.0000000000 9999.0000000000 9999.0000000000 9999.0000000000 9999.0000000000 9999.0000000000 9999.0000000000 231.3839478884 248.4052421059
48.7507068319 41.4763846784 49.6941659949 51.9949182635 44.2013812135 40.6534646172 39.6424467908 39.2790472833 41.8566443841 53.9364577853 60.7367707416 61.4391941344 61.9100821204 72.6879544090 81.4039225224 82.1311081527 85.6060629012 91.3212174783 92.8076778073 93.0897183716 93.9357269090 97.5383684272 106.4813551493 126.5893197851 131.9465723354 134.2316289665 145.5124971690 156.0528367991 162.3001531698 160.9811349772 167.2481498681 165.5456658918 161.7757896893 160.8921757434 9999.0000000000 9999.0000000000 153.8896488491 157.2227912256 146.0009431466 180.1961031742 9999.0000000000 9999.0000000000 9999.0000000000 9999.0000000000 9999.0000000000 9999.0000000000 264.4811959472
