model_inputs/inputs/pr7.asc
ncols 720
nrows 360
xllcorner -180
yllcorner -90
cellsize 0.500000
NODATA_value 9999.000000
[rows 84 to 104 of 360, columns 423 to 469 of 720]
57.8005879652 54.0115743061 56.0060848366 56.2697988935 51.4599370072 45.3991483664 46.2200834882 50.9453803534 55.3344209329 59.5925309462 60.6016109814 59.0356917819 57.2125084000 59.7334710765 61.5996960551 60.3120502783 58.1255192519 56.8455633475 53.9298900403 50.4583299626 44.9637724087 41.9299409841 40.2141376399 38.4283050662 36.1570911482 33.5237200779 33.6228986853 32.6191393251 29.3270158872 27.6681369287 25.5985994590 22.3104270408 19.5908843743 17.9340940813 17.5850830274 17.5156749756 16.1291770928 13.2473243721 12.5358779915 13.1300302455 13.9093075704 12.9982227227 12.8104632458 12.4654385727 13.1169265806 14.4832073129 16.0502851795
51.0538400849 48.2194691431 49.4550444419 50.6027684896 47.9501255904 42.1947535942 41.5864710230 44.1597823519 51.2265675352 62.6055983012 59.5790559892 55.4225220694 55.2972115693 55.0416211481 55.8549276902 52.5182822021 52.2809381364 53.6561239860 53.9878021809 51.9230785430 47.1748205018 44.2198868841 42.2692147549 37.1295983205 33.2132067124 32.5725050352 33.0624314665 31.6576530458 27.8700632625 18.1787826587 20.9310756472 17.7960441360 15.4145376000 15.1951570006 16.3288898184 16.3628754235 13.7156757846 10.8378235891 10.1926381176 10.0140430732 10.5447326641 10.5023829674 10.5328501377 9.4224739514 9.6691598446 11.4186788705 13.4480578563
46.8159613665 44.7118029697 45.8362546633 46.6369160567 44.3040935788 41.6578345466 39.8378525279 40.5485457159 44.4136094302 48.3922107378 42.1791286790 44.1185653908 46.6453744448 46.4600489940 49.7942097718 50.8528850041 52.3857627413 53.7629241007 54.9590269220 53.7326738122 50.7233641692 48.8795251586 44.0159708960 36.9703151810 33.5565753048 32.7226343506 31.3953015720 28.3405245573 26.2725712673 18.6470586341 17.3565238510 16.6270727495 16.2939141010 16.0958456690 16.7436561169 16.3615882775 13.6889321439 10.4819029657 9999.0000000000 9999.0000000000 9999.0000000000 9999.0000000000 9999.0000000000 8.5774578838 8.7203917938 9.6303185637 11.6376811056
37.2231875081 39.0304135799 41.1264082650 41.5330898250 40.8181910170 39.9074527086 36.6557635716 33.0995323893 40.0990865892 9999.0000000000 9999.0000000000 9999.0000000000 47.8199258214 49.2539290572 52.2067975835 53.1203034916 53.1471826835 53.8543963339 54.0809057420 53.3862193697 53.3928955556 53.5197996651 48.2938030036 41.4582090452 38.3319765679 34.9961396714 31.1925100686 27.5215437287 25.5348739447 23.0041845934 19.3819765700 19.8283003410 20.7741381309 21.7009327607 19.9353409116 9999.0000000000 9999.0000000000 9999.0000000000 9999.0000000000 9999.0000000000 9999.0000000000 9999.0000000000 9999.0000000000 8.4179295736 8.4764970743 9.4210695243 11.3982648763
9999.0000000000 9999.0000000000 29.1105301876 34.4271669164 38.6490011006 41.0034834640 39.4932557247 9999.0000000000 9999.0000000000 9999.0000000000 9999.0000000000 9999.0000000000 44.4004550809 49.8741684132 50.4869442084 51.2295520166 53.4230468329 54.8272712622 55.7009935146 56.3745197724 56.2282141764 55.9405959793 53.4958719509 49.1792227258 46.3054170250 43.8685195986 38.4572540643 31.7304781638 27.0126354299 22.8739966115 19.9466305494 19.8563747399 20.0667500321 20.3520485375 9999.0000000000 9999.0000000000 9999.0000000000 9999.0000000000 9999.0000000000 9999.0000000000 9999.0000000000 13.3563663840 13.2135627209 11.6025203315 10.7875529939 11.8235228292 14.5588719315
9999.0000000000 23.0555761373 25.6204620819 32.5976161694 39.5286569546 47.8620763170 45.8179234411 36.2136524927 33.5581736290 33.6464421416 32.9717371787 33.4772154456 40.8172150492 48.5895071179 51.3114955975 51.8670004676 55.5315994425 58.4394178586 60.1342213922 61.6544539807 59.5276738750 58.0416708835 57.0387672633 51.7482577125 47.8425333858 46.7259412981 45.4193089390 42.3634027247 28.2989351253 23.9535702858 22.6396511716 22.4500870972 9999.0000000000 9999.0000000000 9999.0000000000 9999.0000000000 9999.0000000000 9999.0000000000 9999.0000000000 9999.0000000000 13.7552095548 14.8380930332 15.2970077324 16.5326902934 15.5009979790 15.6464348693 17.3433412128
9999.0000000000 9999.0000000000 9999.0000000000 25.8431194816 39.7607699269 47.0386046218 46.1933504557 35.5818971875 34.2314099253 9999.0000000000 9999.0000000000 32.4798800284 42.3337653629 51.4025765005 62.3311203090 66.1248204997 65.7073938637 65.7706761849 68.4018666507 67.8109581931 62.6334581757 60.9559438890 60.2444491815 54.4438620564 46.9685471035 43.1753419689 44.3511804915 43.5707315337 33.1731118786 22.9461003619 21.4629710536 9999.0000000000 9999.0000000000 9999.0000000000 9999.0000000000 9999.0000000000 9999.0000000000 10.2816114959 10.1002582815 11.3225578243 14.2146888538 15.7335470722 17.1032531216 18.5941170930 14.4914311386 11.3006728061 12.1390256536
9999.0000000000 9999.0000000000 9999.0000000000 9999.0000000000 40.9403944504 35.7815556927 9999.0000000000 9999.0000000000 9999.0000000000 9999.0000000000 9999.0000000000 9999.0000000000 9999.0000000000 61.4913541940 78.7394925719 101.6808474669 96.6039287159 84.1157647083 80.8140324662 76.4977557119 70.5008151708 74.8082752107 75.1446022186 64.1608667211 55.8497461025 48.5572624602 45.5646149931 44.3283513305 33.2828823302 24.6839454921 21.5238040255 9999.0000000000 29.0232588595 9999.0000000000 9999.0000000000 9999.0000000000 9999.0000000000 9.9478941411 9.0801661936 9.8412714215 12.5754247274 14.5832510898 15.5099584954 15.1156262291 10.9507682937 8.9147113540 8.5587759968
9999.0000000000 9999.0000000000 9999.0000000000 9999.0000000000 9999.0000000000 9999.0000000000 9999.0000000000 9999.0000000000 9999.0000000000 9999.0000000000 9999.0000000000 9999.0000000000 9999.0000000000 9999.0000000000 9999.0000000000 108.0616498366 122.8722024243 120.2035762835 118.9844557084 98.8569339970 79.3902132427 88.0897926399 91.8754540617 76.1044548126 68.0641204817 59.2944269883 53.9416299434 54.2065462796 48.7646957044 36.0474550689 26.6123943147 23.1828880787 9999.0000000000 9999.0000000000 9999.0000000000 9999.0000000000 9999.0000000000 9999.0000000000 9999.0000000000 6.6487774457 9.4922898352 11.4002757473 10.8433139976 11.4824574266 10.9605928010 9.3787186488 8.4607236422
9999.0000000000 9999.0000000000 9999.0000000000 9999.0000000000 9999.0000000000 9999.0000000000 9999.0000000000 9999.0000000000 9999.0000000000 9999.0000000000 9999.0000000000 9999.0000000000 9999.0000000000 9999.0000000000 9999.0000000000 9999.0000000000 111.7556834361 113.2030107547 118.6609247234 118.3304158039 114.3283158308 98.0829490582 97.1625312231 104.0652830852 89.5798645215 92.6996141206 93.7692465959 74.0030828747 55.8132156730 46.6582176159 40.2782214805 33.7875826517 9999.0000000000 9999.0000000000 9999.0000000000 9999.0000000000 9999.0000000000 9999.0000000000 9999.0000000000 5.5465396290 7.6669052214 9.0430381606 9.6176085863 11.1692047503 10.5285643658 8.9404501487 8.4516346469
9999.0000000000 9999.0000000000 9999.0000000000 9999.0000000000 9999.0000000000 9999.0000000000 9999.0000000000 9999.0000000000 9999.0000000000 9999.0000000000 9999.0000000000 9999.0000000000 9999.0000000000 9999.0000000000 9999.0000000000 9999.0000000000 9999.0000000000 9999.0000000000 107.0024465444 128.3615265274 192.2409986146 168.8717454672 108.6765378714 107.3939935304 94.9846707517 102.3940960877 107.9377632122 94.3835217040 68.9919170109 61.9161830982 63.5060300119 53.9746619761 33.4716472425 26.5721368196 9999.0000000000 9999.0000000000 9999.0000000000 9999.0000000000 9999.0000000000 9999.0000000000 8.4130715404 9.3556908760 9.8748981109 10.1156969613 9.1835350977 8.2673187571 8.0825178302
9999.0000000000 9999.0000000000 9999.0000000000 58.1440107781 55.1579404855 34.7791094100 42.0289333561 38.6424852186 9999.0000000000 9999.0000000000 9999.0000000000 9999.0000000000 9999.0000000000 9999.0000000000 9999.0000000000 9999.0000000000 9999.0000000000 9999.0000000000 9999.0000000000 9999.0000000000 177.8364109341 147.9122748133 117.2306367662 90.4373772210 65.1518748491 69.0164057887 82.0409890730 75.2913698670 75.8088308503 76.9204205135 84.9276379449 75.6255563465 34.5691230905 25.7817089441 9999.0000000000 9999.0000000000 9999.0000000000 9999.0000000000 9999.0000000000 9999.0000000000 9999.0000000000 6.6681848257 6.9832026129 7.2564353031 7.8477881325 7.9769123331 7.6448239488
9999.0000000000 54.7825889080 57.2848337470 56.5094343619 50.4606968025 51.1854873039 44.3930056645 34.5297614112 29.9304304062 29.5008866815 9999.0000000000 9999.0000000000 9999.0000000000 9999.0000000000 9999.0000000000 9999.0000000000 9999.0000000000 9999.0000000000 9999.0000000000 9999.0000000000 135.5874604778 90.2034089668 73.2618329348 65.5068018241 60.0220133783 55.7164534112 52.3776579648 57.6659986982 64.0697622439 67.9982308648 88.5634435108 77.8609894915 41.2922567921 34.6693012398 27.4228625349 9999.0000000000 9999.0000000000 9999.0000000000 9999.0000000000 9999.0000000000 9999.0000000000 9999.0000000000 5.7889002637 4.6046354728 4.9073075024 5.4241741236 5.5629177368
65.3920713812 59.3228102080 42.8286093520 37.7568415424 36.7329805449 36.3534398493 31.1597750697 25.5621208926 26.0675803002 29.5463375514 48.0762753286 66.4191290271 66.8494884158 9999.0000000000 9999.0000000000 33.0495812232 32.6481001102 125.8760711644 132.9173916019 119.9128604494 74.4972620741 63.9147955226 68.5422221432 56.9940424757 60.0857813261 66.5201110533 47.9868870461 37.6103803574 42.5030934275 43.5402502189 46.6138417250 59.1612993157 58.6470019771 49.4719517883 28.4278595354 19.7811073449 9999.0000000000 9999.0000000000 9999.0000000000 9999.0000000000 9999.0000000000 9999.0000000000 3.9184790949 9999.0000000000 9999.0000000000 4.2975733559 4.3049031337
38.8028763409 37.4181618390 29.6500282420 25.9823834931 25.9763485228 27.1452350426 23.7484944519 20.9484639054 19.4687363401 20.4199113068 32.2184479446 46.7270587105 46.8040187261 55.7692405418 48.9077480743 27.9442297469 32.7939365816 74.8871965916 90.2434189338 63.3764808881 41.5408079862 51.5293721692 65.3052291018 58.6632209597 49.5335839223 56.6283468506 64.7573999595 57.3970700498 54.5062957099 38.6141467898 27.9576386965 30.7867266820 40.9774906584 39.5267733838 30.8741418121 21.8909966061 9.4590244189 7.3247518740 9999.0000000000 9999.0000000000 9999.0000000000 9999.0000000000 3.6624443019 3.3545264450 4.6722931475 5.4330055718 4.2783572208
21.7387314769 20.3017178283 20.5669429852 18.2764206984 18.6176346178 19.3544490903 19.6264105471 17.7075776010 13.4481604036 12.3807321070 12.4398441694 15.1753488608 17.2577931517 20.5315299681 19.5808594872 14.2394829163 16.4012906025 23.8329816784 28.1231713307 32.5695842039 37.0827660081 40.8631374012 49.9044187018 40.7268083654 28.7075521192 31.8663498620 38.1770499225 47.9173340136 52.4195161415 59.0619769064 36.8265815196 22.1022747864 17.3390495474 6.8617164216 15.7274496305 12.3490013648 8.2204699429 7.3623390126 9999.0000000000 9999.0000000000 9999.0000000000 9999.0000000000 4.1516246129 3.5734337944 5.2474862241 6.1150020047 5.0119550069
16.9797307171 15.9763202537 15.5532829813 14.6488896426 15.1635111251 14.2962953250 15.3493493126 14.0950078494 11.3307769352 10.6596222322 10.5862714117 11.0558321758 12.1820861095 11.4654958597 9.6455533276 8.3450696839 9.6372517073 13.5569089180 18.4444969782 22.9678498290 23.4578823438 24.4062590646 24.3311614031 20.6958508934 19.2769303685 17.0494900231 14.9571186776 22.4675342906 35.1489776513 42.2097938717 38.7179789250 19.0766848682 10.4964446509 7.1749667404 5.9262966170 6.0538596226 6.4380974582 9999.0000000000 9999.0000000000 9999.0000000000 9999.0000000000 9999.0000000000 9999.0000000000 2.3770967055 4.5219089370 6.0780413478 6.0360322968
17.7676491294 14.6996140393 13.1593128172 13.0387913960 12.0728802576 10.2456433087 11.3251721923 10.7239029167 10.5381095200 10.0526822062 10.8589353767 11.7520013591 10.0476432417 7.5999253022 4.7309540605 4.2244494362 5.2932777398 7.9910674031 8.7203623261 10.1849706407 12.2537808493 12.4101172260 12.6496583980 13.7053503277 19.3822853907 18.7195230683 11.4220075338 11.0072082316 17.7885546436 27.9870356026 31.5517204581 10.3189611254 7.0537322026 8.5051690767 7.4861077665 5.6933927335 9999.0000000000 9999.0000000000 9999.0000000000 9999.0000000000 9999.0000000000 9999.0000000000 9999.0000000000 2.0619352636 3.9112901723 6.8451326297 6.5862789634
18.6930917844 13.8952821580 11.0534641572 10.2525304828 9.6388971797 9.5237282585 11.2603681628 11.6481963341 11.1996177002 10.4511976970 10.0023149571 8.6661118330 5.9756136397 3.7825369691 3.2844777670 3.0347879438 3.1606176635 3.8431733919 4.1454894526 5.5508466176 6.3382222361 7.6850236874 8.9008379946 9.8201372384 17.5542044890 19.6133104182 14.0612603427 10.4031996452 13.9313411055 14.2671930953 13.2221920212 9.5713768242 12.3861765460 15.3497453575 16.3430507819 9999.0000000000 9999.0000000000 9999.0000000000 9999.0000000000 9999.0000000000 9999.0000000000 9999.0000000000 9999.0000000000 9999.0000000000 9999.0000000000 5.0172556439 5.6963866446
17.7406697476 14.5154837955 10.8273201477 8.8974168029 8.7086401036 8.4534398338 8.3957799361 7.9411091647 8.5004849025 9.0486140252 6.8027434463 5.1806589472 3.2365819679 2.1022506626 2.3019101991 2.3782754106 1.2131915410 1.2820349930 1.5829410277 2.9551714215 4.4876952525 5.4774568998 7.4603683825 8.1089161104 13.3076787897 18.8311888778 16.7195468821 11.2706794753 10.4117487936 7.9216139711 8.0516062881 10.2053091978 13.4606499632 10.6168882776 27.8996817651 2.9721948704 9999.0000000000 9999.0000000000 9999.0000000000 9999.0000000000 9999.0000000000 9999.0000000000 9999.0000000000 9999.0000000000 9999.0000000000 5.2565280712 7.3352335094
11.3949892548 10.2080532233 8.1565693908 8.4993026612 8.8167462236 7.7698627574 7.4364353641 10.7026048936 15.3730566090 9.8341125558 3.3983011963 2.9594000262 2.1573632312 0.8379065603 0.6514603820 0.7548151416 0.5902375901 0.5002881703 0.7009240062 0.8645682810 1.8744286190 2.8895817850 4.8328383855 6.5316795735 7.9571990791 9.9674276426 8.8059693226 6.4829725306 4.9195297906 6.6287571390 8.4710909432 10.2925463434 10.3490664333 8.6936186854 31.0468103271 50.2222730429 9999.0000000000 9999.0000000000 9999.0000000000 9999.0000000000 9999.0000000000 9999.0000000000 9999.0000000000 9999.0000000000 9999.0000000000 5.9041935383 7.7027349107
