model_inputs/inputs/pr7.asc
ncols 720
nrows 360
xllcorner -180
yllcorner -90
cellsize 0.500000
NODATA_value 9999.000000
[rows 42 to 62 of 360, columns 564 to 610 of 720]
44.9332816643 45.1313795638 45.1623936533 44.8259346304 45.0453859521 45.2359165647 45.5600934802 45.9281418007 46.3560824865 46.8314071186 47.4157384015 48.1502650073 48.9660751191 49.6564285713 50.1474064076 50.3875039285 50.3921433119 50.2391756745 50.0874763238 49.9490586226 49.6794038918 49.2857210920 48.6937706592 47.9025530512 46.8817896908 45.7380826701 44.5448700339 43.3290639776 42.0661332901 40.9268534859 40.1378046954 39.5311864559 39.1555944225 39.3180388492 39.9163495749 41.0562045872 41.7233328335 43.8304238487 45.6336776842 47.4134422839 49.2143292795 50.8071276709 52.0487143658 52.7981162304 53.2576839323 53.4390017856 53.4353430849
42.4597642268 43.1853656773 44.3686489016 44.8525780812 45.0606336817 45.3300762456 45.5006254488 45.7809781074 46.1178803234 46.5967976488 47.2612195881 47.8324530995 48.5299825086 49.2015709751 49.7071977588 50.0003935886 50.1604334568 50.1279436285 50.0920449849 49.9754144694 49.6534063714 49.1987798014 48.4750642790 47.6151281619 46.7063087854 45.6019045087 44.3605205510 43.0337653379 41.5748772793 40.3487599106 39.5314952766 39.0741458978 38.2643566118 37.8940593218 38.5098808911 39.7216557758 40.8901910414 43.0327610811 45.2041858225 47.0621551503 48.8035033923 50.3271400812 51.3946178835 51.9392975257 52.2094850312 52.2432761500 51.9756723661
40.1331653120 41.4754794328 42.8884027060 43.8772514462 44.5756908157 44.9620562140 45.2017671196 45.4546229448 45.7543393713 46.2771705352 46.8866836745 47.5178378401 48.2858868199 49.0804896690 49.7198381927 50.1197068370 50.1851674053 50.4963172716 50.7328928215 50.6176390336 50.5340122618 50.3417748841 50.0909652910 49.6525671333 49.0659397328 48.2279322459 47.0698968857 45.5090225441 43.6387239606 41.6418277309 39.8840860580 38.3587661781 36.7644472572 36.1712002486 37.2616510140 39.1137763218 41.1378841382 43.3801160543 45.4382483731 47.1721283393 48.6679428723 49.7348454664 50.4158117110 50.7876413176 51.0175171075 51.0174322408 50.8139264421
40.3399856295 40.6646293122 41.1607274436 42.3263913835 43.0237227702 43.6518547358 44.1180231865 44.4462689920 44.8098948109 45.5285513308 46.6584769310 47.9286542977 49.2608881323 50.4018181236 51.2559927301 51.2492835405 51.5321303392 51.9630790805 52.2961905808 52.5640866836 52.7679602383 52.9793114983 53.1623832649 53.2588154892 53.1882770592 52.7891109232 51.9510232843 50.8875295054 49.4763554307 47.7078121039 45.3454135568 42.4661198049 40.0138237746 38.9511810208 39.7926845471 41.4387839846 43.6092469026 45.3598644817 46.5628179372 47.5902386243 48.4537627199 49.1411269759 49.5099343825 49.7290603817 49.7610032908 49.7462600470 49.7668402386
42.3506774241 42.5750132999 42.8977474803 42.6357166143 42.4633192015 42.6886357600 42.5924251322 42.6878483850 43.1922587450 44.6133339428 46.9465288916 49.1005135118 50.9046348743 52.3765405524 53.1209447072 53.5392200109 53.8712093839 54.1803507367 54.4935279759 54.7872094321 55.0111869816 55.2331041545 55.3893674514 55.4403723800 55.3839784116 55.1944567706 54.6312054503 54.2747367290 53.8986260653 53.4166158177 52.3593220278 50.2943579340 48.6962647992 46.9566186075 45.5003944226 45.6189014367 46.3271617773 46.9422006863 47.2177253687 47.4494493683 47.8038388537 48.2137406361 48.2963207178 48.3709186083 48.0135776452 47.7915378870 47.7913775831
47.7376710624 47.7212682017 47.7063787985 47.6972697652 47.4519105046 47.2142033977 46.4271772653 45.8196396357 45.7272055792 47.0250117942 50.4993913346 52.7053568512 54.2431238573 55.1605242072 55.4754789337 55.4054119857 55.4310511798 55.5699969409 55.8014899143 56.0158020817 56.2318823067 56.3338214415 56.3438498648 56.2405858655 55.8885726496 55.3301210166 54.7433380270 54.2322750553 53.7933205487 53.3926598146 52.8754817205 52.2593301139 52.4153670995 51.1260758503 48.9193842513 47.4492419162 46.1798236356 45.7726564491 45.4963443917 45.2441014932 45.3171387780 45.2111496124 45.1969155692 44.9882281828 45.0117032742 44.6303780191 44.5799435838
51.6873563756 51.7927326146 51.7619118327 51.6695909319 50.9018719895 50.9405995253 50.8222763892 50.6368990755 50.3558439086 50.9809819632 51.8529455876 53.1619872199 54.6651002951 55.8170723962 56.3322042581 56.2032444868 56.1758042313 56.1605659313 56.0149769881 55.7679958292 55.4577747826 55.0986846210 54.7547573224 54.3267317698 53.8585123722 53.2884575659 52.7043054462 52.0753955352 51.5183206298 50.9034514544 50.3255794756 49.7285464662 49.1742438753 49.0056701819 48.9374561585 47.2611818695 43.1359307840 41.6486972244 41.4484823705 41.5995122166 41.5423120139 41.2919644732 40.9925922286 41.0094099934 41.2750382675 41.6027088650 41.9359193766
51.9202496507 52.1195781184 52.1780230338 51.9668226480 51.9362658961 51.9267466734 51.9280149601 51.6173412907 51.0726993671 50.3983150120 49.5904823765 49.4534461177 50.2745556878 51.8475329736 53.3528195811 53.7549419096 53.6426065955 53.8501105621 53.9753126213 53.9122896153 53.7821888574 53.1574892811 52.3783180397 51.6023717355 50.8429367328 50.2268039854 49.6361029800 49.1606746218 48.7776850350 48.3991273795 48.1987946550 48.0655868305 48.2480409555 48.7272694591 49.3940393790 48.8051818684 44.1147086676 40.7429283368 40.0182368467 39.7276718868 39.5582589554 38.8086779276 38.2529868220 38.4387012455 39.1604271135 40.5287151807 41.7320458218
52.8007659595 52.5250432547 52.3407079163 52.3085858440 52.0375213819 51.7414306523 51.5732341446 51.1535491096 50.6277617533 49.9079595320 48.8014477305 47.7892464842 47.2502151970 46.8710587593 46.7346495716 46.8963490566 47.1186245559 47.3464776878 47.6829414256 48.1200760114 48.3833893086 48.4233238385 48.2612330234 47.9167210869 47.5095161819 47.2738270182 47.2065559588 47.4053327926 47.7934426744 48.1115421862 48.3717531315 48.4400143032 48.4823062434 48.4406319447 48.5129290028 48.5775503330 48.7410650239 47.7926930180 45.2132854261 43.4883306152 42.0673685730 40.8790404908 40.0110514602 39.9153123144 40.5991074513 41.8151681079 43.2388600311
52.6433711057 52.0239662728 51.6809583642 51.8457507715 51.6663047019 51.4654580620 51.1720076320 50.7820071070 50.1680620364 49.6018120903 48.7840076094 47.9524075636 47.3852099385 46.4369510883 45.5401309300 45.0557349832 44.6833631722 44.2831503460 43.9774036640 43.7807626440 43.7312475988 43.9439284382 44.4788955501 45.1883723144 45.8098092349 46.5117705753 47.2028831136 47.8673569160 48.2788664522 48.3496877714 48.0477412348 47.3334789276 46.8362586689 46.4794174768 46.6482693446 47.2420538426 47.6290840306 48.0810938752 48.0762611842 47.3816219601 46.7390437843 46.0587611888 44.9424849940 44.1391974455 43.6258477857 43.2152812136 43.7164713512
52.2487972048 51.6860126518 51.2634091428 50.9739144472 50.6904830108 50.4841624643 50.7553070784 50.5901704892 50.2859561238 49.6862592408 48.8690111088 48.4114236315 47.5912287366 46.7230275390 46.0646782885 45.5296451692 45.0950895902 44.7527134675 44.4750341121 44.2473412841 44.1122003831 44.0679517924 44.2414524732 44.6047906880 45.2601460274 46.1684279144 47.0224092132 46.7528959271 46.1749202223 45.7616662025 45.3959187143 45.0960278395 44.9418202043 45.0685498654 45.4148157150 45.9199757315 46.2283391389 46.9189000432 47.7687700186 48.5250838101 48.8987050485 49.3496729177 49.0591503913 49.1470063571 48.1174451415 45.3898083069 44.1703011165
51.5294617508 51.1462788563 50.7694986882 50.8587643853 50.7431522710 50.8957662969 51.1333932518 51.1987406644 50.8913155063 50.2887284383 49.4743987801 48.7414657837 48.2929401915 47.6629411569 47.1047488390 46.4407229447 45.8704229677 45.3121033497 44.8678022367 44.4833039073 44.1813668003 44.0356647014 44.5405371138 45.0443109730 45.7649571472 46.2150244857 46.7917036149 46.8651605188 45.4415298882 44.2823676858 44.0106384340 44.2556629423 44.5190139581 44.5389812230 44.6551355417 44.9051389005 45.4360371223 46.0572618758 46.9981373171 47.7324281819 48.2208505855 48.9800781361 49.4768693461 50.1138934633 49.2649664520 47.1343814861 46.7035600450
50.6571633741 50.3553017043 50.0816818094 50.1124554430 50.4520686809 50.8367603179 51.4948455384 51.6759229358 51.4698617044 50.6986679393 49.9338957598 49.2411094601 48.7305556890 48.3385419357 47.8256118950 47.2158158664 46.5609980165 46.0337679251 45.5050856690 45.1242318959 44.7537601576 44.9241632014 45.5586177413 46.1524635321 47.3564683925 47.4628677475 47.4964231253 47.1266916138 46.5814320487 46.0563613451 45.5824464443 45.2156381216 44.9843620299 44.6820100187 43.9851501142 44.0358108608 45.5307295779 45.8632941591 46.5570092783 47.3034926690 47.8376158280 48.2541607926 48.0708202813 47.8220710647 46.8648917740 47.1651268308 48.6872029142
50.8462041034 50.5614242284 50.2800720278 50.0829500961 49.9373847269 50.4957703524 50.8073304081 50.9823775501 50.9685112629 50.6524957018 50.1009607106 49.7405551141 49.4502871879 49.2682621116 48.9024156122 48.3981042635 47.8261965327 47.1758011845 46.5212332201 45.9871242056 45.8258349099 46.2102672318 46.8081583385 47.2433315590 48.4464877518 48.2455421006 47.8802095167 47.1271206625 46.3930749684 45.7623309921 45.3766916762 45.2186744660 45.3155263094 45.8292107214 46.4781020419 47.5958492607 50.0028688693 49.2767676478 48.8765972550 49.1813349654 47.3993544001 47.9343356565 48.4258698416 47.7887608577 47.1200531465 47.1683187643 47.2510874388
52.7086996590 52.3356111953 52.3605950293 52.5973120239 52.1278714878 50.7418886991 49.3351701298 49.2154891253 49.5915809297 49.9096050044 49.9482146697 49.9556216528 49.9553529080 50.0026519876 49.9098926084 49.6477485867 49.3685604888 48.8676438108 48.1831980287 47.4181099562 47.3933618632 48.3916496742 49.6827184106 51.9986948348 52.6349928696 52.3713118164 51.5995569876 50.2976064454 48.5731655499 46.8647361849 46.2612297270 46.9457650906 48.6080835108 50.6619819207 53.1378850574 55.9461076045 60.6909191119 61.3532901043 61.0387125635 60.7528765686 57.5852338225 53.8203034666 52.2308808868 50.3374513937 49.7821115423 49.3361979607 48.8853008137
54.4612644590 54.3136481429 54.5184552320 54.9663443235 54.8255833564 53.1767917564 51.0350468103 50.4488956067 50.9434755659 51.1017756653 50.8758273209 50.5631875712 50.5828672322 50.9819579311 51.4260233031 51.5588916605 51.4591213432 51.1945020407 50.7342836936 51.6928114230 54.0299668210 56.6287240363 58.0965561094 58.8053633692 59.2228937312 59.0523256687 58.4797012853 57.2805856937 55.6652316009 53.3533900743 54.1122828727 55.7414136711 56.9432685734 58.5186079843 60.2986554732 60.8816713211 61.7104707635 61.0778031405 60.7307121973 60.1451409166 58.1522994325 55.2828313666 53.2181878807 51.7066399916 51.0971787153 51.0565181030 51.0840432253
54.8228817643 55.3252176032 55.5283132126 56.0474338126 56.7708853050 56.9137537968 56.8687272607 56.6012932104 56.2347724917 55.5763242301 54.8767014407 54.4830139261 54.4966114685 54.6628230368 55.0986751914 55.6576407398 55.9706812492 56.1741870479 56.9291571155 58.1621298334 58.9550494915 60.1675598882 60.7104903320 60.9719035565 61.3609846914 61.7369209067 62.5518634915 63.5842771735 65.3564980603 69.3773158710 73.2900652802 71.7917330330 68.6655901372 66.0319809685 64.1172499163 62.1893315110 59.1132270056 58.3395343856 58.3364791819 58.3196661319 57.2912081843 55.3605174646 52.8443026124 51.9658938283 51.2434701668 51.4788245782 52.1946946392
54.1329243570 54.7192028607 55.5246403674 56.8005981040 58.7965890882 61.1617033719 62.4425362330 62.3217991088 62.0974066551 61.0739935655 59.9296594737 59.2862562044 59.2451948323 59.5479193144 60.1515719318 61.0591088771 61.8856593501 61.4265678450 60.2541051339 59.3365303357 58.9398300508 59.6747102682 60.1308644400 60.6496832916 61.1973002669 62.4430030002 65.4537600931 69.8928484926 75.2486017300 80.9510168619 85.7568428619 85.7525618048 80.7168505853 74.2421384202 68.0733898189 63.4326155414 57.6714396011 57.0473388070 57.2739189374 57.5081040733 57.3914452689 56.6000296385 54.3180517852 52.7877341956 52.9506406747 53.5334679298 54.5094357803
52.8254716191 53.8961602142 55.4386939039 57.7813090640 61.0361335566 64.1086359392 65.7814919832 65.9809854697 65.3289352194 64.3248717533 62.6725817565 61.0074061551 60.1610911544 60.7348800986 62.5104343635 65.1248966460 66.8921245378 65.6289581093 63.0157405394 60.9330298612 58.6602883413 57.6862629969 59.6911414177 60.4670122848 60.8832649305 62.0504611870 67.4200712820 74.0688546211 78.8315683021 82.7623377554 85.8924882486 86.2421676284 83.1984869437 77.7098323451 71.3512744987 65.8482585568 59.5412808470 57.6389544876 57.0330198971 57.0564525551 57.4731719680 58.5970908869 59.9167031469 64.1428608214 71.4118457981 72.2570763901 70.1514752582
52.1827567136 54.1052955086 56.2234710669 59.1194222798 62.4693022692 64.6141307079 65.2578121517 65.4747221852 65.0243766722 64.2620231956 63.2192321937 61.7463081144 61.4889779245 63.8768082135 67.5425858935 70.5781193683 70.9017729387 68.6293520266 66.3234936073 64.1419555759 62.1887610178 62.2146831010 64.1440018080 64.2723439378 64.6370494505 66.0629054764 71.1657133070 75.8366482914 77.2207262926 79.1312281508 81.0418903129 82.5889926637 80.9859819710 76.6201665974 70.3934775665 64.5551954512 58.8173437282 57.1500936057 56.7605645629 56.8985532154 58.0970700248 61.7643611622 67.8822321352 80.1517416257 94.7875252459 95.5258661415 91.3194069872
54.9420158495 56.8792648846 58.6502174847 60.2228694479 61.7500658263 62.7277593012 63.2647537859 63.7139300234 63.7408186449 64.0140566393 64.4379991572 65.4590642662 66.6838992038 67.7175953169 69.3368815701 70.4321013764 69.5972905378 68.2049851748 65.9347047913 66.6631634231 67.8181200055 68.6176262680 68.3723330148 68.3849593042 69.7116532247 70.9457480698 73.6175472848 75.2559379907 74.9856750481 75.3367075813 77.3643444409 81.0590334004 80.5492198560 75.8197503746 67.7885439363 61.9379655691 57.9897277057 57.1745540947 57.1748416987 57.6976209995 60.3298628703 64.5657425048 73.4457675135 86.5621907869 99.3348753545 102.2794788005 100.9342933539
