model_inputs/inputs/pr8.asc
ncols 720
nrows 360
xllcorner -180
yllcorner -90
cellsize 0.500000
NODATA_value 9999.000000
[rows 126 to 146 of 360, columns 517 to 563 of 720]
198.4294645954 204.1269480251 195.0013374444 187.3069955036 191.5107672103 210.3973575868 250.1166276634 264.7943543270 267.7570155356 284.4951753505 278.3358281013 261.0584436916 299.5101248380 316.5224986151 296.2351350579 288.5491100606 306.9060186390 352.7200240642 452.0243285224 588.1018191576 712.8260973841 722.1093904227 678.2349301502 580.6845012121 479.9353871495 386.8825952522 366.2345479243 324.9198957346 329.2907229625 351.3232301921 342.7972882055 362.4367788434 404.0362439118 468.0866282433 504.6076280996 544.1105822101 783.9610464871 851.1390164495 708.4646243602 363.1766284816 161.1227681860 142.7339308430 181.6222986672 207.9924785066 210.6965223793 204.3027542531 200.8790778928
192.1174703166 211.2823671196 221.9312041998 216.7305496987 211.9647148065 230.4187486880 248.3894191682 268.4622018132 261.0237426125 275.5871443078 283.4228742868 246.8306806404 278.2168637495 278.3686055336 275.4582599737 266.9989478309 299.1270550992 348.0274952017 440.6030341052 498.7904825248 557.9290422611 505.8563766070 487.0874304324 374.4733384810 319.3438095041 292.6382927690 281.2123023905 299.0806801245 305.2329551429 300.5184740759 307.2112184018 424.4006853551 491.2352277897 620.1733485796 698.0079067871 688.6045932770 629.9682939425 571.3442154229 406.8181766197 170.7170696463 140.2019213419 143.7896828866 184.0438116342 206.8608084228 200.4797514528 155.1965028048 148.9515815629
227.2981409915 236.2468515057 240.3245866299 239.6591180004 243.9497367013 248.5649425071 264.9388918653 266.7360871565 286.0323388595 322.5876060314 305.6737342849 298.9092115313 309.5884686336 273.8711759448 281.8960079458 265.0743015110 310.3247538675 337.0848116465 347.6314879954 360.0342948921 360.1001137868 369.9953528121 388.4161943570 402.1104094572 363.2708494551 647.0525404438 490.4500781558 374.8754938133 260.2583009284 190.1423754171 276.9806378055 395.8990671672 452.9232750647 625.0808732584 699.1823874414 655.7270558551 494.3770710379 397.8218086995 335.5839522555 210.5358412955 165.0657348800 165.3606940527 192.8199219983 202.7003187686 188.1760689430 131.6090100445 111.2895479891
227.3616401944 252.0790302660 272.1249384340 279.1058525909 259.1060176492 265.2528046165 264.1304698773 288.5116932448 300.8532263339 331.3830848783 333.6158730090 321.1312922649 309.4196214806 272.0944806933 276.3180923648 280.0487978384 287.2839351185 280.5744060315 320.2474331483 333.7614666671 294.1307597794 309.8862001207 386.5955569781 497.7565412410 607.9341270961 1353.2093167305 1240.5270673335 550.7319630124 418.7889173627 316.7310068384 364.3744569272 333.0189390108 342.6778712310 457.7277526259 553.3983260393 515.7961235382 399.2955107242 378.7779696286 340.6419740058 253.3298910130 204.0712377056 172.7328440174 183.5978650488 192.3477610108 174.9328924343 153.9692915976 143.6806950951
271.3293973356 297.2761485726 315.3638786171 317.1111722477 300.4208772909 308.6697009858 307.0442005992 291.5765151847 309.2643530108 347.5857353769 368.6067815870 341.8839708902 319.4209439680 288.7054157909 276.0521010496 275.0307577662 263.4803904220 284.7047585528 325.6971999072 297.5810465869 261.8410096038 276.7246230505 320.5348108895 378.3409246244 469.8693584651 728.4354725853 649.5229555294 470.2830556780 449.3243205361 485.7775778510 340.9892111085 295.5843012314 360.6265140697 394.0370148048 335.4047890753 276.2254932895 332.8695734963 378.7891343236 332.1319869719 280.7385383639 256.7602624185 197.0715208445 179.9733184744 169.4577599410 152.5597111322 156.4045152627 163.2464176510
302.0716302563 337.9613156430 340.8282282762 320.3507820144 305.7316888589 343.7715964392 333.7979782373 278.0921284575 280.6775285862 317.8632427007 340.9579047002 381.0684294440 355.5481242947 306.3459545374 277.7436655015 299.4289544877 307.0224558469 329.4194941409 327.7479582466 265.7234380022 243.7846802641 251.7812422011 269.5388782304 300.6432470866 346.1720813066 344.1392770037 342.3947556876 370.0884422287 398.4625339508 259.9438789766 330.1146472804 405.7707698084 380.5162673816 353.1448859721 271.5230255853 248.7625123467 312.2965672519 370.0705259107 299.3762993719 289.3291488290 301.6896732152 252.3683127947 209.2185392976 191.9224464800 160.9736101236 145.1322657522 144.6735231439
340.8051445149 348.5540086403 366.3720698096 344.2387031391 360.7378592715 362.6336320303 364.4040660001 340.2931904420 321.1540742777 317.5224931911 331.1754819006 348.5128954053 309.3546323944 285.8997203875 299.1618316155 318.2434835471 308.3808333613 306.6709565464 304.2608723044 263.5600897484 226.5264380258 247.4211836234 284.0551882982 303.8816310000 303.5169867799 294.4694913458 316.0237271804 357.2051385418 391.1883202381 285.1950621698 309.3254948035 345.9408665076 331.7291527055 303.3550798427 235.5783276726 240.5155368615 295.0048309285 317.0396578498 257.5897502247 260.8530472498 287.2654718813 248.3895134646 212.5547651667 209.3531191349 196.2621370330 153.1605490018 130.1698205061
330.3381297737 346.3144311681 363.5491370223 398.4908605926 398.0800299905 348.5596287064 349.9710951000 353.4785821103 359.6822675318 353.7843287922 346.6312293895 345.7994218916 319.3084294908 313.0587462801 290.8571844455 301.2412183452 296.4018699713 291.9209422544 293.0306412745 266.9948365074 262.6127691474 262.2937266715 285.0973333698 334.2516571283 371.9273731112 395.9051775746 397.0884466544 523.1101680547 628.2002362423 379.5458064415 280.5535288062 299.4465313386 299.7567665298 231.6760404501 175.0981751829 196.3662402704 237.5477270689 244.9210840277 239.7397602908 250.8440490346 273.4196658712 246.5219919104 232.0665407460 245.1172771398 261.7673075292 247.4498497322 217.1319883782
365.5222705565 336.8072407320 337.1570049785 396.5150113218 404.7005055472 358.2597118802 337.2261053883 341.4689535275 385.9466467984 390.2376615442 381.6956137307 375.7446049713 363.9690200798 339.5835156552 313.4913593531 320.6500788219 312.4156070407 320.7178213634 300.8567341603 327.1717317402 317.1715219505 262.9130466375 268.5974417254 358.3204764873 446.6624837369 554.9088413827 507.1540838107 487.6313698478 586.0830838792 417.1208892949 299.3285288103 288.0341385026 220.6182775553 151.3218915788 158.6393213365 166.2451189477 208.1343380269 225.9368968662 233.8990028948 242.8006972186 260.7897177804 268.0115969852 276.1720272247 278.4842129331 271.4698235504 306.1365976464 361.7200506851
400.4067373462 282.6888521668 330.2327063866 394.2390354350 407.9920914955 311.1656138208 303.4367593937 344.6287508123 385.8544626273 373.2646848075 382.2668236680 385.3721553460 397.4072062410 391.1369852722 341.3426717743 344.2485476844 332.9038219526 309.4840636477 280.7116827462 337.9079438746 340.9145660698 317.8693908267 354.2630528100 432.9883726314 461.2557962537 585.4949383065 520.1167096384 493.2042122819 526.0912170634 439.3173968419 328.6500354297 253.0912645161 124.7349054320 116.9343857327 138.1944922032 141.7866479605 180.6236053817 220.8867771551 230.8524178807 237.9584256560 253.5074888729 268.4451153036 271.6181140859 249.1496556904 225.7365169935 276.1678593233 357.2803870775
252.8699131217 257.1359393187 326.4280725271 426.5313316137 375.9106798097 271.3851265144 300.5545896012 324.3283554912 344.5622529835 386.0417730175 429.8669728450 413.7639747933 406.3388491049 376.1890050955 339.1507705674 307.7871997375 301.0581890121 260.1079170126 280.3027569316 348.8568509929 349.8848327436 343.9721837640 393.8719206490 451.3006978668 9999.0000000000 9999.0000000000 582.7079513110 602.5324892253 574.2855845019 497.5404515862 331.7159134895 247.5987437647 136.7617053911 116.1333000055 120.5606579315 128.1330746133 169.2748060450 235.2144944016 247.3919705953 237.5586654525 225.6847105455 230.4725542199 228.5974323750 212.2465667780 210.3266352788 260.8092182782 301.0974917561
233.7727211416 275.6525671575 335.7867649756 416.2716181017 351.4260509983 293.9413937274 325.3777613863 354.8094439320 352.1247874014 372.8437456302 432.9513330013 438.2963930257 380.8620711789 371.8043351546 333.0022674054 300.7876337506 289.4807585981 283.2409387920 9999.0000000000 9999.0000000000 9999.0000000000 9999.0000000000 9999.0000000000 9999.0000000000 9999.0000000000 9999.0000000000 710.3572664782 757.9607348889 675.9524289519 536.7992911488 346.8847735785 234.5035937615 133.5441232659 96.6554428451 112.1377819218 139.7398029221 232.3171240278 278.6075903568 278.0643675942 268.0259677581 248.4131630044 230.9676480945 216.1859879270 212.6156052109 245.3277090099 280.1632171031 284.2223758344
260.0449647289 314.6335151978 363.7184556574 418.4952783398 389.2696523108 341.1718443967 327.6643361896 368.9275025390 341.2123918533 367.2041790560 420.2889469452 424.8977028765 368.4910233133 321.0561946034 338.5516866110 324.6595999226 311.6202922538 9999.0000000000 9999.0000000000 9999.0000000000 9999.0000000000 9999.0000000000 9999.0000000000 9999.0000000000 9999.0000000000 9999.0000000000 9999.0000000000 901.0858638212 849.3333533406 730.9617111459 432.1809690446 192.8345379420 132.5280322926 108.4933482343 116.4292775793 144.4797063014 239.9739548564 279.5975895133 275.5739805289 283.2887659315 279.0453897323 268.7667226419 263.9859511983 274.0572982002 279.8380830791 277.6283032726 274.3725311011
263.1925789174 316.8140631169 383.9777000248 457.6748334803 456.1871755868 408.7711684406 332.1755141951 344.4604505785 321.0555533879 352.1649199538 408.7286219001 374.0209797397 332.3228051886 322.2615667619 360.3710839525 346.1274225265 318.2062930427 9999.0000000000 9999.0000000000 9999.0000000000 9999.0000000000 9999.0000000000 9999.0000000000 9999.0000000000 9999.0000000000 9999.0000000000 9999.0000000000 9999.0000000000 967.4755912274 968.5987746343 772.1460834146 199.3750124238 125.5784999812 124.3754852330 146.3952435879 166.5016994812 211.7130376864 235.8888268936 234.4986149110 257.1658501402 285.9386082273 300.0187973958 321.2178563699 346.0368602537 337.9074158147 305.3713634145 286.4652725402
258.3128339611 303.7845434155 378.6637200974 431.4406667836 444.7255977429 423.1135016307 393.3571376838 333.9185267687 296.0848454386 284.3499965966 284.0221656952 286.2728324253 278.8783153519 269.9149888940 341.7960111983 347.8725096211 9999.0000000000 9999.0000000000 9999.0000000000 9999.0000000000 9999.0000000000 9999.0000000000 9999.0000000000 9999.0000000000 9999.0000000000 9999.0000000000 9999.0000000000 9999.0000000000 9999.0000000000 997.5415114313 921.9943955541 489.9127017707 139.0935707605 141.0554358736 213.7241726741 243.1987035088 224.6424145997 199.7815808281 212.9688207060 231.4050514251 255.0993065815 296.2502979208 306.8173422944 327.8332022019 358.4506432526 334.4505471177 308.8185761590
263.8894293923 266.8791725300 367.4597223289 464.3875686452 457.4335478246 402.2971540689 377.3698224686 368.0261042900 352.7089348063 219.8177953251 239.2137937713 243.2053231169 212.6163595822 206.6639175173 9999.0000000000 9999.0000000000 9999.0000000000 9999.0000000000 9999.0000000000 9999.0000000000 9999.0000000000 9999.0000000000 9999.0000000000 9999.0000000000 9999.0000000000 9999.0000000000 9999.0000000000 9999.0000000000 9999.0000000000 9999.0000000000 1050.2050761133 943.5738651082 392.0818730257 204.9679022748 267.4394818023 337.8804470412 323.4899472445 240.6268820632 224.6339656413 227.9345097486 213.8457018882 211.9398582727 215.6601534225 255.0908199046 316.7102239095 298.7811192870 274.9062110670
236.4732006099 249.1329275072 294.4330929313 412.6184242778 441.4567183703 391.8253113516 374.8900154606 407.2154662572 368.1663796306 241.4500520099 234.2874852475 204.4361836743 170.0667827390 9999.0000000000 9999.0000000000 9999.0000000000 9999.0000000000 9999.0000000000 9999.0000000000 9999.0000000000 9999.0000000000 9999.0000000000 9999.0000000000 9999.0000000000 9999.0000000000 9999.0000000000 9999.0000000000 9999.0000000000 9999.0000000000 9999.0000000000 1122.1598004922 1157.3533331975 729.7852691263 262.8870019689 290.8720832784 401.4933337457 408.2174976356 302.4457041174 225.2934747376 213.4478276130 194.3031479605 189.2493695486 192.1560375486 228.1986717135 265.3445361648 269.3293327466 311.2013521604
211.0525101889 200.3736114129 226.6518522520 256.0505876318 341.1495527253 359.2163301073 394.2201384343 327.3848416284 252.7651875280 187.0460961945 180.7486424223 175.7080655079 9999.0000000000 9999.0000000000 9999.0000000000 9999.0000000000 9999.0000000000 9999.0000000000 9999.0000000000 9999.0000000000 9999.0000000000 9999.0000000000 9999.0000000000 9999.0000000000 9999.0000000000 9999.0000000000 9999.0000000000 9999.0000000000 9999.0000000000 9999.0000000000 9999.0000000000 1247.8482406586 906.5453242511 407.9863205552 382.5138802640 461.6249101236 486.6370330565 300.5298273638 227.4676859379 207.2819361929 178.1004786026 176.5975258313 192.5258114934 211.0191104002 237.1823473368 244.8379711714 333.8277759030
199.4130893145 192.6399855874 223.2127489988 240.5936897267 273.7835368607 317.0175924897 300.5236038007 213.7044647243 172.9823711794 154.7293678159 9999.0000000000 9999.0000000000 9999.0000000000 9999.0000000000 9999.0000000000 9999.0000000000 9999.0000000000 9999.0000000000 9999.0000000000 9999.0000000000 9999.0000000000 9999.0000000000 9999.0000000000 9999.0000000000 9999.0000000000 9999.0000000000 9999.0000000000 9999.0000000000 9999.0000000000 9999.0000000000 9999.0000000000 9999.0000000000 709.7825864330 440.1746643707 458.9873640798 578.7190999836 713.7578213587 645.7434045151 438.7081665918 231.7157015204 138.7333584717 152.2583492333 215.6949487980 236.8696792983 226.3091602363 189.7446708754 211.6089344490
151.3725004625 149.4581795996 175.2546883654 211.8825449143 224.5221300982 266.3268784527 218.4318643995 182.3479661252 143.7474946724 9999.0000000000 9999.0000000000 9999.0000000000 9999.0000000000 9999.0000000000 9999.0000000000 9999.0000000000 9999.0000000000 9999.0000000000 9999.0000000000 9999.0000000000 9999.0000000000 9999.0000000000 9999.0000000000 9999.0000000000 9999.0000000000 9999.0000000000 9999.0000000000 9999.0000000000 9999.0000000000 9999.0000000000 9999.0000000000 9999.0000000000 561.3608281128 497.5358499214 502.7789566666 604.5924886130 768.9320091158 1105.8472758159 1011.1796390265 481.6056783311 150.7253630552 121.5363051742 198.3966494445 244.0340188332 219.9567505158 185.8977922238 186.3876997959
139.9528562324 147.6958268322 153.9508095011 178.9498440921 194.4995296653 204.7698420938 197.3699501250 176.1535028927 9999.0000000000 9999.0000000000 9999.0000000000 9999.0000000000 9999.0000000000 9999.0000000000 9999.0000000000 9999.0000000000 9999.0000000000 9999.0000000000 9999.0000000000 9999.0000000000 9999.0000000000 9999.0000000000 9999.0000000000 9999.0000000000 9999.0000000000 9999.0000000000 9999.0000000000 9999.0000000000 9999.0000000000 9999.0000000000 9999.0000000000 607.2047255002 600.1838673837 566.4074211381 542.3483708873 556.0425859876 687.2751647606 1180.2435982972 1055.9586659074 590.6141018495 235.4033323936 144.5962660946 181.1259223614 228.0724276789 210.7536848634 191.5845824406 189.5494961645
