model_inputs/inputs/pr8.asc
ncols 720
nrows 360
xllcorner -180
yllcorner -90
cellsize 0.500000
NODATA_value 9999.000000
[rows 63 to 83 of 360, columns 188 to 234 of 720]
9999.0000000000 9999.0000000000 9999.0000000000 9999.0000000000 9999.0000000000 9999.0000000000 9999.0000000000 9999.0000000000 9999.0000000000 9999.0000000000 9999.0000000000 9999.0000000000 9999.0000000000 9999.0000000000 9999.0000000000 61.0178117640 65.6322066206 66.3066947018 66.6596933152 67.1719019883 67.5585927092 67.7042853786 68.7484012451 69.3699748954 70.4792731558 71.7789511546 73.2273204485 74.4211978745 75.4515983281 76.3967359671 77.1100458805 77.8464725590 78.5310362116 78.9468786679 79.0607274394 72.4508177955 79.2233274551 78.9997129468 78.6868657451 78.2499386114 77.6681203279 77.1133509697 76.5827733558 75.5069833249 75.2289173543 74.6758217574 69.0042651258
9999.0000000000 9999.0000000000 9999.0000000000 9999.0000000000 9999.0000000000 9999.0000000000 9999.0000000000 9999.0000000000 9999.0000000000 9999.0000000000 9999.0000000000 9999.0000000000 9999.0000000000 9999.0000000000 9999.0000000000 9999.0000000000 9999.0000000000 63.8727393234 69.2810486653 69.6383990580 70.0719692395 70.2136165928 70.1009135228 71.2800477049 71.9240733306 73.5212140717 75.4949605325 76.9529763493 77.8732904582 78.7471635849 79.2953039054 79.3476195540 79.3278550263 79.2655250989 79.2501830729 79.1331517976 78.9359921473 78.6387085682 78.3416795894 77.9739754507 77.5264541153 77.0592814079 76.2937218533 75.5971589824 74.6644496103 73.7900531385 73.1396955089
9999.0000000000 9999.0000000000 9999.0000000000 9999.0000000000 9999.0000000000 9999.0000000000 9999.0000000000 9999.0000000000 9999.0000000000 9999.0000000000 9999.0000000000 9999.0000000000 9999.0000000000 9999.0000000000 9999.0000000000 9999.0000000000 9999.0000000000 9999.0000000000 73.4125940362 74.2528834962 74.4820756372 74.4464033050 74.9855666072 75.5610858905 77.0518084173 78.1412997167 78.6626740010 78.9919334929 79.0912323282 79.5331383124 79.4868953526 79.5323085040 79.7153284075 79.8923604889 79.5954305213 79.0370637551 78.3695017453 77.8091971879 77.4151796359 77.3711149232 76.9825429888 75.9309824207 74.8150881263 73.9187771687 73.2900275616 72.9075236013 72.9534506681
9999.0000000000 9999.0000000000 9999.0000000000 9999.0000000000 9999.0000000000 9999.0000000000 9999.0000000000 9999.0000000000 9999.0000000000 9999.0000000000 9999.0000000000 9999.0000000000 68.7108665588 78.6625655601 9999.0000000000 9999.0000000000 9999.0000000000 9999.0000000000 78.3312786953 83.0530441599 83.0971465912 83.2277188310 83.5151625797 85.0965888239 87.0229796274 89.0138125978 86.8650142802 83.9057477424 81.0687647900 79.4906483497 79.0965600754 79.7284921864 80.6470901007 81.3942571403 81.3738702564 80.8632834814 80.1181438146 78.6323388456 76.6872349195 75.0326629495 73.1285355287 70.0463913381 69.9387991335 70.7707056426 71.9159355504 72.7770409430 73.1050085742
9999.0000000000 9999.0000000000 9999.0000000000 9999.0000000000 9999.0000000000 9999.0000000000 9999.0000000000 9999.0000000000 9999.0000000000 9999.0000000000 9999.0000000000 9999.0000000000 81.8666161504 85.9507728601 86.3473081263 9999.0000000000 9999.0000000000 9999.0000000000 87.6470427029 92.0259511331 92.2544219065 92.4832604360 93.5276969103 95.2164324699 99.3041535839 101.8574740738 102.1098867059 97.6795584429 89.4109325018 80.3117437754 79.0372193442 82.3766937247 84.9351250799 86.5854159929 87.2126662871 87.3493395047 87.3039452126 84.8673448199 79.7415333800 74.8026315705 71.1445484776 67.6169574726 67.6086593885 70.4228131799 73.4788749833 75.3978069406 75.6595926359
76.4347138465 9999.0000000000 9999.0000000000 9999.0000000000 9999.0000000000 9999.0000000000 9999.0000000000 9999.0000000000 9999.0000000000 9999.0000000000 9999.0000000000 9999.0000000000 83.6851601489 84.2553516850 9999.0000000000 9999.0000000000 9999.0000000000 89.1766813584 94.4202501560 95.0713197235 95.6222936511 96.7499655671 98.4497149475 100.5754106445 102.7957327897 105.2591322223 106.9205029635 107.1500864346 106.4299447462 102.6058103889 93.9843084197 92.5931629026 91.4851989364 91.7840525508 91.5086410241 91.0982064670 90.5354737770 88.9704173896 85.8886032365 82.1610755520 77.3904409725 72.5531435455 71.3474554941 74.7862758581 78.9014796610 81.8195528118 82.0244306233
81.0343466001 80.5737086339 75.5632405635 77.7153345407 79.0479974239 78.0003454420 79.8055606429 80.6860345183 9999.0000000000 9999.0000000000 9999.0000000000 9999.0000000000 9999.0000000000 9999.0000000000 9999.0000000000 87.1789176017 92.1653023688 92.7329007536 93.5727328761 94.9156363495 96.7071644263 98.9041482098 101.2799274176 103.2384355785 104.8370237695 106.5823088866 107.9243165441 108.1221126951 108.6550288601 109.2987715965 107.0033517899 100.4251021659 93.8736987300 90.1059819153 88.2531517418 88.6889331741 88.8103115140 88.7481513200 89.7793014301 90.3521238361 88.6789094657 85.0949009182 81.0656624380 81.5620387439 84.1730120592 86.4180587232 86.1747645540
81.9734634133 81.5567770042 80.6503527565 77.7264332282 77.0210819319 80.8936092071 83.6924869800 85.0181059213 9999.0000000000 9999.0000000000 9999.0000000000 9999.0000000000 83.7986175902 88.4260064922 89.6226939512 90.8225120511 91.7733781971 92.5663355738 93.6126485467 95.3830636572 97.8665859438 100.9966798592 103.8188394159 105.0779793877 105.9513527434 107.6059247134 109.1565820388 109.6234341385 110.3146739770 112.5088194385 114.0283306595 111.6267613834 103.6227123113 95.9868812934 91.8673634296 90.2869461570 89.8729943438 89.6211474901 92.0728824567 95.0457748258 94.9385598069 94.3429742474 90.3007982997 87.8319768235 88.7147892499 88.7185139582 87.5853917096
83.2290955586 83.2951973425 83.2917083753 80.8531088987 76.3838456478 79.8486069543 83.1478592008 80.3909810493 9999.0000000000 9999.0000000000 9999.0000000000 9999.0000000000 9999.0000000000 87.3724326957 88.4109756444 90.7042360632 92.7062431583 93.9533037599 94.9813986663 96.5992044657 99.4555464713 102.9441081919 105.3198308218 105.7918786537 106.2338365009 107.8038623091 109.8320460878 111.6848102538 113.7032720726 116.8138560606 120.0296559837 120.7715612836 116.0395222250 108.4412777564 98.8785938825 94.7129462147 94.5149331819 95.4509287840 95.7337897271 96.4958273107 96.9492044533 96.5675397310 95.6020670710 94.2960617831 93.3077222435 92.3610051395 92.1405212721
84.8993018735 85.2904245257 86.0848623561 85.1191256661 80.1272999961 80.8253103169 83.6582479533 84.9836688722 9999.0000000000 9999.0000000000 9999.0000000000 9999.0000000000 9999.0000000000 83.0429827329 88.9696158702 92.4290305702 95.1026544208 95.7205976592 96.4406073326 97.9569879128 100.2143591177 103.7477965001 105.5297252024 105.8272869559 106.3464169856 108.2392288372 110.7787914807 114.1050690785 117.4675187794 120.6962090218 123.7417944940 124.8687497573 124.0946422331 121.9712850871 109.1868983349 99.0262526320 99.2365807761 99.8340145452 100.1154610422 100.0398730393 99.6754362714 99.3412969401 98.9031298086 97.9256154969 96.9757300336 96.3151648175 96.8612070428
86.5737138083 86.9402062381 86.8454194861 86.0140646109 82.0813667960 80.8491861681 83.5098348325 84.9724853178 81.5597662004 81.8868521601 9999.0000000000 9999.0000000000 76.6199355712 85.2496507578 91.2526356988 93.5659906827 95.5568990903 96.1791799637 96.5931223473 98.0988191441 100.6529411534 103.6323211156 105.3401988465 106.1004259391 107.3952571023 109.4388111960 112.7414298244 117.2799443593 121.4191701729 124.4115913287 126.6390045639 126.9775758265 126.5095827403 124.1494850256 114.9034013506 105.4662354290 104.8444637563 104.5408576028 103.9843484759 103.4888208378 102.1970731672 100.9434872540 99.8884895816 98.8923988771 98.2736164005 98.3966543572 99.2202769266
86.0171386739 85.9359683236 85.9453508165 86.2498622155 81.9896918256 81.2665798003 82.9714494757 84.2581428587 80.5889940821 81.3507016283 85.9857379692 9999.0000000000 9999.0000000000 9999.0000000000 91.4020860801 92.7695443388 94.3669255357 95.5155029660 96.0805930663 97.5464779185 100.1858155942 103.3408697695 105.3276857128 105.8168577729 106.6334929783 108.7400370743 112.4621332856 117.7033352433 123.1965443585 126.6300935531 128.2626850298 128.9681070484 128.5239615245 125.3311227774 119.8152448051 115.1384823024 112.6235121628 110.2833204204 107.7138280962 105.8457407635 103.8219889160 102.5084964931 101.7597452737 100.9303234750 100.5777869141 101.1540511390 102.0882928278
83.9733676985 83.1431255210 83.2351116696 82.2506099939 80.7027249830 82.0429032901 83.1542807864 83.9470024221 84.1393859591 79.7163373791 9999.0000000000 9999.0000000000 9999.0000000000 9999.0000000000 83.8026817655 90.4037982691 92.6477510948 94.6730776923 96.0637988755 96.6745190090 99.8245566152 104.1073392844 104.2962338543 103.2287230482 102.9174977448 105.2606598241 110.7987917494 115.1864508865 118.9536207821 123.1835314538 125.4631566117 127.1127591608 125.9327244479 124.2312494433 122.1692886902 119.9911358999 117.6910767099 114.7544601699 111.6870733676 108.2490262343 105.3975122049 105.9570482466 106.1121092644 104.2975540040 102.7693297947 102.9948490905 104.2355541140
81.9795078132 77.7165368199 74.9790082918 77.0852789283 80.3873789264 81.6925826948 82.3929881444 83.1198625965 83.7282818975 83.9789594756 83.5768324323 9999.0000000000 77.3969238508 77.7994516538 83.9225796517 86.1356221139 90.7024444314 94.8639619164 96.0337371798 101.5396763105 103.3976173494 101.8845654326 99.6479488676 98.6872004578 99.3137152400 101.0763791855 102.4565297412 102.7124407701 104.4832424959 108.7695989991 115.3766184580 118.4617989929 119.0357812447 119.6541582467 119.9655155651 119.3190476624 117.5839182688 115.3751851525 113.2693294203 108.9448771672 103.7828747649 107.9616579227 107.1599026909 105.9178775176 105.1838648273 104.2673131451 102.9943964677
76.4104560949 73.6244026339 75.2338679158 76.5871911426 77.5988643290 78.8681411650 79.9578587757 81.0086979764 82.1319756797 82.7724463306 82.5664841104 81.4598591533 77.0774994744 81.8401471479 84.8295885371 88.9494081493 93.8931615092 96.5840510326 95.7922535017 101.9953165669 100.5201152293 98.3323253458 96.9663286814 96.1609901860 96.0262500448 97.4758499069 97.3032780457 95.5796716735 95.7570432220 96.3970235316 101.2467256514 106.1948826537 109.1232199688 110.2811044548 111.2096600700 107.6443599304 106.6374628572 103.3551462460 100.9349345695 97.2763375612 98.3767672442 104.3671636144 103.6549051059 102.0067264326 102.2272291593 101.6326054232 99.5285413228
76.5769316931 74.6564108413 75.2727133222 75.3321294906 74.5687246090 75.2887201379 76.5527588082 77.7341985377 79.3210185366 80.9029634111 81.6808522213 81.0739982408 81.2187055126 85.1451609051 90.8539504744 94.3117432762 95.7653507357 95.5203969497 94.6035340894 101.1468846118 101.0406031273 98.3687614789 96.8889961950 95.6452265382 94.1374740796 94.6100028232 96.0806685034 95.3228271101 95.2728028642 93.6904902337 98.6931128427 104.6648196643 106.2894148054 107.2858638363 104.7072813381 96.1386419367 90.6517129624 88.4982375428 88.7250769883 90.6689692056 95.3530491097 102.6777868392 101.8389636884 95.5857915105 93.7990348320 94.4507644745 92.3443335341
76.3189037098 73.7474783091 73.8983384217 74.1450272617 72.7659846889 73.0433245772 73.7529239268 74.2155138287 75.4399951547 77.7167537017 79.9608668312 79.8200445715 86.1783478176 95.2652591513 96.4497540845 96.0443832446 95.6285077846 95.3727570595 94.7994160233 100.6868501427 101.7725035781 99.4305579225 97.8541859658 96.0579242092 94.2467259010 93.9317287412 97.6150125498 101.3814657927 101.0121727595 100.7773841266 103.7324450444 106.8304498913 103.4383911174 99.4242683519 95.0712442864 92.4835716141 89.6059280494 87.1353526600 86.1750285840 86.9582168525 88.5107978247 97.7783716517 100.0654745148 88.1024849368 90.6935428502 95.4663179582 86.4451217931
77.1256000735 73.8547876244 70.7692581927 70.9718964645 72.0246451674 72.9551149998 74.4206603849 74.4766111602 73.8527508220 73.8289834117 75.7310174522 77.3171632318 88.3749732748 96.8437433476 97.4626766983 96.4597023558 95.4346626531 96.5047100326 98.8740393659 102.1055490710 101.4234182658 100.5969385151 98.0323590338 94.6022988064 95.2357066562 94.8637544643 95.9051168757 99.3838151917 101.9201717572 104.2900951579 108.1572946860 101.0463929269 88.1592608057 86.7423723685 91.9799439143 94.0774072660 92.4995454261 88.5627645766 81.3348221127 9999.0000000000 9999.0000000000 9999.0000000000 9999.0000000000 84.2152379919 82.2906105313 78.3881535754 72.6199101191
82.3217094876 76.3039247249 69.4111588527 70.1379531529 72.3598924815 74.5995972538 76.2224149075 76.9172427244 77.8482500464 78.6575631355 80.4633535445 81.7061519483 83.8879540097 90.5819053296 95.7171369810 97.9534517974 98.6057566479 101.2858209433 103.3512800932 101.9490641775 99.4853912853 97.5094760070 95.3497298760 93.6379671330 92.5579809118 90.4165282845 91.3068655645 93.2510878192 99.1063385736 106.3474825351 104.1923380690 90.0143918116 86.0182890901 89.0429784777 94.4674643688 94.4445974892 89.0080605168 88.5388604365 80.2259717602 79.2468261207 79.6202776255 79.2403762462 83.2313869614 85.6433382723 68.9429913182 67.6278769970 67.9932425846
83.1918013282 83.2572901854 79.1662026895 77.5559406029 77.6469932171 76.8221400795 76.2671114062 79.6114326222 85.0106565049 83.2369127311 82.2117975913 82.9282994382 79.2138506658 89.3781927880 96.2840847205 99.0093169967 99.6665629791 100.6441432983 98.6530180089 93.0010608863 89.7868451430 96.1769262794 96.0761705646 94.9993998511 92.7190957591 86.6592783714 84.0337456902 90.0507242186 101.2281869771 106.2520074192 101.4932636172 98.0001096614 96.1486656452 97.7665846003 91.6348850587 85.4965376202 98.3477239497 101.9394836621 91.4536662167 87.5417136122 91.1089562578 95.1396374730 94.7087594541 91.7631658958 9999.0000000000 9999.0000000000 9999.0000000000
84.0098321205 87.7939093625 87.1481864015 83.6070355726 82.2638209211 79.8591492930 77.1985430620 77.5492219836 78.2077126787 76.9059743034 79.6685668174 86.7231076118 89.0945397550 93.9220444998 97.8135442128 97.5563507527 98.2337855967 100.1572343521 92.1027084114 85.1312238956 89.6830625134 103.0726247700 103.1477601500 97.2455403535 93.8868530793 91.3211609004 95.0756762177 102.6884611929 110.0254574558 107.6466513332 98.3211040730 100.0827779062 98.5963552957 92.3386757495 100.0907176640 98.4953826992 99.4031459559 97.1880384022 89.1328429570 86.9546807371 96.6126228450 106.6393487854 98.6424379516 94.1891296534 9999.0000000000 9999.0000000000 9999.0000000000
