model_inputs/inputs/pr8.asc
ncols 720
nrows 360
xllcorner -180
yllcorner -90
cellsize 0.500000
NODATA_value 9999.000000
[rows 21 to 41 of 360, columns 235 to 281 of 720]
29.9247490475 29.9697920855 30.0345878641 30.0599960319 30.1125709957 29.8309594800 29.7921447200 29.7695536574 29.7334098432 29.7022425220 28.5397681582 28.4806018753 28.4321877407 28.3392468409 28.2276965445 28.1089278578 27.9753287032 27.8450417100 27.7251697553 27.5855497748 27.4391428102 27.2259551275 28.0386251688 27.8715814347 27.6753246726 27.4836271419 27.2409529716 27.0262471167 27.0153770980 27.1459045471 27.2522803280 27.3792433727 28.7917706009 28.9001643250 29.0266771044 29.1822048894 29.2653978977 29.2185891594 29.1725772258 28.9810588583 28.8077656296 28.4180880699 28.1191967370 27.7974738856 27.4201656575 25.7236082107 25.4340404354
32.1538549033 32.1145804483 31.9899866008 31.9694959908 31.9470298709 31.3611002639 31.3070707780 30.1187780569 30.0158983155 31.0204591951 30.9582659975 30.9118320874 30.8360342751 30.7419311721 29.5104436227 29.4221633230 29.3483056594 29.2033202131 29.0809588332 28.9680483111 29.0449564636 28.8542631897 28.6663752340 29.6527227620 29.5001653139 30.6304940314 30.4595299240 30.3988501837 30.3268147982 30.2566181927 30.2730988478 30.3935577977 30.5261244066 30.7009617391 31.0099828639 31.1701547471 31.2875938544 31.2625369406 30.9237299371 30.2596215333 29.3201793975 28.4639208403 25.8573535248 25.2194383065 25.1045593468 24.7230124951 24.3299449794
34.0407402255 33.8875109155 33.6765439133 33.5327018111 33.3586565685 32.5778587139 32.2854667611 32.2111753339 32.1226640081 32.0920931117 32.0365454536 32.0099892269 32.0246829651 31.8859635154 31.7694249388 31.9301673153 31.0910070548 31.0602899990 31.0094288725 30.9917812992 30.9047834307 32.0886725094 32.0651832735 31.9431118551 31.7861413350 31.5090866934 31.2761887035 32.7997617424 32.6103084662 32.3587539315 32.2320171981 32.1150825766 32.1489444177 32.2242848924 32.4652499403 32.6833787549 32.6858469634 32.1503305750 30.5846848350 28.4040944825 26.8686825293 25.9700919560 25.3721867048 24.9953758903 24.7131137294 24.6043569641 22.7071202535
35.0753038656 34.9735438940 34.7496488539 34.5780529606 34.4618090603 33.8143534027 33.7385909515 33.6808626889 33.6720530468 33.5904371459 33.5584635905 33.8054753956 33.7904421904 33.8596321817 33.8679632696 33.8583261764 33.9411585010 33.9852727193 34.0902034077 34.1331530653 34.5924779540 34.6589286346 34.7823437769 34.7704930755 34.7069891577 34.4986813143 36.1569709203 36.0194066016 35.8613304561 35.6210632017 35.3565735568 35.1508706517 34.8200694134 34.4286214386 34.1103922692 33.8107677817 33.1809172640 29.5690370549 26.6900898423 25.6028640142 25.1005305327 24.7190496884 24.2831951764 23.9856522821 23.7808711245 23.6437853600 23.6757471284
35.4534560465 35.3749731439 35.3158775833 35.2722324897 35.2522416506 35.1289868122 35.1713188284 35.3185673885 35.3803221078 35.4511151381 35.4945457075 35.6194082997 35.7337709866 35.8020227286 35.8960645390 36.0306066577 36.1000583216 36.2473705318 36.3141300331 36.4413712523 36.5510804113 36.6717963188 36.7183551716 37.2395337909 37.3972610396 39.4187592028 39.5890325890 39.7462624242 39.9210266769 39.9321395089 39.9595609051 40.0487275911 40.2765430044 40.6775102019 40.9935729112 41.2055936758 40.5296440003 37.5693449168 33.8987251162 31.2709269638 29.2987693974 27.6252249896 26.1331941001 25.5647329031 25.2955661563 25.2586514689 25.3357246402
34.2953971121 34.4609580352 34.6683016978 34.8883329425 34.9314900523 35.0986705162 35.2255981998 35.6320605206 36.0189327621 36.0358188918 36.2299492699 36.3865096006 36.6351715929 37.0644748618 37.5538803055 37.7018337313 37.9479072872 38.1527403079 38.4355776769 38.6919601879 38.8866021240 39.1853920883 39.3540341465 39.6543375682 42.1303019975 42.5141496817 42.9215290351 43.2153849397 43.5940038878 44.0532274079 44.4457550766 44.9480343377 45.6112728571 46.1337881279 46.5087248012 46.6288489988 46.1613415391 44.7188987746 42.7482923842 40.6067454605 37.6190061215 34.1884579102 31.6146303085 30.6148644013 29.8938764026 29.5789758966 29.6111073985
26.5333032003 32.8273151536 33.0440012331 33.2120940147 33.3705779922 34.1286362673 34.3399285921 34.8156304099 35.3672431957 35.8531950333 36.4179362368 37.0486660686 37.2925071570 37.6888797618 38.2088089536 38.8158020214 39.1358440393 39.4061140541 39.7359511117 40.1409164770 40.6847804552 41.0292688175 41.3098242134 43.7150804792 44.1877129488 44.6701993933 45.0769941090 45.4831947573 45.8704559715 46.3155633188 47.0903356327 47.8830902721 48.6642323085 49.4756387779 50.0211576582 50.3208787995 50.2255356987 49.4485851377 48.1686858111 46.8057160615 43.0646568420 41.8048615102 39.3431853445 37.5022813096 36.2031667319 35.5837265379 34.9746919528
9999.0000000000 9999.0000000000 9999.0000000000 9999.0000000000 27.1081836254 33.7571697019 34.1761357267 34.5704644569 35.1853194879 35.6074680167 36.1048391496 36.9576511730 37.7675182535 38.5056752712 39.2114721180 39.8125905194 40.2115114848 40.7358749653 41.2461175583 41.7879588786 42.3770002672 42.7453220473 43.1691985577 45.5846812692 46.0135413450 46.4724489721 46.8772304594 47.2317755339 47.5234909100 47.8676728089 48.1722690747 48.4063221957 48.8070395077 49.2623497266 49.6829352924 50.1004326507 50.3449102398 50.3272956703 49.7247698950 48.7541627954 47.2947466769 45.5841767834 42.6028071670 41.2471736781 40.2711916831 39.3536215997 39.6684961743
9999.0000000000 9999.0000000000 9999.0000000000 9999.0000000000 9999.0000000000 9999.0000000000 9999.0000000000 9999.0000000000 35.8680443605 36.6490190208 37.1097347816 37.5072082970 38.3680520172 39.0567269933 39.9615364149 40.8537737676 41.9170270907 42.6704789861 43.1741019711 43.6690496863 44.2370582605 44.6872151806 45.0341316755 47.2114923759 47.6146566798 47.9590648902 48.2700308785 48.5283747548 48.6295500887 48.7881425070 48.8138712826 48.7851250218 48.5152816982 48.2114728075 47.9650102789 47.7445311262 47.6541951648 47.5626710686 47.1055833623 46.6534415027 45.9808676387 45.1821110328 44.3650467787 43.5910429806 42.0049914974 41.4612501045 41.0623244243
9999.0000000000 9999.0000000000 9999.0000000000 9999.0000000000 9999.0000000000 9999.0000000000 9999.0000000000 9999.0000000000 9999.0000000000 36.1434983206 37.1292022755 38.0824989115 38.6490812525 39.6510466235 40.5966981780 41.4780914434 42.0308805769 43.1745357346 43.9895961899 44.5191129693 45.3437822289 45.3980262391 45.6063788733 45.6336729694 45.6025645835 47.6083623944 47.7041911217 47.7512308862 47.6650156779 47.6379903266 47.4235932925 47.2018081346 46.7433484155 46.1533216294 45.5360384658 45.0214440934 44.4030718063 43.9761259477 43.6319251894 43.4930124320 43.4395133634 43.3636613307 41.5474275942 41.3669489790 41.2989188335 40.4162195628 40.2361605666
9999.0000000000 9999.0000000000 9999.0000000000 9999.0000000000 9999.0000000000 9999.0000000000 9999.0000000000 9999.0000000000 9999.0000000000 9999.0000000000 27.9922737682 38.9180287602 39.3669951882 39.9364158511 41.0004329751 41.9423315325 42.7534315386 43.4508006438 43.5748381424 43.6576351058 43.9450505655 44.3859617226 43.7649915693 43.5117349843 43.3464333764 45.1135339681 45.0017455732 44.7782630799 44.4048115751 44.1040107398 44.0417939681 43.6569703161 43.3025431121 42.8270911798 42.3295691726 41.7757144896 41.3455342641 39.5214904274 39.1863279801 38.6368274339 38.0494008714 37.6546195184 37.5313976838 37.7524826908 38.2883597631 39.1362565861 40.0053559570
9999.0000000000 9999.0000000000 9999.0000000000 9999.0000000000 9999.0000000000 9999.0000000000 9999.0000000000 9999.0000000000 9999.0000000000 9999.0000000000 9999.0000000000 29.1526830406 40.7602505875 40.9472262254 40.7847865135 41.0407541203 41.3821024122 41.5904503316 41.8088078150 41.9441891718 42.0546149835 41.7948566610 41.7965304223 41.8372428976 41.6748974822 41.4989403798 42.3612480517 42.0860911254 41.6483483277 41.2465277477 40.7552811666 40.2996691992 39.7186618648 40.6666991184 40.3271188843 37.6376037311 37.1008473448 36.6391933348 36.2184804690 35.6984263344 35.2052820381 34.3553319108 33.2375729049 32.5064008939 32.6370886469 33.6692477285 35.2589791291
9999.0000000000 9999.0000000000 9999.0000000000 9999.0000000000 9999.0000000000 9999.0000000000 9999.0000000000 9999.0000000000 9999.0000000000 9999.0000000000 9999.0000000000 9999.0000000000 27.5057349354 40.8554192400 40.2334589744 39.6879448090 39.2327359586 39.4598865823 39.8172534769 40.0934712379 40.0254269480 40.5508088297 40.4765598360 40.2183291153 39.7696715081 39.4552495563 39.0077517950 38.4653305518 37.8186434100 37.2444772802 36.6375926533 37.7474873385 37.1430567757 36.6153528448 36.2183720281 35.9657330846 35.7514138450 33.2189187175 32.8356415266 32.2988592088 31.6528769326 30.5405305407 29.0237161971 27.6585021929 26.9942735613 27.2109407815 28.1165847264
9999.0000000000 9999.0000000000 9999.0000000000 9999.0000000000 9999.0000000000 9999.0000000000 9999.0000000000 9999.0000000000 9999.0000000000 9999.0000000000 9999.0000000000 9999.0000000000 29.7383439029 38.9331067563 38.8735184970 38.3315899526 37.8432335565 36.9919184886 36.7829411407 36.5367968625 36.5853807307 36.9791483972 36.3582253922 35.8151157852 35.3012804990 34.9960052990 34.2975470703 33.5770423408 32.9250887444 32.4758700735 31.9571431610 31.4079137170 30.8961553092 31.9642648974 31.5747146378 31.2237764010 30.9146751242 30.6560955069 30.3854483063 27.9091750563 27.5661860069 27.1214534878 26.6560865566 25.3057855298 23.4870482236 21.7451412755 20.5632394936
9999.0000000000 9999.0000000000 9999.0000000000 9999.0000000000 9999.0000000000 9999.0000000000 9999.0000000000 9999.0000000000 9999.0000000000 9999.0000000000 9999.0000000000 9999.0000000000 9999.0000000000 31.0239104438 30.8748537500 34.7112820018 33.8199239632 33.0101653235 32.4946892797 32.0929158479 31.6721864801 31.2160063768 30.4833138362 29.8658420797 29.4029292127 29.0113704395 28.4398328222 27.8946816979 27.4193264195 26.9852729689 26.5140525880 26.1742649018 25.9409944410 25.7196996245 26.7508780234 26.7174782348 26.6429322073 24.3123964174 24.7745030501 24.6139610535 24.5941493777 24.5558343886 24.4239537860 23.5239204776 21.5926781239 21.3271582907 22.4256431102
9999.0000000000 9999.0000000000 9999.0000000000 9999.0000000000 9999.0000000000 9999.0000000000 9999.0000000000 9999.0000000000 9999.0000000000 9999.0000000000 9999.0000000000 9999.0000000000 9999.0000000000 31.4155635133 30.7114239258 29.7264130495 28.6746968923 28.3825477527 26.4283465804 25.9025309351 24.7164023167 24.2010606453 23.3594510355 22.9137071874 22.6457191457 22.5376106682 22.5681320590 22.5436715700 22.4366993643 22.5605459127 22.7372455993 22.9497944238 23.0105354567 23.1613837823 23.3242501854 22.9375146737 23.0740841653 22.0084993634 22.0580026216 22.0845117001 24.0689843777 24.1582194285 24.2687183199 23.6325287260 24.3709403439 30.4638722737 43.7376927584
9999.0000000000 9999.0000000000 9999.0000000000 9999.0000000000 9999.0000000000 9999.0000000000 9999.0000000000 9999.0000000000 9999.0000000000 9999.0000000000 9999.0000000000 9999.0000000000 9999.0000000000 9999.0000000000 24.6194113861 24.7146295442 24.4730916456 19.6085390198 20.3997766657 20.0205377187 19.3462735915 18.6008416058 18.6211554101 18.7796063838 19.3670553417 19.9276392523 20.4994574015 21.0864006949 21.8723966391 22.5976491929 23.1722585158 23.6309068277 22.7464890049 23.0529546971 24.0247900074 23.5346466943 23.7922220549 24.0369165258 24.2133333231 24.3443676154 24.3885431264 24.3175426440 24.0008292894 25.2061778738 32.3573913483 47.2926250077 64.3519536825
9999.0000000000 9999.0000000000 9999.0000000000 9999.0000000000 9999.0000000000 9999.0000000000 9999.0000000000 9999.0000000000 9999.0000000000 9999.0000000000 9999.0000000000 9999.0000000000 9999.0000000000 9999.0000000000 9999.0000000000 21.7087758647 21.0489013698 18.4326781018 18.1451530225 19.8335950845 19.1392234265 19.0092865087 19.3372211361 20.2655645844 21.2917617755 22.5359981996 23.5800150549 24.5869687060 25.5444025970 26.2852847809 26.4839814627 27.0037974988 27.3375950055 27.5562141615 27.6634763286 27.8512605582 28.0619988916 28.1553971290 28.2535384758 28.2612071314 27.9911492835 27.6125303353 28.1087651965 34.5782604127 51.9896470942 71.4647319401 85.6338237645
9999.0000000000 9999.0000000000 9999.0000000000 9999.0000000000 9999.0000000000 9999.0000000000 9999.0000000000 9999.0000000000 9999.0000000000 9999.0000000000 9999.0000000000 9999.0000000000 9999.0000000000 9999.0000000000 9999.0000000000 29.0206444915 27.9232487956 29.3934052752 24.7842344397 24.1348645650 25.1255544426 25.4104474734 26.0578347661 26.4927180251 27.0304244477 28.2309898466 29.0609703516 29.8812571855 30.6088105717 30.5275647843 30.9380983526 31.3975528989 31.4887964632 31.3995284087 31.3784413738 31.5999200684 31.6414411354 31.7180121783 31.6719059483 31.6264739376 31.6668775922 32.3860668868 36.8371167860 54.2441705475 75.6557689165 90.3670886764 98.4414734412
9999.0000000000 9999.0000000000 9999.0000000000 9999.0000000000 9999.0000000000 9999.0000000000 9999.0000000000 9999.0000000000 9999.0000000000 9999.0000000000 9999.0000000000 9999.0000000000 9999.0000000000 9999.0000000000 9999.0000000000 36.9063539256 40.3009516303 39.9384573684 38.9862946467 34.5839865622 33.6948232725 32.4552356615 33.2885754760 29.9863528926 32.5580493954 33.1065079663 33.5187978053 33.9666821819 34.0693756880 34.5669967064 34.7633218335 35.1397035993 35.2859596896 35.2261451189 35.2196693129 35.3383837792 35.7479625964 35.7795401069 35.7604804449 35.6858801970 35.9447309165 38.9045585180 52.6797648054 74.3235775153 91.3746363949 99.8501298018 104.4684473891
9999.0000000000 9999.0000000000 9999.0000000000 9999.0000000000 9999.0000000000 9999.0000000000 9999.0000000000 9999.0000000000 9999.0000000000 9999.0000000000 9999.0000000000 9999.0000000000 9999.0000000000 9999.0000000000 9999.0000000000 9999.0000000000 46.4216279215 47.0629896736 42.5721702632 43.7749917037 40.1988144731 9999.0000000000 36.1893853114 34.9921014276 34.7334345861 35.0914757000 35.4521170375 35.7522224367 35.9697076783 36.4175260474 36.9704259792 37.2451774310 37.4516747834 37.3742079246 37.4506870285 37.7307992312 37.9854089697 38.4757526626 38.4184558061 38.2734845043 38.7590190803 46.4224341558 67.5089032156 88.5934486287 97.6485726424 104.0785600198 106.0472710524
