model_inputs/inputs/pr8.asc
ncols 720
nrows 360
xllcorner -180
yllcorner -90
cellsize 0.500000
NODATA_value 9999.000000
[rows 21 to 41 of 360, columns 517 to 563 of 720]
9999.0000000000 9999.0000000000 9999.0000000000 9999.0000000000 9999.0000000000 9999.0000000000 9999.0000000000 9999.0000000000 9999.0000000000 9999.0000000000 9999.0000000000 9999.0000000000 9999.0000000000 9999.0000000000 9999.0000000000 9999.0000000000 9999.0000000000 9999.0000000000 9999.0000000000 9999.0000000000 9999.0000000000 9999.0000000000 9999.0000000000 9999.0000000000 9999.0000000000 24.4822714012 9999.0000000000 9999.0000000000 9999.0000000000 25.5477972678 21.8849734229 21.8031477125 21.7260580393 21.6405854153 28.4498188121 21.5256593074 21.5813743416 21.7797504156 22.2068683652 22.6402263797 23.0937638262 23.4563971753 23.5678060271 9999.0000000000 9999.0000000000 23.5050187621 23.4371442057
9999.0000000000 9999.0000000000 9999.0000000000 9999.0000000000 9999.0000000000 9999.0000000000 9999.0000000000 9999.0000000000 9999.0000000000 9999.0000000000 9999.0000000000 9999.0000000000 9999.0000000000 9999.0000000000 9999.0000000000 9999.0000000000 9999.0000000000 9999.0000000000 9999.0000000000 9999.0000000000 9999.0000000000 9999.0000000000 9999.0000000000 9999.0000000000 9999.0000000000 9999.0000000000 9999.0000000000 9999.0000000000 9999.0000000000 9999.0000000000 9999.0000000000 9999.0000000000 9999.0000000000 9999.0000000000 42.9399686982 41.4432866382 38.5968033224 29.4980271428 30.8035468042 24.0450778801 24.0300988953 23.7835491425 23.6678639485 23.7770851236 23.6145181116 23.4671776125 23.3071966795
9999.0000000000 9999.0000000000 9999.0000000000 9999.0000000000 9999.0000000000 9999.0000000000 9999.0000000000 9999.0000000000 9999.0000000000 9999.0000000000 9999.0000000000 9999.0000000000 9999.0000000000 9999.0000000000 9999.0000000000 9999.0000000000 9999.0000000000 9999.0000000000 9999.0000000000 9999.0000000000 9999.0000000000 9999.0000000000 9999.0000000000 9999.0000000000 9999.0000000000 9999.0000000000 9999.0000000000 9999.0000000000 9999.0000000000 9999.0000000000 9999.0000000000 9999.0000000000 9999.0000000000 9999.0000000000 9999.0000000000 9999.0000000000 9999.0000000000 9999.0000000000 9999.0000000000 9999.0000000000 9999.0000000000 9999.0000000000 25.8404626802 25.1041562296 24.5770298643 23.9928659576 23.4215405071
9999.0000000000 9999.0000000000 9999.0000000000 9999.0000000000 9999.0000000000 9999.0000000000 9999.0000000000 46.7971963808 9999.0000000000 9999.0000000000 9999.0000000000 9999.0000000000 9999.0000000000 9999.0000000000 9999.0000000000 9999.0000000000 9999.0000000000 9999.0000000000 9999.0000000000 9999.0000000000 9999.0000000000 9999.0000000000 9999.0000000000 9999.0000000000 9999.0000000000 9999.0000000000 9999.0000000000 9999.0000000000 9999.0000000000 9999.0000000000 9999.0000000000 9999.0000000000 9999.0000000000 9999.0000000000 9999.0000000000 9999.0000000000 9999.0000000000 9999.0000000000 9999.0000000000 9999.0000000000 9999.0000000000 48.9522889839 33.9733512956 26.3117467111 9999.0000000000 9999.0000000000 9999.0000000000
9999.0000000000 9999.0000000000 9999.0000000000 9999.0000000000 9999.0000000000 9999.0000000000 9999.0000000000 46.0777194821 9999.0000000000 9999.0000000000 9999.0000000000 9999.0000000000 9999.0000000000 9999.0000000000 9999.0000000000 9999.0000000000 9999.0000000000 9999.0000000000 9999.0000000000 9999.0000000000 9999.0000000000 30.9545318596 29.8761911108 9999.0000000000 9999.0000000000 9999.0000000000 9999.0000000000 9999.0000000000 9999.0000000000 9999.0000000000 9999.0000000000 9999.0000000000 9999.0000000000 9999.0000000000 38.3164506638 38.2323665544 9999.0000000000 9999.0000000000 9999.0000000000 9999.0000000000 9999.0000000000 9999.0000000000 9999.0000000000 9999.0000000000 9999.0000000000 27.4895112379 34.7665373411
9999.0000000000 9999.0000000000 9999.0000000000 9999.0000000000 9999.0000000000 9999.0000000000 9999.0000000000 9999.0000000000 9999.0000000000 9999.0000000000 9999.0000000000 9999.0000000000 9999.0000000000 9999.0000000000 9999.0000000000 9999.0000000000 9999.0000000000 9999.0000000000 9999.0000000000 9999.0000000000 9999.0000000000 9999.0000000000 9999.0000000000 9999.0000000000 9999.0000000000 9999.0000000000 9999.0000000000 9999.0000000000 9999.0000000000 9999.0000000000 9999.0000000000 9999.0000000000 31.1893464241 31.1400364735 31.0659383540 30.0195334421 9999.0000000000 30.0665496325 9999.0000000000 9999.0000000000 9999.0000000000 9999.0000000000 9999.0000000000 9999.0000000000 36.9696645357 36.6016115004 36.4566189819
9999.0000000000 9999.0000000000 9999.0000000000 9999.0000000000 9999.0000000000 9999.0000000000 9999.0000000000 9999.0000000000 9999.0000000000 9999.0000000000 9999.0000000000 9999.0000000000 9999.0000000000 9999.0000000000 9999.0000000000 9999.0000000000 9999.0000000000 9999.0000000000 9999.0000000000 9999.0000000000 9999.0000000000 9999.0000000000 9999.0000000000 9999.0000000000 9999.0000000000 9999.0000000000 9999.0000000000 9999.0000000000 9999.0000000000 21.8904874055 21.3822108926 21.1058587593 21.0039974190 21.5547450352 22.5437729387 23.6254423507 25.3415828047 26.4133393066 28.1357127533 29.3064451253 30.1394148264 30.5510092294 30.7349084469 38.8854210614 38.8021243270 38.6721720861 38.3936369908
9999.0000000000 9999.0000000000 9999.0000000000 9999.0000000000 9999.0000000000 9999.0000000000 9999.0000000000 9999.0000000000 9999.0000000000 9999.0000000000 9999.0000000000 9999.0000000000 9999.0000000000 9999.0000000000 9999.0000000000 9999.0000000000 9999.0000000000 9999.0000000000 9999.0000000000 9999.0000000000 9999.0000000000 9999.0000000000 9999.0000000000 25.6478669762 25.1491497620 24.7810566507 24.4096466631 24.0476545296 23.6054515117 23.0145171226 22.5185698655 22.2460768127 22.3208632960 22.7702587727 23.5471221094 24.4830399170 25.5015024450 26.5737209993 27.6443483017 28.5992149729 29.4053290563 30.0665024843 30.5134556838 30.9349512099 31.1674177938 31.2675181485 31.2069939973
9999.0000000000 9999.0000000000 9999.0000000000 9999.0000000000 9999.0000000000 9999.0000000000 33.3329584391 32.6977613149 9999.0000000000 9999.0000000000 9999.0000000000 9999.0000000000 9999.0000000000 9999.0000000000 9999.0000000000 9999.0000000000 9999.0000000000 27.5270058482 27.3187121493 27.0691024780 26.7986344406 26.4513124712 26.0901265719 25.7395608060 25.3778515616 25.0521116832 24.8101093748 24.6237843821 24.4448380836 24.3135067576 24.2198751366 24.1882386908 24.2729970196 24.5172082214 24.9238473480 25.5150787707 26.2006183912 26.9699073688 27.8069671767 28.6259079294 29.3148139317 29.9055055075 30.4249962210 30.9375372890 31.4326641674 31.8119926960 32.0955655770
9999.0000000000 45.5587686156 45.3970455565 9999.0000000000 9999.0000000000 9999.0000000000 9999.0000000000 9999.0000000000 9999.0000000000 9999.0000000000 9999.0000000000 9999.0000000000 9999.0000000000 36.6209045460 29.1002353770 28.8407151529 28.3867675171 27.9801401775 27.6545841771 27.3218380753 27.0029559033 26.7362078594 26.4669373864 26.1895762815 25.9221351589 25.6634636025 25.4535032145 25.3268702072 25.2954435709 25.3602959274 25.5283392034 25.6285951473 25.7604286016 25.9967872698 26.3529589574 26.8456671329 27.4554631615 28.1485724263 28.9241604041 29.7478277644 30.5666388595 31.2498328567 31.8882407737 32.6431825524 32.6939045917 41.9611059478 41.7644649278
9999.0000000000 9999.0000000000 9999.0000000000 9999.0000000000 9999.0000000000 9999.0000000000 9999.0000000000 36.6620885034 36.0135531519 9999.0000000000 9999.0000000000 9999.0000000000 37.3035233351 38.6504179041 29.5291614602 29.6215860872 29.3144791794 28.9104992116 28.4172653337 28.0445139797 27.6908081432 27.3507941456 27.0739516709 26.8629445927 26.7094630399 26.5822878282 26.4618713118 26.3446302270 26.3151555264 26.3283240201 26.3827896270 26.4816617710 26.6587645747 26.9586318755 36.9251613447 37.5995009090 29.1591800633 30.2389305434 31.2939282157 32.3822620267 33.4223537939 34.4042151701 44.5692833746 45.6955219852 45.9361287067 44.5090421126 43.9595816424
9999.0000000000 9999.0000000000 9999.0000000000 38.1497181079 38.0120335612 37.5993571070 37.0762076927 36.7507318442 36.2569439749 35.6609435112 35.0305059983 34.4026663515 33.7451681262 33.1113100110 32.5291451882 31.9257283118 31.1566208547 30.3753963090 29.6996399411 28.9819688187 28.4441704571 28.1086567556 27.8060972923 27.6584267558 27.8364300902 28.1124946196 28.4821671958 28.9403086645 38.4445664822 38.8288597169 38.9580623014 39.4179647556 40.2271316852 41.2469049334 42.5247061648 44.6232916438 46.9036664581 48.0654925341 48.4651867300 49.1123335669 49.3547036313 49.6354994830 49.5521791745 49.1949372226 48.5018963227 47.8946887306 46.3522351929
9999.0000000000 32.5400977163 9999.0000000000 36.8822918390 36.0264835472 35.5975810380 35.2029694186 34.7687155881 34.3866736803 34.0636141773 33.7303494452 33.4406213660 33.0761209480 32.6996024523 32.3089041340 31.9114801241 31.6636927309 31.2976010609 30.7805667690 30.0556984730 37.5057749916 37.5136086659 38.8378108037 40.6595090171 42.8157661809 45.1060751220 47.2153160954 49.1651489865 50.8867562748 51.9084343105 53.5134582315 55.0848796265 56.5504721599 57.6070398674 57.5639699819 56.2863997766 55.1822501002 54.4129422633 53.7442062632 53.1755564734 52.4264422129 52.0462107961 51.5949364635 51.0061591049 50.2104671323 49.2210431839 48.4290004824
30.8528850437 30.8263406041 9999.0000000000 9999.0000000000 30.1373780239 30.6718288630 30.9189137479 30.9786976723 30.9556421998 30.9038711130 30.8595070092 30.7972030132 30.8820980717 39.3627494923 30.7635344798 30.7370206865 30.7025742077 39.0338931174 38.7899883790 38.8530160999 40.0981059065 44.0583477030 48.6512854113 52.3450926994 54.7655542614 56.7158774938 58.5432617809 59.5363067114 59.6900758683 60.4600296356 60.9354061307 61.0957666067 60.8368098037 60.2936530486 59.5417381846 58.4794089664 57.3936235160 56.3652268611 55.5293599027 54.7790952260 53.9975524298 53.1582342228 52.1913801203 51.5241670073 50.8237568429 50.1519137761 49.4437854504
25.8832143154 25.6027296418 25.7454967650 26.2504446146 27.2644516372 28.1747373228 28.6913944292 28.9966908458 29.0578774293 29.1901210730 29.3009759334 29.4097279839 29.5164597337 29.6508957690 29.7826750029 29.9428327417 38.6242530076 38.8872103358 39.3808803346 41.3202486816 44.8877459276 49.4077830808 53.5173385288 56.5289207152 58.4842322278 59.3770070700 60.5023734388 61.1190483905 61.8702937500 62.0253736270 61.9830533979 61.5965842735 60.9882121207 60.3522346937 59.6941070398 58.1895983778 57.3420858127 56.5343427588 55.8444230701 55.0830549910 54.2435293319 53.5174799734 52.6006123982 51.9647717010 51.4329682337 51.0138914105 50.6588795688
27.2626859369 27.1334055578 27.1696436685 27.3852712708 27.7583149436 28.2583900262 28.6551398167 28.9700473950 29.2670457275 29.3766181567 29.6991755313 30.0131024269 30.2879835363 30.6245439278 39.7228486254 40.2578251669 40.8012648113 41.5608695475 43.0594328209 46.1502051330 50.5451298086 53.8017742219 56.5473745228 58.2055674749 59.4803747954 60.4942969512 60.4427403887 60.9470281634 61.6164902458 60.7638055226 60.6730735162 60.3761954117 59.9951766199 59.4196526217 58.8056321139 58.0419914913 57.2396469070 56.5792844282 55.8860455058 55.2246080479 54.5590639813 53.8368666312 53.0664602411 52.3059974075 51.7052774085 51.2701843400 50.9244795539
29.3651163520 29.1740859684 29.1146202944 29.1420464055 36.3421219226 36.6840831412 37.1597920312 37.5691374647 37.8019128693 39.8866132018 40.6128181494 41.7614097241 43.2740655961 44.7597244056 46.1976126535 47.2120722989 48.6170605291 50.5991569371 53.0553898425 55.7858037064 58.1957795075 60.0479543209 61.2001385889 62.7447703737 63.3125620661 63.4914187831 62.9887010437 62.9278468550 60.4623398976 60.4866070789 60.3724141256 60.0870307535 59.6079295501 59.2389194062 58.7047538138 58.0670601921 57.3585735401 56.6757496563 55.9401197825 55.1599537139 54.5294596232 53.8710160763 53.2162783784 52.4386441684 51.7606954090 51.1515877442 50.7416623877
31.2944869220 39.7901809774 30.8654688997 30.8496742509 30.9961920138 39.9858931778 40.6239545555 42.1566389850 45.4000913305 48.3024877030 49.6421615244 52.5560007663 54.5831095660 56.5603355644 58.5259913933 60.3228755062 61.9395780377 63.3657735307 64.6033667726 65.5163870542 65.8992540557 65.9592501470 66.0488505964 65.9224132542 65.7351924456 63.1968745147 62.4845924322 62.4021962285 61.8729953421 61.0799766728 60.6814564671 59.9189898348 59.4667442492 59.0278038871 58.6037670728 58.1718753674 57.6023250469 57.1180705447 56.3399412786 55.5578845670 54.7433616011 54.0721267462 53.4036783502 52.8613985516 52.2823950159 51.7932088114 51.1226010276
43.7767314725 43.0197576061 42.3831719672 32.8394699609 32.9728003708 33.8388091768 36.0446049599 40.1236838079 57.9062423785 62.9712703521 64.6872387151 65.4056123458 66.2454538979 67.2317000572 68.0168308318 69.0095740138 68.9299171208 69.3663444836 69.4127524621 68.3993159328 67.7527914522 66.9193431968 65.4355514562 65.2675906895 64.4467121456 63.6237166473 62.0086973067 61.1547395820 60.4660268873 60.0299955695 60.9454486985 58.1364953541 57.8665718785 57.6499635936 57.5701699709 57.3148812982 57.0157825132 57.5477604289 56.9086240721 56.1772281071 55.4327107966 54.8665032838 54.2122936458 53.5503564170 53.0319241807 52.7494121343 52.4518315215
48.6195075209 48.1840419816 47.5639865035 47.0567425364 48.2006381499 52.8750479571 45.4067580868 49.7900277260 70.2901899931 54.0866625379 72.8886313154 72.4464707309 72.4274039967 72.3977477755 71.1181454826 71.2908776477 70.3902903479 70.2293452341 69.8612167616 69.4433799363 68.8414812321 68.0719187949 67.1741132392 65.9809571807 64.8997309618 62.6503749518 61.6988204420 61.0407257918 60.3188773384 59.5096915495 59.2130633304 59.2735309037 58.2141814521 57.6886722702 57.3650847073 57.2159407893 57.0240287343 56.2124431017 55.8216363424 56.0478487168 55.7064108434 54.9470701371 54.5560559258 54.4071430340 54.2770564207 54.0527959820 54.1200434673
51.0642645531 51.2999772909 51.4964815811 52.0246310625 54.7071894980 60.0688786944 67.2370325192 55.8594916365 57.1845589438 75.1028807717 75.1190903247 74.7574635898 73.9263208816 72.3211460863 71.6668185778 71.1652182508 70.7384374109 70.3819026821 70.2156628249 69.9390113004 68.6331427423 68.1412172271 67.4282892141 66.6102301329 65.8346280106 65.0384315522 64.4567122799 64.1855110880 61.5382666583 61.1446828698 60.7613160973 60.7242576079 60.7361153816 60.1030847174 59.1833222425 58.2681614324 57.5761907967 57.0113458671 56.4779063570 55.9925014386 55.5779461283 55.1868611947 54.9194648629 54.9527797848 54.6604231931 54.7053460032 54.8521372257
