model_inputs/inputs/pr9.asc
ncols 720
nrows 360
xllcorner -180
yllcorner -90
cellsize 0.500000
NODATA_value 9999.000000
[rows 21 to 41 of 360, columns 517 to 563 of 720]
9999.0000000000 9999.0000000000 9999.0000000000 9999.0000000000 9999.0000000000 9999.0000000000 9999.0000000000 9999.0000000000 9999.0000000000 9999.0000000000 9999.0000000000 9999.0000000000 9999.0000000000 9999.0000000000 9999.0000000000 9999.0000000000 9999.0000000000 9999.0000000000 9999.0000000000 9999.0000000000 9999.0000000000 9999.0000000000 9999.0000000000 9999.0000000000 9999.0000000000 20.5700146907 9999.0000000000 9999.0000000000 9999.0000000000 21.5440824686 20.2551707625 20.2162805654 20.1731706038 20.1495847141 29.0425047569 20.3096340119 20.5153817078 20.9706848545 21.7467891052 22.4788663618 23.3299173997 24.0641729033 24.4166953198 9999.0000000000 9999.0000000000 23.9028718206 23.6527482339
9999.0000000000 9999.0000000000 9999.0000000000 9999.0000000000 9999.0000000000 9999.0000000000 9999.0000000000 9999.0000000000 9999.0000000000 9999.0000000000 9999.0000000000 9999.0000000000 9999.0000000000 9999.0000000000 9999.0000000000 9999.0000000000 9999.0000000000 9999.0000000000 9999.0000000000 9999.0000000000 9999.0000000000 9999.0000000000 9999.0000000000 9999.0000000000 9999.0000000000 9999.0000000000 9999.0000000000 9999.0000000000 9999.0000000000 9999.0000000000 9999.0000000000 9999.0000000000 9999.0000000000 9999.0000000000 38.7287829362 37.2624831798 35.3738981648 31.0928458348 32.9697569541 24.0710070357 24.2879147117 24.3040606147 24.1838963411 23.6681044044 23.6664848635 23.5838576336 23.3711697219
9999.0000000000 9999.0000000000 9999.0000000000 9999.0000000000 9999.0000000000 9999.0000000000 9999.0000000000 9999.0000000000 9999.0000000000 9999.0000000000 9999.0000000000 9999.0000000000 9999.0000000000 9999.0000000000 9999.0000000000 9999.0000000000 9999.0000000000 9999.0000000000 9999.0000000000 9999.0000000000 9999.0000000000 9999.0000000000 9999.0000000000 9999.0000000000 9999.0000000000 9999.0000000000 9999.0000000000 9999.0000000000 9999.0000000000 9999.0000000000 9999.0000000000 9999.0000000000 9999.0000000000 9999.0000000000 9999.0000000000 9999.0000000000 9999.0000000000 9999.0000000000 9999.0000000000 9999.0000000000 9999.0000000000 9999.0000000000 22.5726582867 22.8979596868 23.0318299436 23.1528593868 23.2056040841
9999.0000000000 9999.0000000000 9999.0000000000 9999.0000000000 9999.0000000000 9999.0000000000 9999.0000000000 54.0331398952 9999.0000000000 9999.0000000000 9999.0000000000 9999.0000000000 9999.0000000000 9999.0000000000 9999.0000000000 9999.0000000000 9999.0000000000 9999.0000000000 9999.0000000000 9999.0000000000 9999.0000000000 9999.0000000000 9999.0000000000 9999.0000000000 9999.0000000000 9999.0000000000 9999.0000000000 9999.0000000000 9999.0000000000 9999.0000000000 9999.0000000000 9999.0000000000 9999.0000000000 9999.0000000000 9999.0000000000 9999.0000000000 9999.0000000000 9999.0000000000 9999.0000000000 9999.0000000000 9999.0000000000 57.3622888187 30.4889126855 22.2045439587 9999.0000000000 9999.0000000000 9999.0000000000
9999.0000000000 9999.0000000000 9999.0000000000 9999.0000000000 9999.0000000000 9999.0000000000 9999.0000000000 53.6766381701 9999.0000000000 9999.0000000000 9999.0000000000 9999.0000000000 9999.0000000000 9999.0000000000 9999.0000000000 9999.0000000000 9999.0000000000 9999.0000000000 9999.0000000000 9999.0000000000 9999.0000000000 27.7871555008 27.5933575176 9999.0000000000 9999.0000000000 9999.0000000000 9999.0000000000 9999.0000000000 9999.0000000000 9999.0000000000 9999.0000000000 9999.0000000000 9999.0000000000 9999.0000000000 36.6743564664 36.5445810312 9999.0000000000 9999.0000000000 9999.0000000000 9999.0000000000 9999.0000000000 9999.0000000000 9999.0000000000 9999.0000000000 9999.0000000000 21.3574203663 28.5631678125
9999.0000000000 9999.0000000000 9999.0000000000 9999.0000000000 9999.0000000000 9999.0000000000 9999.0000000000 9999.0000000000 9999.0000000000 9999.0000000000 9999.0000000000 9999.0000000000 9999.0000000000 9999.0000000000 9999.0000000000 9999.0000000000 9999.0000000000 9999.0000000000 9999.0000000000 9999.0000000000 9999.0000000000 9999.0000000000 9999.0000000000 9999.0000000000 9999.0000000000 9999.0000000000 9999.0000000000 9999.0000000000 9999.0000000000 9999.0000000000 9999.0000000000 9999.0000000000 27.3167224950 27.3054092831 27.2926179750 27.3185848491 9999.0000000000 26.5485674317 9999.0000000000 9999.0000000000 9999.0000000000 9999.0000000000 9999.0000000000 9999.0000000000 29.7241192893 29.4662893284 29.4292355538
9999.0000000000 9999.0000000000 9999.0000000000 9999.0000000000 9999.0000000000 9999.0000000000 9999.0000000000 9999.0000000000 9999.0000000000 9999.0000000000 9999.0000000000 9999.0000000000 9999.0000000000 9999.0000000000 9999.0000000000 9999.0000000000 9999.0000000000 9999.0000000000 9999.0000000000 9999.0000000000 9999.0000000000 9999.0000000000 9999.0000000000 9999.0000000000 9999.0000000000 9999.0000000000 9999.0000000000 9999.0000000000 9999.0000000000 19.6348712925 19.3586063833 19.1831030825 18.9529208292 19.1741107410 19.6144419751 20.2792257769 21.3504518615 21.9826032117 23.0024754710 23.6351430940 24.1246616933 24.2103323399 24.2534257995 31.0892413545 30.9299841465 30.7441659970 30.3490027436
9999.0000000000 9999.0000000000 9999.0000000000 9999.0000000000 9999.0000000000 9999.0000000000 9999.0000000000 9999.0000000000 9999.0000000000 9999.0000000000 9999.0000000000 9999.0000000000 9999.0000000000 9999.0000000000 9999.0000000000 9999.0000000000 9999.0000000000 9999.0000000000 9999.0000000000 9999.0000000000 9999.0000000000 9999.0000000000 9999.0000000000 23.6022053577 22.9482856812 22.4842860480 22.0461472054 21.6468867729 21.2307850015 20.7182227168 20.3723481973 20.1994132949 20.2315023635 20.4312127316 20.8345868450 21.3173420343 21.8768097111 22.4420483282 22.9989087093 23.4758458100 23.8699222973 24.1724416846 24.3157958030 24.4289892144 24.4250099058 24.3263381417 24.0914127789
9999.0000000000 9999.0000000000 9999.0000000000 9999.0000000000 9999.0000000000 9999.0000000000 35.2117719885 34.0975113795 9999.0000000000 9999.0000000000 9999.0000000000 9999.0000000000 9999.0000000000 9999.0000000000 9999.0000000000 9999.0000000000 9999.0000000000 25.4453418602 25.0472011976 24.7498633980 24.5882723539 24.3654876540 24.1393554315 23.8997859706 23.5974245297 23.2541714504 22.9145652847 22.5709986698 22.2370715055 21.9556250086 21.7686187243 21.6874130128 21.6659723665 21.7417112435 21.9085404533 22.1652058535 22.4874944834 22.8387792595 23.2068629412 23.5432842455 23.7408753019 23.8877537486 24.0597433294 24.2840509163 24.4629382796 24.4562338048 24.3058616761
9999.0000000000 54.2477490962 54.3282075087 9999.0000000000 9999.0000000000 9999.0000000000 9999.0000000000 9999.0000000000 9999.0000000000 9999.0000000000 9999.0000000000 9999.0000000000 9999.0000000000 36.4824491262 28.0915749609 27.6795609389 26.9668285910 26.2677291466 25.7091454987 25.2103222010 24.8343176208 24.5877867274 24.4019261445 24.2177793989 24.0117912472 23.7609392207 23.5154290858 23.2579527365 23.0258680531 22.7874254342 22.6112514501 22.4864006450 22.4455561547 22.4546864047 22.5169715413 22.6213953865 22.7719961840 22.9912942741 23.2426767179 23.5306060931 23.8363103417 24.1154088581 24.3790946261 24.6484311065 24.6736412519 31.4906376007 31.1316181615
9999.0000000000 9999.0000000000 9999.0000000000 9999.0000000000 9999.0000000000 9999.0000000000 9999.0000000000 37.8012504370 37.5807759992 9999.0000000000 9999.0000000000 9999.0000000000 36.3762242196 38.0616664770 28.6758520233 28.8262029353 28.2896822901 27.6455387939 26.8682534806 26.2718451850 25.7186670788 25.1467829221 24.6653219510 24.3376042054 24.1069410404 23.9102717314 23.6981590278 23.4495512559 23.1987487350 22.9620081664 22.7733729116 22.6354125480 22.5475259358 22.5125796860 29.5924815000 29.8449035618 23.1767446676 23.6774515361 24.2119730974 24.7645335621 25.3407506389 25.9010929149 33.4464323823 34.0718674706 34.2797839839 33.1407517078 32.9324462218
9999.0000000000 9999.0000000000 9999.0000000000 42.2777768690 42.1837586327 41.8602559366 41.4629191509 41.2454103353 40.7632162096 40.1012412622 39.3360353191 38.4699699352 37.4743342109 36.3646611222 35.1406960690 33.8459709892 32.1441518026 30.4968312266 29.1226897098 27.6244824054 26.5196325781 25.7601975754 24.9349106743 24.2679285875 23.9579621411 23.9780001284 24.0511104930 24.1683869390 32.2586653638 31.8784810952 31.4294533746 31.2565491186 31.4072512847 31.9325459423 33.1158126646 35.1742208004 37.0940155699 37.4621770461 37.7388639317 38.2128519122 38.4070742293 38.8445364952 38.8943580037 38.7045652606 38.1617479725 37.8245015745 36.7164692434
9999.0000000000 37.3893943615 9999.0000000000 41.1940423655 40.4750322341 40.1318545919 39.7787711117 39.3907201651 39.0565124690 38.7596202199 38.4090261650 38.0463810288 37.5609737530 36.9497632782 36.2224291312 35.3045832308 34.5143580926 33.6769517453 32.5705908181 31.0431657708 40.9095689538 38.9770323818 37.9654558492 37.4618941569 37.5373949355 38.1808005623 39.0082091326 39.8493566900 40.5016662553 40.8260364784 41.5461640223 42.4266001792 43.4170142398 44.3261400796 44.7696066694 44.3386579282 43.7398144277 43.1747667608 42.6801773719 42.3093944555 41.4137105690 41.3883448346 41.2227037596 40.9494893393 40.3869452421 39.7270919639 39.0443953802
35.9404239280 35.9926028468 9999.0000000000 9999.0000000000 35.5265098333 35.9172270109 36.0145456216 35.9699269175 35.8542582253 35.7428517309 35.5827411404 35.3736694960 35.3246495069 49.0282636019 34.7863867355 34.3877321575 34.0181138017 46.6617961647 45.9851204068 45.4132975428 44.9200754520 44.8849453242 45.1189937303 45.1478672912 45.2512915945 45.4163668910 45.9000226110 45.9822160774 45.6099385628 45.8095734939 46.0571298609 46.1935531930 46.0578936618 45.7879088935 45.4531754949 45.0830573682 44.4774433854 43.9670734922 43.6293933308 43.4000927489 43.0521672824 42.6033257972 41.8442726950 41.6685701930 41.2428596173 40.8888756065 40.4407790629
31.6108301631 31.4085525752 31.4877709898 31.8426861777 32.7909167390 33.5585720313 33.7763495918 33.7853053934 33.4486766369 33.3540572610 33.2549446612 33.1146363169 32.9340539756 32.7339216310 32.4299547938 32.1233830182 44.1980761243 43.7617902062 42.7869963460 42.8439985262 43.2442302117 43.8804763835 44.6138054249 45.1751849614 45.4709409387 45.8211153746 46.0793885286 46.2148641818 46.4756550500 45.6957011484 45.7303597941 45.5826916150 45.4005392385 45.1858640299 45.0196477468 44.4677874329 44.1331907641 43.7841526000 43.4766284307 43.2795866509 43.0251607904 42.7550817258 42.0545772649 41.8585020234 41.7046951479 41.5596154053 41.4551491267
32.8480650787 32.6336350408 32.4630056857 32.3582730198 32.3164006986 32.2077146557 31.9935439329 31.7851370783 31.7711175594 31.9389062352 31.6700624535 31.4603660954 31.3294048829 31.2233284931 42.6365935709 42.5159743172 42.3916916479 42.2910019406 42.1635273378 42.5421368564 43.1025357102 43.5049927910 43.8679255312 43.2587848627 43.6046310933 43.9418774913 44.2403303459 44.6514485520 45.2916693175 44.2504672101 44.5120407385 44.6840043878 44.6612318046 44.5751674706 44.3277336890 44.1428608610 43.8346247538 43.5925140046 43.2355502271 43.0129494052 42.7887031110 42.6978909527 42.4681330333 42.0908813830 41.8244515895 41.6050851345 41.4982991642
34.1443413345 33.8118333311 33.3580884326 32.8422847087 42.0628989232 41.3536060369 40.8061210765 40.5482486822 40.5574331526 39.9957235786 40.3260674793 41.0819097888 41.9222935452 42.8291939897 43.7308468390 44.1986749065 44.9913022458 46.0198733490 46.5519597055 46.4458385250 46.0068745888 45.5655060941 44.9862243840 44.4541285979 44.4077913417 44.3435754860 44.2746683839 44.4540107273 43.1421449175 43.5185196111 43.9246683964 44.1488864017 44.1999007598 44.3583564484 44.2678979016 44.0609974321 43.8085423666 43.5211363365 43.1771241711 42.7644925076 42.4338044249 42.2717890469 42.0766049065 41.5997526725 41.3197866292 40.9995513037 40.7374167116
33.6749573762 42.6206056145 32.8254009364 32.2134384478 31.4955716603 40.2956568869 40.0843103416 40.6206871849 42.4890055438 44.4347035373 45.4140896327 47.4388363073 48.7626070390 49.9508596840 51.5368687338 52.8228501789 53.9883349556 54.7183777671 54.6521864017 53.4494922613 51.7786494456 50.0901213381 48.6488525639 47.5088891108 46.7939667287 45.0248104753 44.6269692038 44.6891718311 44.6777195320 44.7660611244 44.9354599114 44.2168081063 44.1457887646 44.1709046136 44.1932245740 44.1420734860 43.9299819991 43.5995013686 43.1802642415 42.6959437318 42.2295725439 41.7806084733 41.2633973756 40.6650253572 40.0991997449 39.6721360157 39.2004653695
42.5553053501 41.3986844360 40.6981658307 32.0498577494 31.7658841086 32.0130161417 33.2740090380 35.8652319701 51.3007835252 54.6383719775 55.5352770025 55.7492449880 56.1056712759 56.6004492575 57.0670844754 57.6501946198 57.7935345937 58.0008452525 57.4416156742 56.4914001734 54.7779165208 53.0291282921 51.3927791035 50.7861844380 49.1326214396 47.8013871470 46.1825299426 45.8552365308 45.4911250854 45.4558346537 45.6929335487 45.7304729498 45.4584890977 45.2499101521 45.4908846295 45.1342933229 44.6206654888 43.6267341720 43.1038652896 42.2411474283 41.4144507959 40.7697132323 40.0454272167 39.1130549542 38.4548518632 37.7546255768 37.2048444988
46.0658994270 45.0710958685 44.0137832193 43.5774973012 44.4201818900 47.7546302718 39.6355820121 42.5161534804 60.1280874107 45.2420741203 61.4262849558 60.5948687880 60.1907238015 59.9022097886 59.1645572567 59.3737727031 59.0879037045 59.2549026478 58.8598808390 58.3760742447 57.8027850715 57.1585567086 56.0424785363 54.2413275107 52.5607485906 49.6388705797 48.0084997835 47.2247928847 46.4809780824 45.5355528393 45.7711854251 46.2979817530 46.5784900007 46.0588696296 45.6860216218 45.1620541862 44.6392984595 43.2328203460 42.2298082849 41.8772151461 41.0100464942 39.8033211823 38.7634722283 37.6796717173 36.9183625735 36.0742470366 35.5955890263
48.6794234603 48.4334182693 47.9881223291 47.6873497828 49.0908151260 52.8288285714 58.2731167087 47.4306372344 48.1524809729 63.3755520685 62.7205786295 61.9825630565 61.2177861622 60.4661023244 59.9095319049 59.5482116332 59.2885711812 59.4290586887 59.5790277002 59.8410915700 59.5977926860 60.1216422510 60.0680017378 59.2483961955 57.7422892093 55.4820985417 53.3138044411 51.9278782303 48.7001498113 47.9681974975 47.9604463326 48.5751457745 48.9267252269 48.6483810819 47.6046471158 46.5101486770 45.0187990791 43.6181437690 42.2824539710 40.8777533448 39.5442936569 38.4121002280 37.3590167728 36.6613553488 35.3425917565 34.8085487494 34.4919155468
