model_inputs/inputs/pr9.asc
ncols 720
nrows 360
xllcorner -180
yllcorner -90
cellsize 0.500000
NODATA_value 9999.000000
[rows 42 to 62 of 360, columns 517 to 563 of 720]
51.1854825891 51.5346150496 51.8017614959 52.1035052952 52.7263095137 53.6732859327 57.6011133380 61.1408072873 62.7101824502 49.5441734092 62.6104922849 61.7953988258 61.1812745919 60.6372267357 60.2979529649 59.9190558423 59.7760034725 59.3904018751 59.4857355463 59.6911414177 59.9675147678 60.5864198296 61.1294728587 61.5866595763 61.8191709509 61.2820303068 59.9040297093 58.7267578812 56.1078589526 55.6166500901 55.4977187421 55.8642206015 55.6940250099 54.5054847607 52.2807495436 49.6904271422 47.0826504752 44.5151336608 42.4604384461 40.3796089813 38.6657292838 37.2132769553 36.2440017925 35.6268459291 34.4425725925 33.9828705182 33.6949977209
54.7740503680 55.2292238572 55.5008210940 55.8335601236 55.7576609426 56.2965036370 57.4780895258 59.0700486791 49.3734026095 62.8987234086 62.7847190481 61.8579362053 61.3075704896 61.0182030941 60.6598484446 60.3709431016 60.1715957746 60.2698432049 60.3222531499 60.5675181141 60.8542876435 61.4353892743 61.6377588012 61.5036457311 61.2457261886 60.8921665116 59.6003858373 59.4009583583 59.3672332470 59.2082542134 59.7712085000 59.8676360096 59.2472787830 58.3020987106 56.3600452733 52.2689011996 49.2886961438 46.2467788020 43.4983731830 40.9493054613 38.7171019684 37.0474142837 35.7905869314 35.1225557970 34.4463562360 33.7839475251 33.2943817775
56.9963244488 57.2465965524 57.3643067619 57.3839345598 57.8686794033 58.0579511588 58.3372476976 58.1301162019 61.3155196770 63.4586837841 63.3232458495 62.4552191002 61.8150549126 61.7164302967 61.0941117047 61.1399963382 61.0789865605 61.1307175714 61.5439621615 61.6674103076 61.8708406691 61.8224618956 61.5129857906 60.9749210416 60.2718752925 59.9696175777 59.4149660901 59.4374510692 59.2513240990 59.2790802475 59.5021195477 59.1389699257 57.9824857414 57.6536411536 56.2507887371 54.4754937873 52.0578799769 49.2458337103 45.9860350820 42.7299470175 39.9645256111 37.7603470115 36.2129594141 35.1240904711 33.3985651669 32.8103913052 31.9487201341
59.7916048137 59.9742946797 59.9344403017 59.6240306622 59.0682711918 58.8588530081 58.5669018910 59.1426852043 61.1555599608 61.3770999480 61.7454830208 61.2104357569 61.4884781535 61.8578843423 62.1596187120 62.1773794410 61.9822094450 61.9605637039 62.5281007960 63.2512033917 63.1152609712 62.5917650177 61.8071387289 60.8575785882 60.0352148758 59.4703558017 58.8733840850 58.6226357846 58.4603658062 58.3488178672 58.1900934340 58.1336240284 57.7495547477 57.2571766097 56.5531501779 55.5709964829 54.7047142172 52.6253510616 48.8830188406 44.7282482637 41.0037663532 38.2372346066 36.4181696204 35.1193497190 33.0711963179 32.3185789457 31.4316834847
64.1876186128 64.1195978969 62.9986823187 63.9094394865 62.0536342612 61.4142857376 60.7586710830 60.5928744189 60.7879878371 60.5979334214 59.2908201506 59.8962974036 60.2413751185 60.5681404704 60.8984089340 60.9233173309 60.6522481539 60.5284511112 61.0362608568 61.9854815304 62.6460184576 62.5484782504 62.1705005178 61.1835518503 59.7306421841 58.7388891145 58.3385489881 58.0541981617 57.6401096187 57.2969602654 57.1073490428 57.1207957109 56.3829781604 55.6217656704 54.9790271907 54.3313192902 53.3138845931 51.3922934770 47.9149530292 43.8389529590 40.0088732131 37.3962520680 35.8774221386 34.7183943086 33.0203752674 32.6566457225 32.6538804802
67.0116829569 66.5591120487 65.9567842958 65.5588062946 65.0117173791 63.9504961437 61.8651498808 60.5220436701 59.2632195912 58.6747534107 58.5062881582 58.7108500767 58.8965008501 59.1256599873 59.6493586781 60.9038922703 61.9721244439 62.7257743618 64.2383217928 65.7386342646 66.2231386523 66.3657478290 66.3770209649 65.4429442948 62.9542404204 59.8973063752 58.0909218988 57.2141444427 56.4564633532 56.0254627489 56.0319079086 55.8113297448 54.8249798594 53.1654809020 51.0370553238 48.9220009767 46.4238957502 43.3276401018 39.9666802841 37.6552324451 35.7249306981 33.8982206304 33.5902179067 33.5110466403 33.8811459078 34.1821589100 34.5386087720
66.9001963106 66.5587160038 65.8071217476 64.9458041880 63.6285634828 61.6348639014 59.5944875968 58.3156821085 58.2883974421 58.5093056434 58.4907528246 58.8030483923 59.1848451295 59.9048548029 61.8875405635 64.7626852733 67.0422679977 68.6612336431 70.1089711511 70.3269231599 69.9578800122 69.5164172212 69.5479310816 69.5197081659 68.4996237396 63.7841808493 59.4183560461 57.4553263723 56.5373130958 55.8556537726 55.7197160670 55.3021951346 53.8720439072 51.0440143989 47.7402689285 44.6757581667 41.6852606577 38.5064885777 34.7849440004 32.6666906476 31.8840728723 32.1370489255 32.7120377915 33.5622472339 34.5317746396 35.2391085180 35.7524275314
65.3571628500 64.8364014924 63.8044875814 62.4650919344 60.7068222016 58.6934571038 56.9663287606 56.0723092058 56.5420797793 58.1306678359 58.6192694027 58.9432577253 59.8759906716 62.6561506069 65.7427267288 67.6776796463 68.8645367045 69.3227889715 69.3401395110 69.3958404008 69.1755215521 69.2386388546 68.8710903050 68.1337112328 65.9510275000 62.5770029146 60.1627177675 58.2593211439 56.8075383198 56.0541948653 56.0235343874 55.3045242559 53.0806565657 49.6481446316 45.8304648637 42.2922749422 39.0268397459 35.4624071333 32.8696212382 31.4138355316 31.2507357448 31.7198462435 32.7927201579 33.8927844423 34.9118881859 35.6865897775 36.2578751519
62.4236769509 61.5764425602 60.2891079616 58.8232844020 57.2397694923 56.0270516435 54.6304416494 53.9857700933 54.7657805728 56.5292130341 58.0216187518 58.9160814998 61.4023195230 66.2603480159 69.6296483511 69.9790212675 69.8162185145 69.5541452151 69.5682802470 69.6670604520 69.1347949323 68.8468042645 68.1308116182 66.0667291959 63.8271281496 62.0295603876 60.8360460028 59.6546298475 58.2029837533 57.0893054246 56.6429722239 55.7417767122 54.5581351616 51.7893756623 47.6033128216 43.0974672781 38.7988593138 35.3390839300 33.0654795980 32.1986079798 32.3910669540 33.2470355497 34.4926769903 35.7634036336 36.7641902994 37.3103338934 37.3428708699
59.4176535378 58.5341055994 57.5210085372 56.6199544701 55.5895257276 54.6135908808 54.0787887876 53.9008750347 54.4954139041 55.6551418849 57.0614125463 58.6984548136 61.3071178668 66.3944469416 71.7389741912 71.9807501882 70.9443713422 70.1840782422 69.9434055132 69.8168691597 69.3940157653 68.5806054971 66.9923333335 64.3313216278 62.3202667921 61.4877662156 61.4218671690 61.5325900144 61.0292923520 59.9432758754 57.9252289608 56.5270064981 55.3540298715 53.4134191694 49.8351627029 44.6657816065 39.6934045712 36.5647109575 34.7888549441 34.4386828656 34.9344533170 35.9283987782 37.2249555658 38.5241502954 38.9081865724 38.5676468723 38.1728843786
57.6903460314 56.8534559570 56.1056901352 55.4453229415 54.7597786062 54.2690223665 54.0691752685 54.5017977711 55.6114166393 56.5943482798 57.7221192070 59.2743182788 61.6924507194 65.6916652224 69.7916778736 71.9343280653 71.4648450958 69.9588748394 69.1083919373 69.0496594179 68.3046894846 67.2005963861 65.8175650751 64.6041211439 63.8792599202 63.6748300167 63.6744528310 63.5821083561 62.9767018254 61.5586629719 59.8469850956 58.4918372333 57.2339231148 55.5752633954 53.7831789698 47.9231945355 41.0660019843 37.8856080060 36.6569022008 36.2698837998 36.6993968782 37.3911553470 38.1047457922 38.4935841139 38.3715079806 38.0841986043 37.8934133914
56.8867708789 55.8592983289 55.1536782878 54.6418090817 54.2895506951 54.1921896511 54.6267829486 55.7835075888 56.8833054858 57.7734117396 58.8578346069 60.6578399311 63.1951677497 65.2863462456 66.8739677640 67.9455333157 68.4272088110 68.2052020566 67.7025974728 67.3735925811 67.1058190637 67.0357096824 67.4012874370 68.6861231807 70.0671695522 70.6714162370 70.5752244685 69.8409288889 68.4350448428 66.6877417825 64.8979063262 62.8855266259 60.8502989053 58.6243331200 56.5425276873 54.1376863257 49.5638577850 45.6340171513 43.1307680556 41.3900280255 40.4718355858 39.8363909335 39.1319118789 38.4575581702 37.9862882837 37.7603375819 37.6576652925
57.1796885342 56.7774059018 56.4587830449 56.2691199593 56.1587790144 56.3782303361 57.2176145506 57.6077612350 58.1119830022 58.8714274345 60.1758249686 62.1857010992 64.5048081642 66.0945702111 66.5543783689 66.9041897636 66.6259917780 66.3594205398 66.3372514537 66.3504246622 66.7162051541 67.4573607976 68.4774640831 70.8331110072 73.4192702221 74.9589844490 75.4309662734 75.1467286027 73.7804160453 72.9241857771 71.2131113978 67.7373032668 63.4611920686 60.0479118875 57.2890487965 55.5935568991 54.2920448352 52.8052450391 51.1208706885 49.2859851220 47.6411445416 45.9643940558 43.4270332335 40.3579443810 38.2317441981 37.6103567833 37.6526133623
58.7646838976 58.7465459830 58.7765039527 59.0699119493 59.5924460795 60.0591755938 60.2831672877 60.4799497523 61.0774683882 62.0578681701 64.3990264507 66.9457131880 68.1831225520 67.4192367587 66.4302041405 65.8755715122 65.6853332184 65.4808891704 65.4581071576 65.8086022013 66.3926223060 67.1340749832 68.2375504402 69.6360180737 71.6392793111 73.3870727126 74.2808188079 74.9423128436 74.7207728564 73.6786749330 71.3535941904 67.3260483309 62.7483442076 59.5142177772 57.1984299459 55.3196116816 54.1814351454 53.7229990005 53.4902518848 53.2688863459 52.9741770588 52.1895743441 50.1475289930 46.0005614441 41.6513233795 39.7598411073 39.5711304154
59.1798238456 59.4198412145 59.7553619882 60.2910268935 61.1147909076 61.7710797815 62.3666276224 63.4775807848 65.2262888616 67.7642767550 70.3314682469 72.1957177157 72.5114268134 71.8177211238 70.5610422883 67.3478449462 66.2225870183 66.2771092029 66.3420275669 66.5331946802 66.7675966979 66.9318563305 66.6227385518 67.5824591308 68.3148734970 70.1949364739 72.7492895094 74.0407778649 73.9484098158 72.9419229319 70.6092513283 66.6452989681 62.8052520915 59.4593514106 56.7840537988 55.0079667591 53.7079870119 53.4294495592 53.4960228251 53.8904081332 53.7344230106 52.5926773553 50.4455669434 47.3640545388 44.4673536695 42.6574000739 42.0757090906
58.9606506983 59.2499332270 59.6801794600 60.6373634655 61.9701866526 62.7551759826 63.7873727828 65.7172478386 68.1743624154 70.3345281654 72.2670010873 73.6008049571 74.0643661120 73.8433164661 73.2920926530 71.1970527191 68.3529551025 67.2964816913 66.8401625007 66.6145724826 66.3177603856 65.9802876762 65.3355642571 65.7465881668 66.3072180469 67.1319674584 71.4852272649 73.4388697310 73.4622599557 72.4530526204 70.4843227286 67.5983763649 64.3528636429 61.1867249245 58.5886136396 56.7913617706 55.3131570923 54.6207621228 54.0755119873 53.6006446928 52.4720628164 50.4112949129 47.9902392835 45.8107474842 44.2878415924 43.7386404374 43.6354283011
58.8960670866 59.3366812100 60.0928252679 61.7652805522 63.6811007280 64.7237927187 65.5985663761 67.9172208183 70.6964425044 72.5607249769 73.6347752390 74.6576084057 74.9868066050 74.9430153519 74.4677803013 73.0849894462 70.9296328132 69.2844999139 68.2360982755 67.5087806303 66.9464722741 66.4166914648 66.2757419050 66.7833866319 66.9803011115 67.2781551839 70.7869529142 73.3138609794 74.0767613752 73.6817537108 71.8394045834 69.5538293221 66.4952639490 63.4436246473 61.0040916363 58.7331276038 56.7588530830 55.3005779511 54.5152020059 53.6286318675 50.4773024004 46.6830458608 44.0702667693 42.7629837650 42.4670674838 42.8380767116 43.4305410599
58.8511112728 59.4049612409 60.7768702903 62.9377055448 65.0643819245 65.9205037518 66.4191997494 67.9673912236 70.0343166827 71.8791033723 72.8580321302 73.6677742680 74.4264454697 74.6934127528 74.5404734043 73.3981148223 71.8794758432 70.2797796694 69.1417445778 68.2788286940 67.7154689329 68.0207347032 68.8921419787 69.2600960028 69.0815268899 68.8519905671 69.6137594059 71.7752547353 73.5753496410 74.5976264589 73.9921397762 71.8953930773 69.2525287159 66.4742264198 62.7352464362 58.5392777575 55.0337615423 52.7158944751 51.7601767788 47.9399274336 42.2809310840 39.5070230006 39.0149536834 39.5708899596 40.3817023616 41.1242535920 41.9122274034
59.6356762690 59.7045456525 58.2683311659 58.3541078959 61.0954978620 63.5243093711 65.9073729767 67.3830269370 67.7014423418 68.5203736648 69.5257148473 70.5867239158 71.4461791213 72.7323491592 73.0865453370 71.6877099476 69.9625193956 68.8374547753 68.1566111161 67.6232093247 67.2990701278 67.9663633928 68.5288367677 68.9430667553 69.2823263817 69.3060560734 69.0908056567 68.8159787678 69.2601195769 69.7707582149 69.7777314344 69.1975586233 68.6747698928 63.8468785328 56.0138360015 50.3244196298 46.8579138396 45.4080829513 44.4018412381 41.5410342976 37.1742594580 34.6130015678 34.8572009825 35.7047606958 36.9520476088 38.0163264053 38.9948544034
59.8812995595 58.9661953272 56.2291712849 54.0103013045 54.8699592473 56.8330454989 59.9642615416 63.2754469989 64.4679005491 63.9134093653 63.3228969527 63.8414659188 64.7048532846 65.1421104558 65.9738330869 65.4249855434 64.3443251029 63.5628294549 61.7459969362 61.4181754645 61.4980963874 62.5333059579 64.6554702544 66.3085287670 67.1169601846 66.4441128611 64.6618446917 61.8432778283 59.7123486805 57.3967635864 55.5037725717 54.6960955253 53.8308033720 49.2077568197 46.8569850200 45.8749821992 44.9737914023 44.5866009104 44.1191547434 42.6634067553 39.5211509604 35.2067907806 32.9059536452 32.6111005561 33.3874264034 34.3557986780 35.5219506018
60.5602431460 58.6698075640 55.4428146570 53.9406916942 54.1511282790 54.7422960517 55.2871642867 56.2546266010 57.1730076335 57.1683305316 56.5795767470 56.0840396793 55.1641876227 54.5999179012 55.0587925245 56.3709365088 56.6160836024 56.7030484672 56.6432786873 56.3979147119 56.4683164121 57.3869614745 58.6761348532 59.5740205608 59.1281871311 57.0944917272 54.6259767143 53.2951761852 52.9173776158 52.5376695441 52.3118202109 51.9572421326 50.7621577126 48.3736107708 46.7449561693 46.3126637042 45.5955819343 44.9900292442 44.5739274728 43.5139745241 40.9947893349 36.9245743495 33.0067871546 32.3420870409 32.8529237013 33.9610432566 35.2908536734
