model_inputs/inputs/pr9.asc
ncols 720
nrows 360
xllcorner -180
yllcorner -90
cellsize 0.500000
NODATA_value 9999.000000
[rows 42 to 62 of 360, columns 141 to 187 of 720]
22.8373200225 18.1722502748 18.3568048524 18.6395184573 18.9820041996 24.4679807802 24.9541070662 25.3265661013 20.1608083444 20.3021963825 20.3912899888 20.4782006331 20.5826574820 20.7609413483 21.0012816824 26.7534876766 9999.0000000000 9999.0000000000 21.0134034860 23.5442272096 20.7450335438 20.6991771993 20.7063177950 26.3659671473 27.0242244587 28.0874117743 29.8432392301 24.1767463158 23.3980748453 27.2574831324 27.6305928128 28.4313390730 40.3642339515 41.7813722743 44.3673240370 47.7564030443 51.1349962908 54.3682693387 9999.0000000000 43.6480215867 58.9392972761 58.3540513180 57.0621056249 9999.0000000000 9999.0000000000 9999.0000000000 9999.0000000000
9999.0000000000 18.2045963011 23.1300042942 18.5940463707 18.9127387712 19.2028216406 24.6230582998 24.9578647781 25.2639108512 25.5036193994 20.3107608540 20.5135782890 20.5816107919 9999.0000000000 9999.0000000000 9999.0000000000 9999.0000000000 9999.0000000000 9999.0000000000 9999.0000000000 9999.0000000000 21.0427980346 26.7536691972 26.8889138242 27.4712389510 28.3260406286 22.8437368933 23.3703163394 24.8750890314 26.1552924640 26.9865294686 37.3882628046 39.0488697449 42.2844719142 46.3829663931 50.1786420937 53.4731229418 56.0211816919 42.9621094954 57.6764514553 57.7778908191 57.3766313028 42.8084393498 42.5334993051 9999.0000000000 53.0488739605 9999.0000000000
18.5857730394 18.5566224827 18.7221963715 22.8429683775 23.0948977405 23.5664929496 24.0260323626 24.3032473081 25.1361651463 25.4614382575 25.7620811462 25.9282361367 26.1501580244 26.3340996753 20.9621156682 26.6861741839 21.1580423929 26.9065024622 26.9760578522 27.0838834404 21.4162660413 21.4516649139 27.3195985355 21.6822314251 28.1281454663 28.7425785209 29.5697395632 24.3162979314 32.5223534892 34.0612944856 35.2634252049 36.6623336740 38.8774907333 42.8246724769 46.9418046414 50.3273050999 53.6040912266 55.7870484190 56.7727146554 56.8236441468 56.3636049628 55.8459836757 55.2409166121 9999.0000000000 9999.0000000000 41.4719150285 52.9871758190
27.9782589641 27.6991203718 27.4425610551 21.4982119796 24.5426541078 24.5558697497 24.7932680359 24.8680733785 24.9035901215 25.0418828800 25.9375219757 26.1367137136 26.3790837780 26.5223530296 26.6654784791 26.7863429035 26.9162739278 27.0824006293 27.2576952993 27.4612010980 27.5810400490 27.6720054389 27.7558019443 27.9504745267 28.6310305819 29.1657855269 29.9728213577 31.2179771718 24.9621269759 33.9149110951 35.2340895915 37.7515986620 40.5720915296 44.2312448868 47.4037580425 50.2246115939 52.8017796460 54.2435906245 54.9315583776 54.4282607152 54.3772133533 54.3160527013 54.1330705164 53.9582308265 40.6238649739 52.9772841255 52.8910877765
37.7919740276 37.1826235496 36.4549782244 30.8271303365 35.1971348282 33.8956816995 32.4170149688 30.6714917533 29.3118813133 27.6320591220 26.2798485928 26.5372117865 26.6359000525 26.8525719875 27.1074811171 27.3425172782 27.7726668573 28.3234427625 28.7652544503 29.2276864056 30.1277692197 31.1844878015 32.2096948803 33.1562493229 34.0824215964 35.0213380298 36.1952529056 36.9499047229 37.7126212406 38.1765454367 39.1679778986 41.6470800410 43.7581692240 45.9660065244 47.7851210162 49.5548854815 50.8767372812 51.6701991437 51.2396134436 51.2642248068 51.2602596427 51.3901718077 51.6188123147 51.8865858321 51.8205547705 51.7703230726 51.5964169172
40.3288115049 39.8387153400 39.5833323710 39.2711476015 39.2870954820 38.9666409174 38.2647597289 37.1461874165 35.8590696997 34.4580607780 32.3270514782 29.5615499199 27.7555049106 28.2378310512 28.9822540653 31.3206141000 34.2728036921 36.6829610139 38.7151217437 40.8366966876 42.4951395253 44.5948801353 46.5660994523 48.2480032369 49.4318852434 50.4871893791 51.4319356880 52.1454766276 52.4149333360 53.4090673900 53.6060195882 53.9194184239 53.5461319378 53.1923035160 51.6903550015 52.0250082482 51.6104953713 50.8702544030 49.3278527283 48.7274957704 49.0219598869 49.3172208080 49.7956477921 50.5165721406 51.3167526224 52.1068481030 53.6917633144
41.0756155034 40.7030975330 40.3768225224 40.1080070296 39.8081774474 39.5835162490 39.4329791015 40.0594585226 40.0722121121 39.8021189030 39.1212445975 37.6362317184 35.9943190415 36.0055638885 38.9685598493 44.9444887927 47.7348704590 48.9725579973 50.5294294562 52.1811301005 52.6557145058 53.7426267983 54.7126586898 55.3561892593 56.1345448368 56.5851496649 57.1306119673 57.5537293917 57.9259456135 56.3847839367 55.8732730569 55.2814499242 54.9313273514 54.2754628113 53.4061064827 52.4977350142 51.4702247456 50.2071620431 49.2195108673 40.2834455017 39.2241785594 49.9978051521 51.5552235302 52.8196393861 53.6203196389 54.7508581658 42.5987194176
43.8832204090 43.6822228949 43.1662187912 42.6004167530 41.8264601030 40.7466907636 39.8416715325 39.8914930411 40.3362986399 40.4538202565 40.6539313844 41.8073367910 44.7587342933 47.7398351650 49.8432297609 51.3406048995 53.9830213529 54.5860940474 54.8459466663 55.6506439461 56.4099987969 57.4332374381 57.9744233983 57.5536775286 56.9503030856 57.2982662707 57.4329168303 57.4187299353 56.9055971573 56.2487095012 55.4225409287 54.5874613454 53.7489210838 52.8699276620 52.0469981711 51.3516422943 52.7027919888 52.6706463424 51.9939517253 52.7214815374 53.4203075222 53.9224594831 54.1666494682 54.3154114857 54.6341993613 9999.0000000000 44.5512444712
47.3712729290 47.3575528013 47.2432608367 46.9418800785 46.3770728675 44.8068113183 40.4493553215 38.1839901384 37.7961890772 38.0812046933 38.9238209173 40.6947287265 43.8888876233 47.2891879035 48.8840136677 50.3711670754 52.1800268325 53.8453533081 54.6079378109 54.8325282871 55.0756715820 56.2101375544 57.4669201160 58.1226384966 58.7983901496 59.2364064069 59.2880054028 58.8947752258 58.1360615906 57.1467932314 56.0193570564 54.8778754310 53.7708732882 52.7012078092 51.8257882213 51.1673399596 50.6380353472 50.4681745078 51.1389284511 51.6497745411 52.0518685807 52.5302484166 52.7991157724 53.1744296313 44.8202862754 9999.0000000000 54.1784459492
48.6357925110 48.6267117667 48.3644640190 47.5712048938 45.9191742120 42.1934947371 37.3576824786 33.5248634219 32.1977145213 32.9265503387 34.4337912393 37.5671572401 40.5977967312 43.8431444345 46.3301179698 48.2710587094 49.6640382917 50.6083036889 51.4363063267 52.5129544549 53.6635215394 54.8036877299 56.4520267071 57.6109295944 58.6085101822 59.4212698052 59.8449954414 59.5612716861 58.5017619305 57.1660108399 55.7830502512 54.3876142474 53.1419209437 51.9462377415 51.0060129454 50.2376244985 49.7669486795 48.9724306972 49.1067936528 49.3652884034 49.5458613150 50.3898471943 50.6847545039 44.7304783738 9999.0000000000 9999.0000000000 53.3924287884
48.3554681414 48.3957609977 48.1688319705 46.8666221132 43.8218145864 39.0693579975 33.7117353338 30.6002720317 29.2190936452 29.9498153909 32.1345500706 35.5757773505 38.2746537798 40.7960973680 43.0776084540 45.0207321555 46.4566967566 47.4562575691 48.4312023036 49.4535121252 50.8134125266 52.2633895744 53.5351699800 55.1380863762 56.2501522363 57.0063858759 57.4182678829 57.2476668167 56.5346067888 55.5121413781 54.3446150841 53.1695450773 52.0327216946 49.6747833677 44.1602396895 48.8216365920 48.3853082405 48.1995867449 48.4987138188 43.9514155732 9999.0000000000 44.4898527930 9999.0000000000 9999.0000000000 44.6767907124 51.6296233982 52.7988706017
47.9430156411 48.1260025408 48.2083138777 47.0644512679 43.1935883244 36.2910226977 32.0236881380 30.4195883218 29.7380539414 30.0506017520 32.3113652703 34.7255490487 36.9733138068 38.7847337115 40.3309237445 42.5409487216 43.9254934900 44.1678682691 45.3004813171 46.3659883244 47.6650345372 48.9910070901 50.3831568640 51.5033746487 52.8927521082 53.6354919313 53.9296212955 54.0657523088 53.7309670472 53.3079297747 52.7483277256 50.3954955493 50.2389965113 49.8152378714 49.4295372628 48.8714958192 48.2400917681 47.9744870681 9999.0000000000 9999.0000000000 9999.0000000000 9999.0000000000 9999.0000000000 9999.0000000000 9999.0000000000 9999.0000000000 9999.0000000000
47.7385480190 47.9520492372 47.9867031681 47.1543016029 43.8634134480 36.6279249138 33.3896211523 32.0437874179 31.8200291076 32.7376628411 34.0484489570 35.8486381592 36.9120164250 37.5933409960 38.1300172303 38.4958590148 39.3675444648 40.5886028311 41.6304367245 42.4975865171 43.6000294285 45.2218852588 46.6292921919 48.3341052895 49.7778587742 50.4894949263 50.9531503776 51.2776431860 51.5450819512 51.5137331095 50.2783511183 50.4094749922 50.3278425895 50.2253329614 44.5132100140 44.1129500396 43.6828782549 43.2897753781 9999.0000000000 9999.0000000000 9999.0000000000 9999.0000000000 9999.0000000000 9999.0000000000 9999.0000000000 9999.0000000000 9999.0000000000
46.3590528234 46.4569324977 46.7742587789 47.5377343828 46.3810003130 41.4998833439 38.1455407769 36.5679854003 36.3786264206 36.7201303015 37.1687101142 37.5158835668 37.6853177149 38.0235235789 37.5762827753 37.4319055409 37.3544528265 37.5051526353 37.7873912221 38.6499770684 39.8427087930 41.3950210204 43.1318241754 44.8432521662 46.3962716167 48.2369092642 47.5231090095 48.2678054832 48.9238869050 49.6048201458 50.1535875374 50.3813605173 50.4883869435 44.6651922539 44.5334224496 9999.0000000000 9999.0000000000 9999.0000000000 9999.0000000000 9999.0000000000 9999.0000000000 9999.0000000000 9999.0000000000 9999.0000000000 9999.0000000000 9999.0000000000 9999.0000000000
46.1765185464 46.5410920442 47.1878286917 48.3656144352 48.8407929079 45.9494386450 43.7307996908 42.1256248956 41.4638904040 41.4055397850 41.3113282411 40.8962825895 40.1929068030 39.2294685880 38.5027049342 38.1088971917 37.2300074960 36.6091269243 36.1817567318 36.1418504908 36.9292467367 38.4258415725 39.5082512114 41.4546682150 43.6861597700 45.4854154377 47.1399355447 48.1352247298 49.1131350864 50.0199930975 50.7569619804 51.0379464249 45.0369511382 9999.0000000000 9999.0000000000 9999.0000000000 9999.0000000000 9999.0000000000 9999.0000000000 9999.0000000000 9999.0000000000 9999.0000000000 9999.0000000000 9999.0000000000 9999.0000000000 9999.0000000000 9999.0000000000
48.3093477669 48.8449938130 49.9919870635 51.5173399472 52.8598379460 51.8141897628 51.5403435566 50.6044893991 48.6965995515 47.2716817749 45.3931935481 43.7567123445 41.8469129945 40.3755306615 39.1569452186 38.3947308292 37.5802432245 36.4973338146 35.7637195266 35.5467199115 36.1502381566 37.7991028363 39.4963651488 41.5613693185 44.3007224821 47.0136962249 49.5742633939 51.9607028109 54.0868558455 55.5493978900 55.7549357763 47.5647974527 9999.0000000000 9999.0000000000 9999.0000000000 9999.0000000000 9999.0000000000 9999.0000000000 9999.0000000000 9999.0000000000 9999.0000000000 9999.0000000000 9999.0000000000 9999.0000000000 9999.0000000000 9999.0000000000 9999.0000000000
52.0918031107 52.9222763143 53.6358502577 55.1966868807 57.0135618327 57.0061972830 57.7876787866 57.0854298421 54.8546407954 51.9192406791 48.5806055367 45.7863388583 43.7837141217 41.7660396779 40.2706777677 39.3871887645 38.6195641186 37.5576403749 36.9182564900 37.0715070167 38.3410714567 40.3360157507 42.6260936656 45.4546936671 49.1904911469 53.7591663888 58.9485336095 63.6284691864 66.3224280579 67.4691714230 58.0650469637 9999.0000000000 9999.0000000000 9999.0000000000 9999.0000000000 9999.0000000000 9999.0000000000 9999.0000000000 9999.0000000000 9999.0000000000 9999.0000000000 9999.0000000000 9999.0000000000 9999.0000000000 9999.0000000000 9999.0000000000 9999.0000000000
53.0805952731 53.7557387142 54.8001704738 55.0823430531 56.8038419005 58.3308732603 59.2269673361 59.6530220937 59.0179829160 56.9008964812 53.6196784233 50.7038212381 48.2734114048 45.9133844124 44.4903525640 41.8915199116 40.1914263493 38.6476620915 37.8624629520 38.1207620376 39.7544614971 41.9400825631 45.5689620576 50.5013809889 56.6070170025 62.0851669810 67.1321654809 71.4765284210 74.0822352818 75.0142940087 9999.0000000000 9999.0000000000 9999.0000000000 9999.0000000000 9999.0000000000 9999.0000000000 9999.0000000000 9999.0000000000 9999.0000000000 9999.0000000000 9999.0000000000 9999.0000000000 9999.0000000000 9999.0000000000 9999.0000000000 9999.0000000000 9999.0000000000
52.3334282334 52.4230758310 54.0076657198 55.8598122443 57.5555257383 59.0413024183 60.4344894527 61.2491020001 61.6646191338 61.3549497211 60.4957208270 59.2618051451 57.9544419888 55.8349509956 52.0758764469 48.2358625741 44.9059639941 42.3965337686 40.4765645508 40.6562746502 41.4475016878 44.8396689026 50.6500675692 57.7425108058 64.5166376489 70.2726320014 73.8422886352 76.1617493117 78.0799787608 70.2424760093 9999.0000000000 9999.0000000000 9999.0000000000 9999.0000000000 9999.0000000000 9999.0000000000 9999.0000000000 9999.0000000000 9999.0000000000 9999.0000000000 9999.0000000000 9999.0000000000 9999.0000000000 9999.0000000000 9999.0000000000 9999.0000000000 9999.0000000000
52.2142469999 52.9936822713 54.7515229555 56.6167389625 58.0094403704 59.5313938684 60.6964590261 61.7502261302 63.0151559017 64.6718495409 66.1476826645 67.3921453999 68.1289681233 66.7511278298 63.8101265067 60.0749891018 56.5774315037 52.8810357791 50.2237912151 48.9659336745 50.1661053859 54.1055783979 61.7222436704 68.5824395623 73.7093872740 75.8969084127 77.7537744725 79.5902065001 80.7088919682 72.5020584650 9999.0000000000 9999.0000000000 9999.0000000000 9999.0000000000 9999.0000000000 9999.0000000000 9999.0000000000 9999.0000000000 9999.0000000000 9999.0000000000 9999.0000000000 9999.0000000000 9999.0000000000 9999.0000000000 9999.0000000000 9999.0000000000 9999.0000000000
52.2254305542 53.3003860619 55.2154990146 56.7371931975 58.1469103927 58.8605220546 59.4014581293 61.3857469289 64.6829953766 67.9929644102 69.8932115338 70.5553703592 70.7232462591 69.1052188631 66.8057537405 64.5701367175 62.5090670655 60.6857563835 59.5282820868 59.1443495359 60.6748321443 64.2787466641 70.8060102188 75.3277682816 77.2770542535 78.3935473301 78.9706979413 79.7245128779 80.2344301483 80.8326088591 80.9680656530 81.1971965013 80.6992643047 9999.0000000000 9999.0000000000 9999.0000000000 9999.0000000000 9999.0000000000 9999.0000000000 9999.0000000000 9999.0000000000 9999.0000000000 9999.0000000000 9999.0000000000 9999.0000000000 9999.0000000000 9999.0000000000
