model_inputs/inputs/pr9.asc
ncols 720
nrows 360
xllcorner -180
yllcorner -90
cellsize 0.500000
NODATA_value 9999.000000
[rows 84 to 104 of 360, columns 423 to 469 of 720]
49.2280965555 46.8546558986 45.8926627762 45.8922478720 44.6042956319 42.2834252240 40.9994428628 40.0640318985 40.0157097029 39.8501346353 41.6882121353 44.0957550891 45.0175402220 44.1285560955 45.0694692554 46.8119584839 47.3810184631 48.1432776432 47.3064017133 46.0543858353 45.5416019540 45.1519738999 41.8384781806 37.5758655136 33.1893025723 27.1035371698 23.9556919551 23.0175935430 22.9336108023 23.1009091367 22.8256909177 20.7528884348 18.2413176808 15.9301798412 14.8357049766 14.5789712114 14.3375099287 11.3700938236 10.6010229065 10.3932089405 10.7510567468 10.2473595034 10.9493078780 10.3739394690 9.5009150100 10.1207076368 10.3358201450
45.7601763192 44.0346463001 42.2410437022 42.1415091259 42.0476370491 40.1255555917 39.0486175020 37.5035731704 39.1635860433 43.7320491183 46.4371962589 49.1677044192 49.8801090871 50.1077972003 50.8045722381 49.8229890363 51.3002837542 49.2872816976 47.2099883482 45.9284152603 46.6920936015 47.0182790305 44.8113846942 38.7477530167 34.2579190037 31.5844931756 28.4906373709 24.3050601566 22.0336670754 16.5321964159 19.7515289183 17.8806539479 16.5053349047 15.7418156887 14.3543477316 13.3930771553 14.3865770660 13.7170242233 11.3842500723 9.0192112257 8.6182334198 8.1961426476 7.6365164350 6.3671676980 5.8180826454 7.2201023067 8.9474133492
40.4786956497 43.4157789568 43.1809054571 40.8347730408 39.0821681649 36.8100584310 36.0261935857 37.9612384422 39.7071812768 43.8438516576 43.6164982966 45.3939102008 46.4252819074 46.5886032907 48.9162913291 47.3243321758 45.5314273713 47.3747383221 49.4467416429 48.6340433126 48.8697749097 49.2499968968 43.8784065773 36.4097465936 33.8673031947 32.6720584708 29.8110228614 24.4240127213 20.2438881970 15.3995904402 17.0628471096 17.1544006735 17.2171796876 15.3678538045 12.5953153765 10.9387007105 12.9880905733 14.8173136404 9999.0000000000 9999.0000000000 9999.0000000000 9999.0000000000 9999.0000000000 6.1029691933 5.9977556157 6.5285371456 8.7507929566
36.3185148162 41.1304300069 44.0783951199 44.1475851112 39.7801101208 34.9084746558 32.0205810713 30.1847548981 34.8251732066 9999.0000000000 9999.0000000000 9999.0000000000 47.1727224067 47.6132893818 48.9510725602 47.3913203459 44.7668767883 45.7790921791 48.3177590067 48.2212796342 47.0467848354 45.7960608182 38.6300687387 33.3473834326 33.1280782702 32.4772067252 27.8706148965 22.3389045568 19.6940140013 18.1576237228 16.6973801533 17.3693080869 17.0558903919 17.3820769996 14.2362190818 9999.0000000000 9999.0000000000 9999.0000000000 9999.0000000000 9999.0000000000 9999.0000000000 9999.0000000000 9999.0000000000 7.5126109514 7.7622241588 8.3905264473 9.7791389271
9999.0000000000 9999.0000000000 43.5298540397 44.4026616169 40.2272401261 34.2649040103 31.7577675451 9999.0000000000 9999.0000000000 9999.0000000000 9999.0000000000 9999.0000000000 46.2372407201 48.2589981984 47.2037129221 47.5858302671 46.8102941522 47.2353116493 49.1219800897 48.1930001406 44.9637865531 41.7880013119 35.6572612363 32.8231378226 31.8934860115 30.5530531041 27.0542248618 22.7127992548 20.8051946538 18.9298688929 16.5245277603 15.8083370916 14.3525348831 15.5664479389 9999.0000000000 9999.0000000000 9999.0000000000 9999.0000000000 9999.0000000000 9999.0000000000 9999.0000000000 11.8625061441 11.4088685077 10.2978717332 9.2163225490 8.8393361075 9.3390593465
9999.0000000000 43.4915885562 43.9733819221 44.5561431698 43.3611247572 43.5615800670 41.6849871981 43.7855151831 41.7426683125 38.1359296152 36.6346883238 48.3009082382 50.0802815077 50.2436830429 49.2224529153 48.8116741762 52.6311927242 53.8295445149 52.7520288597 50.7257404388 47.7414759225 43.3321710443 35.7439903601 33.9218725276 32.3230250215 29.3246443325 27.7615233790 25.9547947207 19.9942054460 22.3456750391 19.8380458751 18.2359922910 9999.0000000000 9999.0000000000 9999.0000000000 9999.0000000000 9999.0000000000 9999.0000000000 9999.0000000000 9999.0000000000 11.7907795793 11.9076210831 12.2404779831 11.6499573196 9.8171162172 8.5198698871 8.3750105623
9999.0000000000 9999.0000000000 9999.0000000000 49.3745294516 51.4247031533 52.7360503329 50.4954733187 46.9748083851 42.7925739787 9999.0000000000 9999.0000000000 49.3947230279 58.5430071806 66.8724024436 68.6767878360 66.3370817201 68.0040018051 66.0428769188 59.5304037561 53.5591306980 50.4260805901 48.2919029309 41.9900785200 37.2461628285 33.4147487883 28.9704363677 26.3867312169 26.7601567903 27.1129503089 25.6150188216 24.2373529763 9999.0000000000 9999.0000000000 9999.0000000000 9999.0000000000 9999.0000000000 9999.0000000000 12.5389756286 13.1985283369 13.2295848598 13.1769379950 13.6401184282 14.2319875304 14.1267114814 10.1168190886 6.5205355058 6.2795339181
9999.0000000000 9999.0000000000 9999.0000000000 9999.0000000000 54.0619945969 51.2349080527 9999.0000000000 9999.0000000000 9999.0000000000 9999.0000000000 9999.0000000000 9999.0000000000 9999.0000000000 81.7299052142 97.3325853702 117.0964435441 105.7999598561 87.5995456008 78.2056947355 66.3556251093 56.2311986578 52.5594520150 48.1788698235 43.5196653125 40.5680603581 34.1764162586 30.1956178446 30.9319549415 31.2278217170 30.7236211665 29.0662462357 9999.0000000000 24.8978121090 9999.0000000000 9999.0000000000 9999.0000000000 9999.0000000000 12.6429232769 12.6240345271 12.4331561965 12.8450417396 13.1899615080 13.4014777868 12.4272249523 8.8985489492 6.9910062302 6.0189021751
9999.0000000000 9999.0000000000 9999.0000000000 9999.0000000000 9999.0000000000 9999.0000000000 9999.0000000000 9999.0000000000 9999.0000000000 9999.0000000000 9999.0000000000 9999.0000000000 9999.0000000000 9999.0000000000 9999.0000000000 122.7589807240 136.0352081247 143.1380192516 159.7893037833 120.5956890481 73.8947362988 65.7199352863 61.4460966317 58.4378195344 56.8025500397 47.1355696209 40.1885031606 40.6282073236 42.4006120884 41.5617983672 39.5346494915 36.3978298847 9999.0000000000 9999.0000000000 9999.0000000000 9999.0000000000 9999.0000000000 9999.0000000000 9999.0000000000 12.0869704988 12.1717618313 11.0314942722 9.2309184547 8.8114131722 8.6619126960 8.0684381974 7.3473535449
9999.0000000000 9999.0000000000 9999.0000000000 9999.0000000000 9999.0000000000 9999.0000000000 9999.0000000000 9999.0000000000 9999.0000000000 9999.0000000000 9999.0000000000 9999.0000000000 9999.0000000000 9999.0000000000 9999.0000000000 9999.0000000000 132.8633597586 142.2423165059 159.8480693065 140.2133877855 110.6188741978 96.7626107158 91.8221954489 93.1569234235 79.1843830375 69.6134859463 64.2118669348 52.1288710297 45.0071723317 46.8512753723 50.3742599976 52.1878958680 9999.0000000000 9999.0000000000 9999.0000000000 9999.0000000000 9999.0000000000 9999.0000000000 9999.0000000000 10.6276074221 10.7126769290 8.7591635311 7.9484530870 8.6565531237 8.8278549301 8.4563724522 8.1405961682
9999.0000000000 9999.0000000000 9999.0000000000 9999.0000000000 9999.0000000000 9999.0000000000 9999.0000000000 9999.0000000000 9999.0000000000 9999.0000000000 9999.0000000000 9999.0000000000 9999.0000000000 9999.0000000000 9999.0000000000 9999.0000000000 9999.0000000000 9999.0000000000 133.8612043764 139.4586015958 158.4202330559 145.1576597756 112.5776463887 105.3571439115 88.3551710285 78.4282295499 70.9832874709 66.5914887213 50.1221066806 49.0121106268 59.6741680638 61.5937553812 51.9464546232 31.4988296013 9999.0000000000 9999.0000000000 9999.0000000000 9999.0000000000 9999.0000000000 9999.0000000000 9.3893912344 8.0060623004 8.0832663079 8.4880637078 8.5422641059 8.3530990232 8.2511050787
9999.0000000000 9999.0000000000 9999.0000000000 96.7883442063 92.2539598541 53.1406809459 71.0965657490 65.8591639367 9999.0000000000 9999.0000000000 9999.0000000000 9999.0000000000 9999.0000000000 9999.0000000000 9999.0000000000 9999.0000000000 9999.0000000000 9999.0000000000 9999.0000000000 9999.0000000000 208.2121137064 161.1074544489 130.2718963707 95.8799963119 60.8353529242 54.4338430627 69.1558041726 72.2423095722 64.8077636724 71.0882865242 72.8190971422 65.6429752707 50.9871819522 52.5975006167 9999.0000000000 9999.0000000000 9999.0000000000 9999.0000000000 9999.0000000000 9999.0000000000 9999.0000000000 6.6915060961 6.9581651478 7.2384376545 7.7432941544 7.9287180270 7.4455019640
9999.0000000000 92.8818607936 97.7903190069 87.6886557089 70.8881518221 75.1148799900 70.0142174028 59.9937150255 57.3719919194 55.8277986129 9999.0000000000 9999.0000000000 9999.0000000000 9999.0000000000 9999.0000000000 9999.0000000000 9999.0000000000 9999.0000000000 9999.0000000000 9999.0000000000 244.2625556141 146.0386994295 71.2799911271 56.9148617797 53.4173513297 51.3674746617 52.1942514461 54.5893614180 61.4089909941 74.0759504260 96.4078016113 77.7615539264 48.8002407365 51.9009471755 47.9347741348 9999.0000000000 9999.0000000000 9999.0000000000 9999.0000000000 9999.0000000000 9999.0000000000 9999.0000000000 5.7588586060 4.9026639936 5.1637639772 5.1905135115 4.6514904752
94.8998511303 73.4123771545 50.6305529270 35.7898632064 30.4205218563 33.9481128613 34.8022261751 36.3149244804 41.0162606277 45.4735718085 64.2135501257 81.8538767053 81.8980545737 9999.0000000000 9999.0000000000 63.6844906840 68.4265723103 215.0419838727 237.2757196426 225.8591023274 127.8335609240 66.8759008404 45.2176607796 49.1713678348 47.7044787258 52.5199983967 40.0585862808 29.1474637343 32.3237063130 38.8430159655 46.5739307692 55.9580078116 58.7597993435 56.0161604080 45.9584298078 34.3076108547 9999.0000000000 9999.0000000000 9999.0000000000 9999.0000000000 9999.0000000000 9999.0000000000 3.8168523170 9999.0000000000 9999.0000000000 3.7513587449 3.3170450952
36.0644449247 32.1029631305 23.6326772429 19.4821228943 19.5637600118 22.7605014516 23.4699122084 23.2795418997 22.4535265588 26.9283650850 42.8973750095 59.9445394473 60.9212946729 76.9784222357 74.1156492149 51.5696414514 63.0088569014 125.8031800389 146.7181522166 94.2116759252 38.1299795117 30.2351091814 32.1746920526 29.6440687089 31.4321196056 36.4427102613 40.5896070879 38.5059628752 36.9994881330 29.1043325560 31.1888065771 39.0209627221 53.4351874958 53.3491938841 46.0489072138 33.9821208618 23.2955109968 21.8659326201 9999.0000000000 9999.0000000000 9999.0000000000 9999.0000000000 3.7946690863 3.7263787417 4.7592921946 5.3249006305 4.3170040153
19.1385539219 18.0118567951 18.8657862309 18.5714918480 16.5919650171 18.5180564295 21.1510220252 20.9180651000 19.1255728423 18.2762321056 18.7359624688 23.2716210012 24.8933235998 27.8790002048 29.0156137780 24.7598588176 25.5800042069 30.1126959384 28.6230507481 24.0493495075 22.9389079032 22.8159241669 26.4452657138 22.7980809286 17.6251613593 18.9513248624 25.2827111981 29.3869931193 33.8279368007 41.9011994381 36.7771419114 29.2898088810 29.6929001051 32.5448926887 28.2970869157 22.5024027459 20.4876821372 18.6043164285 9999.0000000000 9999.0000000000 9999.0000000000 9999.0000000000 4.4127251858 4.3944299141 5.4591486623 6.0030362147 5.1648601730
14.9663609045 14.6274949657 15.6071168021 16.2262906088 16.0159754305 15.4030051490 18.0733628076 18.3123664901 16.1637001875 15.8360189816 16.6825921187 17.5153437594 18.5825492808 17.6301390311 16.8884164304 16.2123052723 17.5295719091 19.2503163853 19.5953174843 19.3807483593 18.0271905701 17.5675945793 18.2132892514 17.0380766212 14.0454763023 12.1826518880 11.2662557949 17.2821440210 27.6712298510 41.3696081378 45.1012565754 34.1172381886 24.9908991682 24.7211572132 17.9358527093 15.4038267065 13.9576757356 9999.0000000000 9999.0000000000 9999.0000000000 9999.0000000000 9999.0000000000 9999.0000000000 3.9637375412 5.3376618816 5.6648450845 5.4486316658
15.8175250981 15.3896669217 14.8909732816 15.3983681230 15.2900203684 13.6652991059 14.4953526906 14.9681501789 12.8133994003 12.7665352629 14.5921750664 15.0482502650 14.5406126103 12.7633350785 10.4522373149 12.8753615718 16.0214340140 15.8767349931 14.1883294709 13.3456826006 14.2398259195 13.5978795297 13.8602180377 15.4005098302 16.4357759786 12.8710958379 9.4944344892 11.0246306722 18.2816458982 32.2920722247 35.0875600416 28.6336308054 30.5992489157 34.3737621442 36.4972159441 26.8113903876 9999.0000000000 9999.0000000000 9999.0000000000 9999.0000000000 9999.0000000000 9999.0000000000 9999.0000000000 3.8193443943 4.4619166765 5.7082756539 5.4698389285
17.6296557620 16.6698644607 14.2197089590 13.0066940765 11.7324207094 11.1624083365 11.6656376340 11.2301001936 11.7349278153 14.0941485733 14.4403625600 12.5267182739 10.6326581736 9.1977603006 8.0128846457 8.5359421209 9.6936026530 10.9826876287 11.0880956927 12.3793318053 13.6020132486 12.9800305876 12.6029887469 14.5527414861 14.6216462308 13.0713024409 12.2360484092 10.4885520414 11.5621261066 13.3651878132 17.9518913501 18.3334605972 22.4086226081 43.9449468395 99.5295220055 9999.0000000000 9999.0000000000 9999.0000000000 9999.0000000000 9999.0000000000 9999.0000000000 9999.0000000000 9999.0000000000 9999.0000000000 9999.0000000000 4.3100151779 5.4098475521
18.1832617382 15.9510947851 13.6699172726 11.5665226767 9.3799091410 8.9960514379 9.5132089045 9.6361832111 12.1512900805 15.2220691962 12.6799923746 9.6084848192 7.5724632406 6.4754960040 6.2649568717 6.0787686089 5.8652402804 7.0701391887 7.1688769603 8.0678011072 10.3114150552 11.8981112901 12.2986541537 12.3543986556 10.5259782868 10.9268063970 11.9412849017 9.8055236522 8.0642526154 6.8987973063 8.5794557890 12.1657716518 17.5956206513 19.9837550463 99.2304892279 14.2106329295 9999.0000000000 9999.0000000000 9999.0000000000 9999.0000000000 9999.0000000000 9999.0000000000 9999.0000000000 9999.0000000000 9999.0000000000 5.0090512668 6.6765123775
17.9086411226 15.1616263756 11.7033703427 10.3367642878 8.7520264715 8.6156620746 11.1725251627 18.3929345221 26.0814560170 20.5051859084 11.1393410771 8.6366854594 6.7218206241 5.2472451789 4.8502905884 5.0351778555 5.3770500817 5.2099155873 4.5293512812 3.9587807914 4.3911498724 5.8939393930 8.7092583344 8.7283798784 7.0230475612 6.8818186483 5.9167320142 3.2852041440 5.9130462032 6.8502452632 8.3019379163 12.3514931474 12.1111681365 11.2405411637 77.9518346535 153.9680280257 9999.0000000000 9999.0000000000 9999.0000000000 9999.0000000000 9999.0000000000 9999.0000000000 9999.0000000000 9999.0000000000 9999.0000000000 10.0146760378 8.0970447816
