model_inputs/inputs/rsds7.asc
ncols 720
nrows 360
xllcorner -180
yllcorner -90
cellsize 0.500000
NODATA_value 9999.000000
[rows 210 to 230 of 360, columns 376 to 422 of 720]
9999.0000000000 9999.0000000000 9999.0000000000 9999.0000000000 9999.0000000000 9999.0000000000 9999.0000000000 9999.0000000000 212.8584136963 216.4987640381 219.2116699219 221.6929016113 222.4326629639 223.2330627441 223.6055450439 223.4092864990 223.4084167480 222.9746246338 222.5487976074 222.0681152344 221.9184722900 221.4397735596 220.9737243652 220.7249755859 219.6730804443 218.7701873779 217.8262176514 217.7789154053 216.9457702637 216.3264770508 216.1540985107 215.6598510742 214.8540496826 214.1536865234 213.7052764893 212.6743621826 212.0698699951 211.3787689209 208.8885192871 206.8624420166 204.9373321533 202.5429229736 200.1132659912 197.7611541748 195.9953460693 195.0103454590 193.9547424316
9999.0000000000 9999.0000000000 9999.0000000000 9999.0000000000 9999.0000000000 9999.0000000000 9999.0000000000 209.7327728271 212.5311126709 215.2718811035 217.9368743896 219.8232421875 220.7042388916 221.0303497314 221.3583679199 221.4535217285 221.0520324707 220.6904602051 220.3491516113 220.3359680176 219.5305786133 219.1282501221 218.7604980469 218.0823516846 217.3270111084 216.6335144043 215.7013244629 214.9560852051 214.0598754883 213.7443695068 213.2737579346 212.7594909668 212.4848022461 212.3890533447 211.3133850098 210.6940002441 210.1109008789 208.7091064453 206.5894012451 204.7300262451 202.9509735107 201.0864868164 199.4189605713 198.4011535645 196.9005737305 196.8712158203 195.6999206543
9999.0000000000 9999.0000000000 9999.0000000000 9999.0000000000 9999.0000000000 9999.0000000000 9999.0000000000 208.7536621094 211.6571960449 214.5012054443 216.7324829102 218.4315185547 219.5427093506 219.8205566406 219.8672943115 219.7035675049 219.3706512451 218.9225006104 218.4516448975 218.1995086670 217.8220062256 217.1313171387 216.6590728760 216.2434997559 215.2581787109 214.2811737061 213.4975585938 212.8488769531 212.0089721680 211.3804168701 211.0248718262 210.8115997314 210.4380187988 209.8768615723 209.3644714355 208.7547454834 207.8650207520 206.7401580811 204.9444885254 202.8550109863 201.2171783447 200.3918457031 199.4289093018 199.5778961182 199.8906402588 199.7418518066 199.3705902100
9999.0000000000 9999.0000000000 9999.0000000000 9999.0000000000 9999.0000000000 9999.0000000000 9999.0000000000 207.6572265625 210.2658843994 212.9154052734 215.7693176270 217.3839416504 217.9844360352 218.4069976807 218.3711242676 218.0469055176 217.5349884033 217.3345336914 216.6068267822 215.7924804688 215.7600097656 215.0041809082 214.1193847656 213.8855590820 212.9597778320 211.6231231689 211.4301452637 210.6112213135 209.9211273193 209.1801605225 209.0492706299 208.4212493896 207.7491149902 207.7057037354 207.2406921387 206.2292022705 205.4268646240 204.4310150146 203.0053558350 201.2232055664 199.9691162109 199.6694641113 199.3533020020 200.4544982910 201.7837371826 201.4131469727 201.4940948486
9999.0000000000 9999.0000000000 9999.0000000000 9999.0000000000 9999.0000000000 9999.0000000000 9999.0000000000 205.6304779053 208.3402099609 210.7763977051 213.7913055420 215.6013183594 216.5043029785 216.6805114746 216.5460510254 216.2697601318 215.9759826660 215.1178283691 214.7184600830 213.7580413818 213.2622375488 212.5271606445 211.7594299316 210.9834899902 209.7379760742 209.3212738037 208.2423858643 207.9699859619 207.4349975586 206.8564910889 206.1861267090 205.7240447998 205.5386810303 205.0514221191 204.6277313232 203.9649047852 202.8980865479 201.9576568604 200.2251434326 199.0267028809 198.2631835938 198.7388763428 199.8035888672 200.5608978271 201.8072357178 202.3128967285 202.2971649170
9999.0000000000 9999.0000000000 9999.0000000000 9999.0000000000 9999.0000000000 9999.0000000000 9999.0000000000 204.1146087646 205.4824829102 208.9333953857 211.9023742676 213.7710571289 214.6444549561 214.9812011719 214.8726501465 214.5581207275 213.9970703125 213.5626373291 212.8395996094 212.0641784668 211.3197479248 210.3000946045 209.5741729736 208.4407653809 207.4545898438 206.6715087891 205.8372039795 205.3400573730 204.8576049805 204.4328002930 204.0810699463 203.5767669678 203.2299957275 202.7101745605 202.4379882812 201.5446777344 200.8006286621 199.9225158691 198.6873321533 197.7495117188 197.2828979492 197.6272277832 198.7207641602 199.8271179199 200.4027404785 200.6736602783 200.9574584961
9999.0000000000 9999.0000000000 9999.0000000000 9999.0000000000 9999.0000000000 9999.0000000000 9999.0000000000 202.2428436279 202.7231140137 205.8617706299 209.4044189453 211.4519042969 212.4407043457 213.1158447266 213.2664184570 212.9246368408 212.5687713623 211.8555450439 211.2369689941 210.3241271973 209.4364318848 208.5803527832 207.0717468262 206.2963562012 205.3009948730 204.4179077148 203.6148071289 203.0560607910 202.5867004395 202.1016845703 201.7158355713 201.4268188477 200.9536437988 200.6852874756 200.4124908447 199.6184997559 198.9870910645 198.4793548584 197.7348480225 197.1238555908 196.7744140625 196.9010467529 197.2684783936 196.8935089111 197.1023254395 197.1009826660 195.0309906006
9999.0000000000 9999.0000000000 9999.0000000000 9999.0000000000 9999.0000000000 9999.0000000000 9999.0000000000 9999.0000000000 201.6781005859 201.8526916504 206.1090698242 208.3278045654 210.3750915527 210.7609405518 211.3560943604 211.2914123535 211.0065917969 210.2578277588 209.7213439941 208.4550170898 207.5623779297 206.4963378906 205.1694030762 204.3197021484 203.0890350342 202.5346984863 201.6954498291 200.7678833008 200.4093475342 200.0620117188 199.4964141846 199.3283996582 199.0926208496 198.5771026611 198.4768981934 198.0201110840 197.2917633057 196.7384033203 196.9139251709 196.1895599365 196.0010681152 194.7427673340 194.0929260254 193.3967437744 193.0726318359 190.0889739990 188.2221069336
9999.0000000000 9999.0000000000 9999.0000000000 9999.0000000000 9999.0000000000 9999.0000000000 9999.0000000000 9999.0000000000 9999.0000000000 198.1172637939 202.0462341309 205.0369110107 206.6288604736 208.6952056885 208.9858856201 209.2392883301 208.9543151855 208.6901550293 207.7330932617 207.1046295166 205.7722625732 204.5729064941 202.9948272705 202.1927185059 201.3744049072 200.2386016846 199.5781402588 198.8392181396 198.2593994141 197.6787567139 197.5461273193 196.9709167480 196.7753448486 196.5810699463 196.2076416016 195.7550354004 195.3426513672 195.1157684326 194.5560760498 194.3951873779 194.1037750244 192.7555236816 190.9645843506 189.3036499023 186.4315795898 183.4860382080 180.7535095215
9999.0000000000 9999.0000000000 9999.0000000000 9999.0000000000 9999.0000000000 9999.0000000000 9999.0000000000 9999.0000000000 9999.0000000000 196.8889465332 198.6470642090 201.0639648438 203.5191192627 205.5877532959 206.8711242676 207.3364105225 207.3581695557 206.8533020020 206.1281280518 205.3359527588 204.0893859863 202.8863983154 201.5012207031 200.5056304932 199.6753082275 198.5419921875 197.7889556885 197.1121520996 196.5748138428 196.0610961914 195.5553588867 195.1768798828 194.9476013184 194.7552032471 194.2964935303 194.0832366943 193.7106781006 193.4214477539 192.6155548096 191.7051544189 190.8653259277 188.8205413818 186.7628936768 183.6559448242 180.9058074951 177.9351196289 174.5224761963
9999.0000000000 9999.0000000000 9999.0000000000 9999.0000000000 9999.0000000000 9999.0000000000 9999.0000000000 9999.0000000000 9999.0000000000 9999.0000000000 194.5837707520 196.7267303467 200.4454193115 202.1463317871 204.2691497803 205.4295196533 205.1684417725 204.7331542969 204.2706298828 203.5177612305 202.3168945312 200.9774169922 200.0995788574 198.8749694824 198.1332397461 196.9864807129 196.1823730469 195.7975769043 195.0896148682 194.2768859863 193.6435394287 193.6571960449 193.1096343994 193.0103149414 192.6746673584 192.5945434570 192.1512145996 192.0236206055 189.8524017334 188.5823516846 186.9401245117 184.1588134766 181.4858093262 178.2065429688 176.6177520752 173.0271453857 170.6924743652
9999.0000000000 9999.0000000000 9999.0000000000 9999.0000000000 9999.0000000000 9999.0000000000 9999.0000000000 9999.0000000000 9999.0000000000 9999.0000000000 192.2868194580 194.2721405029 195.7245941162 199.5379791260 201.2271881104 202.5862884521 203.0377349854 202.4279937744 201.9600830078 201.6063079834 200.2927398682 199.2937164307 198.3376312256 197.8691406250 196.7307891846 195.7753601074 194.8026428223 194.4888916016 193.5246276855 192.5940399170 192.0530853271 191.5494995117 191.3161315918 191.2056884766 191.4417572021 190.9264526367 190.6062011719 189.7614746094 188.6836547852 184.9000854492 183.0226593018 179.4748535156 176.5240478516 173.2164306641 171.0773925781 168.1922760010 167.0178527832
9999.0000000000 9999.0000000000 9999.0000000000 9999.0000000000 9999.0000000000 9999.0000000000 9999.0000000000 9999.0000000000 9999.0000000000 9999.0000000000 9999.0000000000 191.6235504150 192.7825164795 195.6510772705 198.6474456787 199.7385253906 200.4586029053 200.3748168945 199.7654724121 199.2714843750 198.6458129883 197.5022583008 196.7688446045 196.0502929688 194.9597015381 194.0650482178 193.1381225586 192.6120910645 191.5756225586 190.8900909424 190.5291442871 189.9624786377 189.5214080811 189.2280883789 189.5290832520 189.3416137695 189.0424652100 188.2571411133 185.9048004150 183.2105255127 179.1594390869 175.7047882080 172.6291961670 169.8776855469 167.4833374023 165.6976318359 164.5930938721
9999.0000000000 9999.0000000000 9999.0000000000 9999.0000000000 9999.0000000000 9999.0000000000 9999.0000000000 9999.0000000000 9999.0000000000 9999.0000000000 9999.0000000000 189.1358184814 191.0621643066 193.3165893555 196.4260253906 197.7631988525 198.4472808838 198.1806030273 197.9177856445 197.5773773193 196.6624450684 196.0136566162 195.1120300293 194.1786346436 193.4197998047 192.5376586914 191.7446899414 190.9605865479 190.3865814209 189.5818176270 188.9315338135 188.7084503174 187.9605560303 187.5899810791 187.7440490723 187.7042236328 187.2116394043 187.1623229980 185.5343322754 182.4267272949 178.8511810303 175.8759307861 172.6974639893 169.5093536377 167.6376495361 165.1748809814 163.8801727295
9999.0000000000 9999.0000000000 9999.0000000000 9999.0000000000 9999.0000000000 9999.0000000000 9999.0000000000 9999.0000000000 9999.0000000000 9999.0000000000 9999.0000000000 9999.0000000000 189.7032623291 190.8007202148 193.8757019043 195.3720245361 196.0451354980 195.8892364502 195.4388885498 194.9616851807 194.6196899414 193.7013702393 192.9393463135 192.2433013916 191.3079833984 190.6321563721 190.0359344482 189.2541809082 188.7974243164 187.9336395264 187.3384704590 186.9093933105 186.3730773926 185.7730407715 185.6798248291 185.1679687500 185.3424377441 185.4233093262 184.2051391602 182.0146789551 179.3108367920 176.9428558350 173.3724975586 170.6223907471 168.5119781494 166.0077514648 164.1507415771
9999.0000000000 9999.0000000000 9999.0000000000 9999.0000000000 9999.0000000000 9999.0000000000 9999.0000000000 9999.0000000000 9999.0000000000 9999.0000000000 9999.0000000000 9999.0000000000 186.7578125000 188.5017852783 191.4344787598 193.0723724365 193.9396972656 193.7473602295 193.4372711182 192.7746276855 192.3126068115 191.4974822998 190.5294036865 190.0613403320 189.2776184082 188.5129699707 188.0043945312 187.3657836914 186.6911315918 186.2919921875 185.7543029785 185.1018524170 184.4952239990 184.0231018066 183.3128967285 183.2339019775 183.0333251953 183.3832702637 182.4290161133 181.6387023926 179.7020111084 177.3887939453 174.7449493408 172.0877990723 169.6730346680 166.9763793945 164.6602630615
9999.0000000000 9999.0000000000 9999.0000000000 9999.0000000000 9999.0000000000 9999.0000000000 9999.0000000000 9999.0000000000 9999.0000000000 9999.0000000000 9999.0000000000 9999.0000000000 185.1058654785 187.9273071289 189.1224975586 190.8973846436 191.7272796631 191.8493347168 191.3474731445 190.5691680908 190.2956237793 189.2553558350 188.4539337158 187.6275634766 187.0899658203 186.3824768066 185.7907104492 185.2842559814 185.1323089600 184.8729095459 183.8451232910 183.4202270508 182.8067169189 182.5690002441 182.0030822754 181.3208465576 181.0175018311 181.2898864746 181.4304504395 181.1447753906 179.9246215820 177.7697143555 176.0323028564 173.4604797363 171.3179321289 168.1443634033 165.4419860840
9999.0000000000 9999.0000000000 9999.0000000000 9999.0000000000 9999.0000000000 9999.0000000000 9999.0000000000 9999.0000000000 9999.0000000000 9999.0000000000 9999.0000000000 9999.0000000000 9999.0000000000 185.3043518066 187.7027130127 188.9984741211 190.0134429932 190.1376495361 189.6549835205 189.2028198242 188.2290954590 186.9310455322 186.5065307617 185.4091339111 184.5089416504 184.0611419678 184.0335388184 183.4029846191 183.2876129150 182.9192352295 182.0481719971 181.8789825439 181.6216430664 180.8889312744 180.6009063721 180.0296936035 179.5871887207 179.6708984375 180.1316375732 179.9259643555 178.7867431641 177.7081146240 176.1698455811 174.8614196777 171.8164062500 168.5360107422 165.4658203125
9999.0000000000 9999.0000000000 9999.0000000000 9999.0000000000 9999.0000000000 9999.0000000000 9999.0000000000 9999.0000000000 9999.0000000000 9999.0000000000 9999.0000000000 9999.0000000000 9999.0000000000 182.0135955811 185.3584594727 186.8535308838 187.6631469727 187.8704528809 187.4075317383 186.7344207764 185.6256256104 184.3775329590 183.6613311768 182.2880249023 182.0253295898 181.1967315674 180.6177062988 180.9609832764 180.5248565674 180.4663848877 180.0201263428 179.8146820068 179.4849853516 178.9809265137 178.7620544434 178.2071533203 177.8907775879 177.8330535889 177.8485717773 178.0811004639 177.6844482422 177.7085723877 176.4388427734 175.1440124512 172.5301055908 168.9310455322 165.5113067627
9999.0000000000 9999.0000000000 9999.0000000000 9999.0000000000 9999.0000000000 9999.0000000000 9999.0000000000 9999.0000000000 9999.0000000000 9999.0000000000 9999.0000000000 9999.0000000000 9999.0000000000 179.0970916748 182.7242126465 184.2525177002 184.8534240723 185.1619415283 184.7221679688 184.0767517090 183.1257629395 181.9437713623 181.0273132324 180.2808227539 179.5537109375 178.8587036133 178.7221069336 178.0307617188 178.0663146973 178.0715179443 177.8868713379 177.5748596191 177.5053253174 177.1121520996 176.7415924072 176.6218872070 176.2913055420 176.1284790039 176.6835937500 176.6108245850 176.2552337646 176.3410797119 175.8579711914 174.9195709229 172.6513061523 169.7903594971 164.9492340088
9999.0000000000 9999.0000000000 9999.0000000000 9999.0000000000 9999.0000000000 9999.0000000000 9999.0000000000 9999.0000000000 9999.0000000000 9999.0000000000 9999.0000000000 9999.0000000000 9999.0000000000 177.1730651855 179.0473785400 180.5168304443 181.8046875000 182.2211608887 181.9902648926 181.7115173340 180.6674499512 179.5456085205 178.8101196289 178.0382690430 177.3142547607 176.6221923828 176.0767517090 175.9126281738 175.8486480713 175.5997467041 175.5571594238 175.5037536621 175.3890838623 175.3638000488 175.0591583252 174.7313232422 174.5857543945 174.6918334961 174.6708984375 174.9024810791 174.8535308838 174.9269561768 174.6809692383 174.0093383789 172.9493255615 168.5954437256 164.0942687988
