model_inputs/inputs/rsds9.asc
ncols 720
nrows 360
xllcorner -180
yllcorner -90
cellsize 0.500000
NODATA_value 9999.000000
[rows 105 to 125 of 360, columns 376 to 422 of 720]
9999.0000000000 206.1580200195 206.5545654297 207.0796356201 207.4679107666 208.0759887695 208.8475036621 9999.0000000000 9999.0000000000 9999.0000000000 213.7357940674 214.4733428955 214.6401672363 215.2842559814 215.6612548828 9999.0000000000 9999.0000000000 9999.0000000000 9999.0000000000 9999.0000000000 9999.0000000000 9999.0000000000 9999.0000000000 9999.0000000000 9999.0000000000 9999.0000000000 9999.0000000000 216.8335571289 218.8225708008 221.1676330566 223.8220672607 9999.0000000000 226.3420410156 227.7541046143 228.8952331543 230.3427886963 9999.0000000000 233.4167022705 234.4889984131 235.3593750000 236.8542327881 237.9703521729 239.5117797852 240.6349182129 241.5995788574 241.0271759033 240.4338378906
207.1949462891 206.6875457764 207.4163208008 208.6288452148 208.9456176758 210.7447204590 210.7336883545 212.8847351074 214.2716217041 9999.0000000000 9999.0000000000 9999.0000000000 216.5960845947 217.9304962158 217.7441101074 9999.0000000000 9999.0000000000 9999.0000000000 9999.0000000000 9999.0000000000 9999.0000000000 9999.0000000000 9999.0000000000 9999.0000000000 9999.0000000000 9999.0000000000 9999.0000000000 219.3381347656 222.6244049072 224.3012390137 226.6833343506 9999.0000000000 228.8750152588 230.1842498779 231.4576110840 232.3783569336 233.8425445557 9999.0000000000 236.0661010742 236.7171325684 238.0604400635 239.9938354492 241.5307006836 241.8180541992 241.3950042725 241.4507293701 241.0615539551
209.5636749268 209.8300170898 210.2811584473 210.9108886719 212.3536376953 213.2630615234 9999.0000000000 9999.0000000000 9999.0000000000 9999.0000000000 9999.0000000000 9999.0000000000 218.5354919434 9999.0000000000 9999.0000000000 9999.0000000000 9999.0000000000 9999.0000000000 9999.0000000000 9999.0000000000 9999.0000000000 9999.0000000000 9999.0000000000 9999.0000000000 9999.0000000000 9999.0000000000 9999.0000000000 9999.0000000000 226.7528228760 227.1197662354 228.4288024902 9999.0000000000 9999.0000000000 9999.0000000000 233.7102050781 234.9339752197 9999.0000000000 9999.0000000000 9999.0000000000 239.9316711426 239.5736694336 9999.0000000000 240.8636627197 241.5004272461 241.3058776855 9999.0000000000 9999.0000000000
216.2564697266 216.3236541748 216.3341979980 216.8050689697 217.8816528320 218.8064270020 220.8091278076 9999.0000000000 9999.0000000000 219.9342498779 9999.0000000000 9999.0000000000 220.7150878906 220.4754180908 9999.0000000000 9999.0000000000 9999.0000000000 9999.0000000000 9999.0000000000 9999.0000000000 9999.0000000000 9999.0000000000 9999.0000000000 9999.0000000000 9999.0000000000 9999.0000000000 9999.0000000000 9999.0000000000 9999.0000000000 9999.0000000000 230.7065582275 232.9270629883 234.0898895264 9999.0000000000 9999.0000000000 9999.0000000000 9999.0000000000 9999.0000000000 241.7837829590 241.2714691162 9999.0000000000 9999.0000000000 9999.0000000000 9999.0000000000 9999.0000000000 9999.0000000000 9999.0000000000
223.6056976318 222.4560852051 223.4253540039 223.0901947021 223.4680480957 223.5953979492 222.3551940918 9999.0000000000 9999.0000000000 222.8982086182 9999.0000000000 9999.0000000000 9999.0000000000 9999.0000000000 9999.0000000000 9999.0000000000 9999.0000000000 9999.0000000000 9999.0000000000 9999.0000000000 9999.0000000000 9999.0000000000 9999.0000000000 9999.0000000000 9999.0000000000 9999.0000000000 9999.0000000000 9999.0000000000 9999.0000000000 9999.0000000000 9999.0000000000 234.3460845947 236.3408813477 237.8855285645 239.3141479492 240.9043426514 242.1666259766 243.4865875244 243.2038421631 9999.0000000000 9999.0000000000 9999.0000000000 9999.0000000000 9999.0000000000 9999.0000000000 9999.0000000000 9999.0000000000
230.5576782227 230.5163116455 229.9200592041 228.9950103760 229.5159606934 228.3185272217 227.9102935791 9999.0000000000 9999.0000000000 9999.0000000000 9999.0000000000 9999.0000000000 9999.0000000000 9999.0000000000 9999.0000000000 9999.0000000000 9999.0000000000 9999.0000000000 9999.0000000000 9999.0000000000 9999.0000000000 9999.0000000000 9999.0000000000 9999.0000000000 9999.0000000000 9999.0000000000 9999.0000000000 9999.0000000000 9999.0000000000 9999.0000000000 9999.0000000000 9999.0000000000 9999.0000000000 239.9441528320 240.6665954590 9999.0000000000 9999.0000000000 9999.0000000000 9999.0000000000 9999.0000000000 9999.0000000000 9999.0000000000 9999.0000000000 9999.0000000000 9999.0000000000 9999.0000000000 243.3112182617
236.9243927002 235.8464813232 234.9852294922 233.8557434082 233.0547180176 9999.0000000000 9999.0000000000 9999.0000000000 9999.0000000000 9999.0000000000 9999.0000000000 9999.0000000000 9999.0000000000 9999.0000000000 9999.0000000000 9999.0000000000 9999.0000000000 9999.0000000000 9999.0000000000 9999.0000000000 9999.0000000000 9999.0000000000 9999.0000000000 9999.0000000000 9999.0000000000 9999.0000000000 9999.0000000000 9999.0000000000 9999.0000000000 9999.0000000000 9999.0000000000 9999.0000000000 9999.0000000000 9999.0000000000 9999.0000000000 9999.0000000000 9999.0000000000 9999.0000000000 9999.0000000000 9999.0000000000 9999.0000000000 9999.0000000000 9999.0000000000 9999.0000000000 9999.0000000000 9999.0000000000 9999.0000000000
242.2825622559 240.3507843018 238.7308197021 238.0570373535 236.5821838379 235.8319091797 235.5967864990 9999.0000000000 9999.0000000000 9999.0000000000 9999.0000000000 9999.0000000000 9999.0000000000 9999.0000000000 9999.0000000000 9999.0000000000 9999.0000000000 9999.0000000000 9999.0000000000 9999.0000000000 9999.0000000000 9999.0000000000 9999.0000000000 9999.0000000000 9999.0000000000 9999.0000000000 9999.0000000000 9999.0000000000 9999.0000000000 9999.0000000000 9999.0000000000 9999.0000000000 9999.0000000000 9999.0000000000 9999.0000000000 9999.0000000000 9999.0000000000 9999.0000000000 9999.0000000000 9999.0000000000 9999.0000000000 9999.0000000000 9999.0000000000 9999.0000000000 9999.0000000000 9999.0000000000 9999.0000000000
246.6407470703 245.2468872070 242.2465972900 241.4064025879 239.8412475586 238.9337158203 239.2646331787 238.7112121582 9999.0000000000 9999.0000000000 9999.0000000000 9999.0000000000 9999.0000000000 9999.0000000000 9999.0000000000 9999.0000000000 9999.0000000000 9999.0000000000 9999.0000000000 9999.0000000000 9999.0000000000 9999.0000000000 9999.0000000000 9999.0000000000 9999.0000000000 9999.0000000000 9999.0000000000 9999.0000000000 9999.0000000000 9999.0000000000 9999.0000000000 9999.0000000000 9999.0000000000 9999.0000000000 9999.0000000000 9999.0000000000 9999.0000000000 9999.0000000000 9999.0000000000 9999.0000000000 9999.0000000000 9999.0000000000 9999.0000000000 9999.0000000000 9999.0000000000 9999.0000000000 9999.0000000000
250.0577697754 248.2386169434 246.2160034180 244.3011322021 243.1112060547 242.1716003418 241.7847137451 241.3327484131 240.5294799805 239.1419830322 237.0649108887 234.6236419678 234.4308929443 9999.0000000000 9999.0000000000 9999.0000000000 9999.0000000000 9999.0000000000 9999.0000000000 9999.0000000000 9999.0000000000 9999.0000000000 9999.0000000000 9999.0000000000 9999.0000000000 243.4190368652 243.4882659912 244.3021697998 245.3951263428 245.3806457520 246.2484588623 9999.0000000000 9999.0000000000 9999.0000000000 9999.0000000000 9999.0000000000 9999.0000000000 9999.0000000000 9999.0000000000 9999.0000000000 9999.0000000000 9999.0000000000 9999.0000000000 9999.0000000000 9999.0000000000 9999.0000000000 9999.0000000000
253.1792297363 251.4859313965 249.5207977295 247.7804412842 246.1005401611 244.9315032959 244.4126586914 243.6490478516 243.0066680908 241.2631988525 239.7253417969 238.3000030518 237.5416412354 237.1582946777 237.4288787842 9999.0000000000 9999.0000000000 9999.0000000000 9999.0000000000 9999.0000000000 9999.0000000000 9999.0000000000 9999.0000000000 245.6164245605 246.4346771240 247.0119476318 248.0251922607 249.3630828857 249.6848754883 249.9394989014 249.8882446289 249.5660095215 249.4615173340 249.7678985596 9999.0000000000 9999.0000000000 9999.0000000000 9999.0000000000 9999.0000000000 9999.0000000000 9999.0000000000 9999.0000000000 9999.0000000000 9999.0000000000 9999.0000000000 9999.0000000000 9999.0000000000
255.5128326416 253.7887573242 252.3736572266 250.3777770996 248.3123474121 247.7133789062 246.8715362549 246.2441253662 245.2482147217 244.4845886230 242.7479248047 242.0103912354 241.1285705566 241.1109619141 241.9361267090 9999.0000000000 9999.0000000000 9999.0000000000 9999.0000000000 9999.0000000000 9999.0000000000 9999.0000000000 9999.0000000000 248.7864685059 250.3712310791 251.1005401611 252.7470855713 254.2775421143 254.6307983398 254.7603454590 254.8966064453 254.6064147949 254.1417694092 254.6761932373 255.3249511719 255.6143951416 254.9823303223 9999.0000000000 9999.0000000000 9999.0000000000 9999.0000000000 9999.0000000000 9999.0000000000 9999.0000000000 9999.0000000000 9999.0000000000 250.8642120361
258.1512451172 256.7090759277 254.6686248779 253.4713439941 251.9720458984 250.3017120361 249.4684448242 248.8397674561 247.7536468506 246.8700103760 246.4664459229 245.8760223389 245.6169586182 245.8529815674 245.9992523193 246.9971923828 247.2012023926 247.9152221680 248.7522735596 9999.0000000000 9999.0000000000 9999.0000000000 9999.0000000000 9999.0000000000 254.4646148682 255.8778991699 257.2022705078 258.4199829102 259.2548828125 259.3795166016 259.2854614258 259.1914062500 259.1235961914 259.5340576172 259.7832641602 260.1091308594 260.0934448242 259.8749389648 259.1529235840 258.1230163574 257.8170471191 257.1584167480 9999.0000000000 255.6239166260 254.9189910889 253.5174255371 253.4341125488
259.5559082031 257.8643798828 256.6836853027 255.4955139160 254.0677032471 252.7823028564 251.4689331055 250.5456085205 249.7348480225 249.1845092773 248.9556579590 249.1280670166 249.2100372314 249.9483642578 250.5269165039 250.7451934814 251.0567626953 251.6344299316 251.8655700684 252.3434600830 252.5435333252 254.2774047852 9999.0000000000 257.0810852051 258.4347229004 259.7394409180 260.9991149902 262.3101196289 263.1445922852 263.5311889648 263.1883544922 263.1675109863 263.0618591309 263.3745422363 263.6773986816 263.8897094727 263.5885314941 263.3664855957 262.6592712402 261.5678710938 260.9596862793 259.8585815430 259.1528625488 258.2033386230 257.4914245605 256.9309082031 256.6358947754
260.9414367676 259.5021362305 257.6272583008 256.2438354492 254.4984588623 253.2805786133 252.1602325439 251.2815856934 251.2202301025 251.0829925537 251.1281738281 252.0101165771 252.3895416260 252.5943908691 253.3825683594 254.0625305176 254.7400512695 255.3976287842 255.9270935059 256.1445007324 257.2232360840 258.5473937988 259.6726989746 261.1120910645 262.2751770020 263.0241088867 264.0252990723 264.7526245117 265.6496276855 266.1629943848 265.6111755371 265.5930786133 265.6911926270 265.8271179199 266.0063781738 266.1770019531 265.8414001465 265.4047241211 265.1981201172 264.5526733398 263.7347106934 263.6153259277 262.7153015137 262.3680114746 262.2218017578 261.7944335938 261.2359008789
262.7485351562 260.3900756836 258.6449279785 256.9804687500 255.7670135498 254.3052368164 253.2755889893 252.5355682373 252.7697753906 253.0967712402 253.7020416260 254.2554779053 255.2523956299 256.1255187988 256.3560180664 257.3423156738 258.3393249512 259.0049438477 259.4608764648 261.3535766602 261.6936035156 262.9048461914 264.3941040039 264.9261779785 265.9455261230 266.3273925781 267.0895080566 267.9249877930 268.5707702637 268.5734558105 268.6375427246 268.1789245605 267.9343872070 268.2046203613 268.1134643555 268.2294616699 268.2637023926 267.9751892090 267.7513122559 267.9448547363 267.5213012695 267.2325439453 266.7525024414 266.7989807129 266.8242187500 267.3332519531 267.2889404297
264.5534362793 262.3113403320 259.8634338379 258.0883789062 256.5722656250 255.1529998779 254.7853240967 254.9770965576 254.8856811523 255.8194427490 256.7051086426 257.0122375488 258.2933349609 259.2849426270 259.4216918945 261.1660766602 262.0115966797 262.4340820312 263.5530395508 264.8859558105 265.5840148926 266.6737976074 267.4915771484 268.1019897461 269.2189331055 269.7491455078 269.8696289062 270.3957519531 270.7287902832 270.7085266113 270.9393310547 270.7960205078 270.2315979004 270.5530090332 270.4530334473 270.1734619141 270.2987670898 270.2766418457 270.1334533691 270.4855041504 270.6351623535 270.4927673340 270.8233032227 270.9381103516 270.7996215820 271.3345947266 271.6641235352
265.5119018555 263.8226623535 261.9482727051 259.7176208496 258.6577453613 258.0431518555 257.3313903809 257.8491516113 258.1061096191 258.3853454590 259.1659851074 260.1464538574 260.8344726562 261.7626647949 262.7985229492 263.3031005859 264.1513671875 264.9435424805 265.8235778809 266.8059692383 268.3622436523 269.1175842285 270.0272216797 270.9452514648 271.2398071289 271.6023864746 272.1214904785 272.1791076660 272.4277648926 272.6606750488 272.5592346191 272.6453857422 272.5045166016 272.2121582031 272.1417236328 272.4215087891 272.2916870117 272.0846862793 272.3491821289 272.4044799805 272.6183166504 272.9200744629 272.8638000488 272.9956665039 273.4296264648 273.6052551270 274.0390014648
267.4386291504 265.1875915527 263.8014526367 262.9241638184 261.4985046387 261.4760131836 261.7729187012 261.7681884766 262.0663146973 262.6614990234 262.7301635742 263.6572265625 264.0792236328 265.3787841797 265.8175964355 266.4340515137 267.0105590820 267.3718261719 268.2663269043 269.4411621094 270.6400756836 271.3393554688 272.5196838379 273.3666992188 273.6767883301 273.7596435547 274.1650695801 274.3023986816 274.4543151855 274.5214233398 274.3781738281 274.6958618164 274.6866455078 274.4179382324 274.3790893555 274.5247802734 274.0399169922 274.3674011230 274.3619689941 274.4354858398 274.6791076660 274.6726379395 274.6167907715 274.7079162598 274.9978332520 275.1858215332 275.4897766113
268.0409240723 266.8923645020 265.2655334473 264.5877380371 264.7166442871 264.9412841797 265.7939147949 266.1851501465 266.0815734863 266.6734619141 267.5567626953 267.3650512695 268.2849426270 268.4303588867 268.9279785156 269.2974548340 269.3101196289 269.6599426270 270.5428771973 271.3542480469 272.6507568359 273.9340515137 275.1370544434 275.3323059082 275.6099853516 275.7808837891 275.9398193359 276.1007385254 276.3449096680 276.2930603027 276.5637817383 276.6994323730 276.5481262207 276.7807617188 276.7692565918 276.5688171387 276.7622070312 276.2264404297 276.2118530273 276.4759216309 275.9116210938 276.1132812500 276.2050476074 276.2674560547 276.1715698242 276.4660339355 276.6022033691
268.9656982422 267.4586181641 266.4544982910 266.3619079590 266.7966308594 267.7452697754 268.9021606445 269.5827941895 269.9701843262 270.3672180176 270.7100219727 271.2882385254 271.5227661133 271.5988769531 271.8681030273 271.6610412598 271.7009277344 271.7279663086 272.3348388672 273.1719665527 274.4866638184 275.5736083984 276.6615905762 277.1536560059 277.3069152832 277.4840393066 277.6781311035 277.8081054688 277.9028625488 277.9695129395 278.0086059570 278.1513061523 278.2556457520 278.3216552734 278.3305969238 278.4691467285 278.4276123047 278.2474365234 278.0802917480 277.4784240723 277.2086791992 277.3875122070 277.1484680176 277.1431579590 277.0804138184 277.2268676758 277.3182983398
