model_inputs/inputs/rsds1.asc
ncols 720
nrows 360
xllcorner -180
yllcorner -90
cellsize 0.500000
NODATA_value 9999.000000
[rows 63 to 83 of 360, columns 188 to 234 of 720]
9999.0000000000 9999.0000000000 9999.0000000000 9999.0000000000 9999.0000000000 9999.0000000000 9999.0000000000 9999.0000000000 9999.0000000000 9999.0000000000 9999.0000000000 9999.0000000000 9999.0000000000 9999.0000000000 9999.0000000000 21.5812740326 21.6686134338 21.4463386536 20.7378101349 20.5007648468 20.3099842072 20.1088371277 20.0650768280 19.9723358154 20.1508388519 20.2392368317 20.2379131317 20.3392143250 20.3284015656 20.2234859467 20.3292617798 20.3192825317 20.4893131256 20.4217357635 20.2351818085 20.0194110870 19.5926094055 19.1576290131 18.8757648468 18.6858291626 18.3819484711 18.8164386749 19.6065387726 20.0465011597 20.6094894409 21.0354900360 20.8308429718
9999.0000000000 9999.0000000000 9999.0000000000 9999.0000000000 9999.0000000000 9999.0000000000 9999.0000000000 9999.0000000000 9999.0000000000 9999.0000000000 9999.0000000000 9999.0000000000 9999.0000000000 9999.0000000000 9999.0000000000 9999.0000000000 9999.0000000000 22.3075428009 22.3453102112 21.9675064087 21.5847263336 21.3062419891 21.1904106140 21.2108325958 21.3765106201 21.3103981018 21.5464897156 21.4252910614 21.4560680389 21.2949275970 21.4741134644 21.4562129974 21.4901142120 21.3603706360 21.1485061646 20.9860057831 20.6534748077 20.3403720856 20.1284713745 20.2148571014 19.9537525177 20.6353664398 20.9719429016 21.7693977356 22.3469791412 22.6283168793 22.6736602783
9999.0000000000 9999.0000000000 9999.0000000000 9999.0000000000 9999.0000000000 9999.0000000000 9999.0000000000 9999.0000000000 9999.0000000000 9999.0000000000 9999.0000000000 9999.0000000000 9999.0000000000 9999.0000000000 9999.0000000000 9999.0000000000 9999.0000000000 9999.0000000000 24.1174564362 24.3095626831 23.5899906158 22.6145629883 22.7713966370 22.6571121216 22.8781871796 22.7477397919 22.8478927612 23.0215320587 22.9365005493 22.9269695282 22.8520984650 22.7802467346 22.8855323792 22.6088943481 22.6205635071 22.3063602448 22.2401866913 21.9408569336 21.7780647278 21.7351875305 21.6913547516 22.3404788971 23.0151481628 23.5048351288 24.0832939148 24.5804843903 24.5794982910
9999.0000000000 9999.0000000000 9999.0000000000 9999.0000000000 9999.0000000000 9999.0000000000 9999.0000000000 9999.0000000000 9999.0000000000 9999.0000000000 9999.0000000000 9999.0000000000 26.1494503021 25.6200027466 9999.0000000000 9999.0000000000 9999.0000000000 9999.0000000000 25.5831108093 25.6437625885 24.9056720734 24.2666206360 24.1471843719 24.2773418427 24.2615261078 24.3067588806 24.2036018372 24.2532844543 24.3902759552 24.4997062683 24.2615013123 24.2848930359 24.2122764587 24.1236419678 24.0425567627 23.8674774170 23.8364334106 23.6547489166 23.6204872131 23.4860725403 23.8337039948 24.2395286560 24.7031593323 25.3082809448 25.8396244049 26.3531169891 26.7112884521
9999.0000000000 9999.0000000000 9999.0000000000 9999.0000000000 9999.0000000000 9999.0000000000 9999.0000000000 9999.0000000000 9999.0000000000 9999.0000000000 9999.0000000000 9999.0000000000 27.1738967896 27.1965618134 27.2822532654 9999.0000000000 9999.0000000000 9999.0000000000 27.0571632385 27.0137500763 26.5932178497 25.9494972229 25.8856525421 25.9165802002 25.6836490631 26.2367744446 26.4354381561 25.7664871216 25.9591197968 25.8183498383 26.0857715607 25.8208618164 26.0146465302 25.7608032227 25.8495712280 25.8305282593 25.5015125275 25.5987663269 25.4133319855 25.5611457825 25.7571258545 26.2383975983 26.7685146332 26.8958911896 27.5269451141 27.9641323090 28.6314849854
30.6108531952 9999.0000000000 9999.0000000000 9999.0000000000 9999.0000000000 9999.0000000000 9999.0000000000 9999.0000000000 9999.0000000000 9999.0000000000 9999.0000000000 9999.0000000000 29.3091278076 29.2911872864 9999.0000000000 9999.0000000000 9999.0000000000 28.5296554565 28.2945957184 28.1248779297 28.0566673279 27.8346729279 27.7425937653 28.3569717407 28.2923412323 28.0689811707 28.0436630249 28.2853736877 28.2354946136 27.9444427490 27.8523120880 27.8520908356 28.1218395233 27.8921890259 27.5726470947 27.6007938385 27.7862854004 27.5791072845 27.7923622131 27.6195030212 27.8273029327 28.2325801849 28.4213562012 28.9627380371 29.3662719727 29.7922000885 30.3207893372
32.0017204285 31.8942394257 31.9807510376 31.7579727173 31.9712162018 32.0456008911 31.9620532990 32.5116386414 9999.0000000000 9999.0000000000 9999.0000000000 9999.0000000000 9999.0000000000 9999.0000000000 9999.0000000000 30.0914154053 30.0070705414 30.0447196960 30.0409107208 29.8130702972 29.7585220337 29.5868930817 29.5696945190 29.3201847076 29.2812919617 29.2036495209 29.8161449432 29.9714183807 29.8906631470 30.1148204803 29.5150604248 29.7266330719 29.8025817871 29.7020111084 29.5392284393 29.4281139374 29.5576858521 29.4813709259 29.7379474640 29.7186775208 29.8987846375 30.0485210419 30.2668285370 30.6908607483 30.8293972015 31.2281894684 31.7551746368
33.1111145020 33.1761322021 32.9477386475 33.1436233521 32.8902587891 33.2336311340 33.3268432617 34.1632156372 9999.0000000000 9999.0000000000 9999.0000000000 9999.0000000000 32.7005958557 31.8036403656 31.7655620575 31.5330429077 31.2181739807 31.0266799927 30.7982425690 30.7582836151 30.5630226135 30.5896606445 30.4747753143 30.6016788483 30.5718936920 30.7514457703 30.8325805664 30.7451553345 30.9627685547 30.8482799530 31.0885238647 31.0187854767 31.0884513855 31.0942401886 30.8993778229 31.0758972168 31.0307312012 31.3148307800 31.1952991486 31.4732036591 31.3891429901 31.4587173462 31.6739330292 31.7053184509 32.0162315369 32.1517066956 32.5355758667
34.4110412598 34.5597038269 34.4181518555 34.5571746826 34.4647178650 34.4561614990 34.4288711548 34.7557907104 9999.0000000000 9999.0000000000 9999.0000000000 9999.0000000000 9999.0000000000 33.5357360840 33.1741256714 32.6033744812 33.0296707153 32.5122146606 31.8427276611 31.6345710754 31.5889549255 31.5601062775 31.5972423553 31.8171119690 31.7694721222 31.9384346008 31.8230438232 32.2715911865 32.3063278198 32.5940742493 32.6075210571 32.6296920776 32.7911453247 32.7041740417 32.9147605896 32.6204414368 32.9240951538 32.9683837891 33.1475257874 33.1707801819 33.1133232117 33.2293243408 33.0506668091 33.2375030518 33.1151771545 33.2201881409 33.2159080505
35.6493110657 35.5732383728 35.6628723145 35.5335617065 35.5923347473 35.6994857788 35.9200973511 36.0288658142 9999.0000000000 9999.0000000000 9999.0000000000 9999.0000000000 9999.0000000000 34.9743347168 34.7015151978 34.1330757141 33.6177597046 33.1818084717 32.8317947388 32.5971984863 32.5829620361 32.5513114929 32.6092910767 32.6289939880 32.8129844666 32.9138641357 33.1939849854 33.6432342529 33.8040809631 34.1427536011 34.2299118042 34.3725967407 34.2733573914 34.5604019165 34.4392852783 34.6343879700 34.6237449646 34.9147529602 34.9030570984 34.8786163330 34.9004173279 34.7624435425 34.6818275452 34.5151672363 34.4466438293 34.3512954712 34.2184448242
37.0612564087 37.1277542114 37.3782920837 37.2841720581 37.2197494507 37.2219924927 37.1614151001 37.1770896912 37.3248367310 37.1523895264 9999.0000000000 9999.0000000000 37.0531349182 36.5061073303 36.6199150085 35.9273338318 34.8008155823 34.3480567932 33.7774047852 33.7492408752 33.5032386780 33.6173667908 33.5540275574 33.7426528931 33.8590583801 34.1490097046 34.2168884277 34.7083625793 34.9307174683 35.2750244141 35.4253730774 35.6635780334 35.8017692566 36.0055351257 36.1611480713 36.3353042603 36.4533576965 36.6131286621 36.5842247009 36.6264533997 36.5630187988 36.5994186401 36.3453140259 36.1859321594 35.8833580017 35.7034950256 35.3618125916
38.6271324158 38.6699218750 38.8103981018 38.5916671753 38.6377792358 38.4244079590 38.6225624084 38.4533500671 38.5960578918 38.7257537842 39.5228157043 9999.0000000000 9999.0000000000 9999.0000000000 37.8637886047 37.0320243835 36.0749740601 35.3984031677 35.0575065613 34.8323059082 34.8426780701 34.6898040771 34.9882507324 34.9772720337 35.3497314453 35.4041175842 35.7201194763 35.7992057800 36.3249778748 36.4541931152 36.8489036560 36.9773902893 37.3007011414 37.2393341064 37.7000389099 37.6819992065 37.9406280518 37.9988098145 38.2490386963 38.1301498413 38.5106124878 38.2954521179 38.6401672363 38.1986160278 38.2366714478 37.7154808044 37.7272529602
40.3542175293 40.5242347717 40.4042167664 40.2791824341 40.0776748657 40.0856590271 39.8611297607 39.9257202148 39.9652290344 40.0343971252 9999.0000000000 9999.0000000000 9999.0000000000 9999.0000000000 38.7509155273 38.0888786316 37.2273902893 36.8753967285 36.4076728821 36.3974189758 36.1742706299 36.4063758850 36.3181724548 36.7841453552 36.7701911926 36.9668197632 36.8272743225 37.1289100647 37.3926124573 37.7004890442 38.2872276306 38.6595039368 38.9051856995 39.1566047668 39.1736679077 39.3927574158 39.4185409546 39.7060699463 39.8250656128 40.2310905457 40.3432235718 40.6694564819 40.6782836914 40.6202545166 40.3918685913 40.2229957581 39.9395332336
42.1749763489 42.3147888184 42.0287322998 41.9088249207 41.5526504517 41.5305747986 41.3120956421 41.2734107971 41.3199653625 41.3405036926 41.3252410889 9999.0000000000 40.5330810547 40.3661422729 39.9816474915 39.5021858215 38.6317329407 38.3116455078 37.6330413818 37.8879623413 37.6803398132 37.5849876404 37.6823158264 37.9673271179 37.9319763184 38.1709480286 38.1472473145 38.5086135864 38.6137313843 39.0704536438 39.5353469849 40.0225563049 40.2857513428 40.7316627502 40.7341613770 40.9882316589 40.8688583374 41.2494163513 41.2808990479 41.5826187134 41.8107986450 42.0869865417 42.1553840637 42.0122108459 42.2538452148 41.8054618835 41.7947044373
44.2074127197 43.8610458374 43.8215065002 43.2948532104 43.0983619690 42.5985183716 42.4817352295 42.2808456421 42.4067573547 42.5970039368 42.3371124268 42.2605934143 41.8390426636 41.5581741333 41.0966262817 40.4703826904 40.0837440491 39.8011665344 39.2777404785 38.8193664551 38.7776107788 38.7796058655 39.0797119141 39.0803527832 39.3058547974 39.3383522034 39.6395416260 39.7889099121 40.1660575867 40.3830108643 40.9035110474 41.1128273010 41.7813873291 41.8883399963 42.3225555420 42.1684188843 42.4830055237 42.4431152344 42.6420364380 42.3785781860 42.4941902161 42.3649520874 42.1387443542 42.4143295288 43.1561965942 42.3609199524 42.6180801392
46.2223510742 46.0536956787 45.5224800110 45.0247917175 44.5732231140 44.0913429260 43.8016319275 43.7205963135 43.8805351257 43.7611694336 43.3308715820 43.0694198608 42.7060737610 42.2890968323 41.9111862183 41.3179473877 41.0240211487 40.8783950806 40.3593444824 40.3512077332 40.3631973267 40.3758697510 40.5465240479 40.6910743713 40.7996749878 41.0103683472 41.1789321899 41.4235229492 41.7941665649 42.1380119324 42.5819511414 42.9646720886 43.5654830933 43.8815574646 44.0730667114 44.1055564880 44.3306159973 43.8417205811 44.0873908997 43.6040496826 43.3729019165 42.9708595276 42.9830398560 42.2729530334 42.5016784668 42.5015144348 42.6528968811
47.7552757263 47.5046844482 46.9693946838 46.5776062012 45.9771423340 45.6316490173 45.2976417542 45.2707290649 44.6991119385 44.3970146179 44.0466804504 43.8137664795 43.5302124023 43.1053047180 42.9301719666 42.8395042419 42.3360519409 42.4472427368 41.8393707275 42.0600242615 41.8595275879 42.1331253052 42.0185356140 42.4346923828 42.3687248230 42.8012542725 42.9016952515 43.3929138184 43.6049842834 44.2766838074 44.4612617493 45.1076316833 45.2158355713 45.9693756104 45.9652671814 46.2555541992 45.9723205566 45.6850395203 45.4675521851 44.8456153870 44.5575637817 44.1259193420 43.9660377502 43.2777481079 42.5389938354 42.5747833252 42.6781425476
49.0037040710 48.5158233643 47.9953575134 47.7281227112 47.2593688965 46.8410377502 46.4956359863 46.1576995850 45.7664184570 45.4028205872 44.9090576172 44.7175292969 44.4478073120 44.1612510681 43.9165039062 43.6952514648 43.5737953186 43.6314163208 43.3810729980 43.5199737549 43.4248466492 43.5180511475 43.5794906616 43.8107948303 44.0450248718 44.3347625732 44.5790939331 45.0129203796 45.3431739807 45.7274894714 46.2943687439 46.7010459900 46.9821739197 47.2856101990 47.8131408691 47.9257507324 47.9240036011 47.1782798767 46.7105979919 9999.0000000000 9999.0000000000 9999.0000000000 9999.0000000000 44.9112701416 43.4544868469 43.0711174011 42.5730934143
47.9308433533 47.7900009155 48.2220802307 48.4688796997 48.2952919006 48.2973518372 48.1926994324 47.6287117004 47.6190528870 46.8098640442 46.7284622192 46.2125129700 45.9297409058 45.4831619263 45.2483329773 44.9822921753 45.0943832397 44.9263343811 44.8567810059 44.7735519409 44.9599342346 44.8473625183 45.1427192688 45.4420242310 45.8155174255 45.8878669739 46.3493232727 46.5487861633 47.0955886841 47.3796195984 48.0239410400 48.4939727783 49.4250869751 49.3587951660 49.6824874878 49.4494400024 49.2916259766 48.5028915405 49.3358001709 48.6775512695 47.9841613770 46.0085868835 45.7011184692 45.3677330017 46.5772819519 46.3579254150 45.5500564575
47.9881553650 47.5848464966 48.1894111633 48.7111396790 49.1809158325 49.6875839233 49.5706901550 49.6099624634 49.2397613525 48.8783874512 48.3886566162 48.0986137390 47.4225311279 47.2241172791 46.7300186157 46.7512283325 46.3686904907 46.5798950195 46.5222854614 46.6817550659 46.6521835327 47.0166320801 47.0133666992 47.4630241394 47.4265899658 48.0442771912 48.0718688965 48.7861213684 48.6184463501 49.3311080933 49.9038505554 50.5945014954 51.0445442200 51.5512657166 51.1670303345 50.4278335571 51.4718475342 51.3557701111 51.3235778809 51.6158638000 50.6663017273 49.7608032227 49.0452270508 49.7713699341 9999.0000000000 9999.0000000000 9999.0000000000
48.2313652039 47.3434524536 47.8962783813 48.9805030823 50.0112915039 50.6483726501 51.0785408020 51.0525627136 50.9239311218 50.6771621704 50.2430458069 49.6448974609 49.2617988586 48.7660331726 48.4267005920 48.1772537231 47.9909782410 47.9234161377 47.8270759583 48.0854492188 48.3896179199 48.5470619202 48.6914558411 49.0205917358 49.0063018799 49.3931999207 49.9514045715 50.0654945374 50.2867927551 51.4108963013 51.7426948547 52.8700103760 52.9731445312 53.3937606812 53.3393058777 52.9331665039 52.2985229492 53.5687026978 53.7923583984 54.2050704956 53.0676269531 53.5871467590 52.6484718323 52.9021377563 9999.0000000000 9999.0000000000 9999.0000000000
