model_inputs/inputs/rsds11.asc
ncols 720
nrows 360
xllcorner -180
yllcorner -90
cellsize 0.500000
NODATA_value 9999.000000
[rows 126 to 146 of 360, columns 564 to 610 of 720]
126.7189636230 124.4830627441 119.7877655029 116.1331176758 107.1773529053 101.0036087036 95.4241027832 94.9795761108 95.9779739380 99.2937011719 102.2806167603 104.4673538208 106.5192565918 108.0807189941 111.0630798340 115.1110305786 118.7877578735 121.2392425537 124.0081710815 124.0338745117 124.5201492310 125.1586074829 126.9788513184 128.8484039307 131.1513366699 132.3202819824 134.2388153076 135.9139099121 136.0205230713 137.1127319336 138.1175842285 136.8511199951 133.6124572754 131.0072021484 125.3438873291 119.4387893677 116.0002441406 9999.0000000000 9999.0000000000 9999.0000000000 9999.0000000000 9999.0000000000 9999.0000000000 9999.0000000000 9999.0000000000 9999.0000000000 9999.0000000000
128.7239532471 127.9691848755 123.5681228638 120.0293350220 111.7553329468 103.7652130127 98.3749923706 98.4571304321 102.7046585083 105.8299484253 108.9623336792 113.0419540405 113.4930343628 115.4135513306 118.9158096313 121.0423507690 125.1002502441 128.5202636719 129.8659362793 130.6958465576 130.8656311035 130.4785156250 132.2708129883 135.7060852051 137.2559051514 138.5386352539 141.5118408203 142.3907470703 144.4104614258 144.6960296631 143.0189819336 141.0728759766 137.3353576660 134.5430450439 129.2265014648 123.5120925903 119.4934082031 9999.0000000000 9999.0000000000 9999.0000000000 9999.0000000000 9999.0000000000 9999.0000000000 9999.0000000000 9999.0000000000 9999.0000000000 9999.0000000000
130.0102996826 129.5461883545 126.9662780762 121.6065902710 114.2932357788 107.1884689331 100.8738555908 103.8537445068 107.4912490845 112.7075271606 116.8562164307 118.8586349487 120.0533905029 122.3489761353 124.6336822510 127.9347229004 132.2009429932 134.8336181641 136.2236633301 137.0769500732 136.9952239990 136.9835357666 139.8501281738 141.9707183838 143.5217590332 146.6409454346 148.0828704834 149.5090484619 151.0839233398 150.3460998535 148.2158203125 145.1608428955 141.0667572021 137.8901062012 132.3760223389 126.7593307495 118.3077011108 9999.0000000000 9999.0000000000 9999.0000000000 9999.0000000000 9999.0000000000 9999.0000000000 9999.0000000000 9999.0000000000 9999.0000000000 9999.0000000000
130.6134338379 129.5460968018 126.9637374878 121.9230499268 115.9939956665 109.1258468628 106.1158905029 107.1775741577 112.4855499268 118.3636932373 121.5101776123 124.0341644287 126.3998947144 127.8143920898 130.3720703125 134.4111633301 137.3354949951 140.7460784912 142.6918945312 143.1927337646 143.1572875977 143.9048767090 145.4532012939 147.2972869873 150.0966339111 152.1790466309 153.7061309814 155.7891998291 156.2491149902 155.6385498047 153.3632202148 150.0013885498 146.1926574707 143.2456359863 140.1799621582 134.5071411133 9999.0000000000 9999.0000000000 112.3380050659 107.5892639160 9999.0000000000 9999.0000000000 9999.0000000000 9999.0000000000 9999.0000000000 9999.0000000000 9999.0000000000
127.7053298950 126.7879791260 127.4570465088 124.6681365967 116.3491973877 112.1825942993 110.1711578369 111.8968963623 116.8298950195 122.0624694824 125.4252777100 129.1590270996 130.6020812988 133.5528259277 136.5602111816 138.9015960693 142.9550170898 146.6195220947 148.8297271729 148.7436065674 150.2484436035 150.3283996582 152.9297943115 155.7637786865 157.2343139648 158.9839935303 161.1777496338 161.1592102051 160.7910614014 159.2223510742 157.9650573730 155.3847961426 153.5854339600 151.0419921875 148.0977783203 141.8543395996 9999.0000000000 131.6407318115 122.8868865967 112.0508575439 9999.0000000000 9999.0000000000 9999.0000000000 9999.0000000000 9999.0000000000 9999.0000000000 123.7587814331
125.0548400879 126.3971099854 125.7342300415 123.1828613281 118.1149749756 115.6064910889 114.5080337524 117.3544616699 121.3726043701 125.5839004517 129.9415283203 133.4172363281 135.7265014648 139.4966735840 141.7701568604 145.0147857666 149.1533813477 152.1876068115 152.9409027100 154.8932037354 155.4870758057 156.5621185303 159.3004455566 161.8809204102 163.8852386475 165.2299346924 165.2244720459 164.8033905029 163.9788513184 162.3240509033 161.1856079102 160.5237121582 159.9507904053 160.4777374268 9999.0000000000 9999.0000000000 147.4367523193 143.9607391357 131.3499145508 118.1360473633 9999.0000000000 9999.0000000000 122.9848480225 123.3138504028 123.5787582397 9999.0000000000 9999.0000000000
122.1902236938 122.8434753418 123.8718566895 122.5732955933 120.7425384521 118.6522140503 118.1080017090 120.7444076538 124.7672882080 129.5437316895 133.7867889404 137.5956878662 141.2828979492 144.3685455322 148.0516662598 150.7379760742 153.8899383545 156.7519073486 158.4004516602 159.7846221924 161.0864105225 162.0024261475 164.0535125732 166.7725524902 168.5814971924 168.8247222900 168.6197662354 167.2953796387 165.3169097900 164.6207885742 165.2277374268 165.5139465332 9999.0000000000 9999.0000000000 9999.0000000000 159.6434631348 154.6912078857 149.2263488770 140.2214202881 125.4837570190 9999.0000000000 9999.0000000000 9999.0000000000 9999.0000000000 9999.0000000000 9999.0000000000 9999.0000000000
121.9903793335 123.5814590454 125.2330703735 124.4776077271 123.2109222412 121.7029647827 122.0028533936 124.7170333862 129.2582244873 133.6898651123 139.0538330078 143.7225952148 148.3881072998 152.1512298584 155.8493194580 157.6516113281 159.7392578125 162.1633453369 163.9591674805 165.7925872803 166.8160247803 168.1447448730 169.5570373535 170.1769561768 171.3397827148 171.3393554688 169.4221801758 168.0909576416 168.0360412598 168.1056060791 168.2376251221 9999.0000000000 9999.0000000000 9999.0000000000 9999.0000000000 166.7068176270 165.2580566406 159.3983612061 146.4174194336 9999.0000000000 9999.0000000000 9999.0000000000 9999.0000000000 9999.0000000000 9999.0000000000 9999.0000000000 9999.0000000000
126.1694946289 126.8904190063 128.3863372803 127.7298889160 125.4576339722 123.0904541016 123.2260360718 127.8377456665 133.5315093994 138.4423370361 144.5143432617 151.1340484619 155.7603149414 159.5781250000 163.7895812988 164.9509887695 165.8491210938 167.7910003662 168.7537231445 170.7997283936 172.6948852539 174.1092987061 174.1769714355 175.5789489746 173.9123382568 172.0701446533 171.1997680664 169.6230316162 168.5932159424 168.3299713135 9999.0000000000 9999.0000000000 9999.0000000000 9999.0000000000 9999.0000000000 9999.0000000000 166.8809356689 161.2690734863 148.0140991211 9999.0000000000 9999.0000000000 9999.0000000000 9999.0000000000 9999.0000000000 9999.0000000000 9999.0000000000 9999.0000000000
130.5261688232 132.0202941895 132.7447662354 132.0787811279 128.6587829590 125.1834259033 125.7118072510 129.9641113281 136.6625671387 143.7858428955 151.0869140625 156.3671417236 161.5240173340 166.0490875244 168.4806060791 170.0933685303 170.1074218750 170.6581268311 171.4606781006 173.7747802734 176.0282440186 175.8205413818 177.3720855713 177.1497802734 176.7236633301 175.0517883301 9999.0000000000 9999.0000000000 9999.0000000000 9999.0000000000 9999.0000000000 9999.0000000000 9999.0000000000 9999.0000000000 9999.0000000000 9999.0000000000 165.2950134277 162.1254119873 9999.0000000000 9999.0000000000 9999.0000000000 9999.0000000000 9999.0000000000 9999.0000000000 9999.0000000000 9999.0000000000 9999.0000000000
135.2288360596 137.0462036133 139.0841064453 135.4766540527 133.3576965332 128.4928894043 127.6801452637 132.1410369873 140.1101684570 147.6421813965 153.9220428467 161.1022796631 164.2416229248 166.4049835205 168.1976470947 169.6166534424 172.0754852295 171.9882965088 172.4461212158 173.2086334229 172.2420043945 175.4592895508 9999.0000000000 9999.0000000000 9999.0000000000 9999.0000000000 9999.0000000000 9999.0000000000 9999.0000000000 9999.0000000000 9999.0000000000 9999.0000000000 9999.0000000000 9999.0000000000 9999.0000000000 9999.0000000000 9999.0000000000 162.6216278076 9999.0000000000 9999.0000000000 9999.0000000000 9999.0000000000 9999.0000000000 9999.0000000000 9999.0000000000 9999.0000000000 9999.0000000000
141.9844360352 145.1172485352 146.2574310303 141.5885467529 135.9365844727 131.4646759033 129.2538452148 132.3153991699 141.8055419922 150.7200622559 157.9630584717 163.7366790771 164.7316741943 9999.0000000000 166.0182189941 167.8808441162 169.1152954102 169.2115173340 168.0668029785 9999.0000000000 9999.0000000000 9999.0000000000 9999.0000000000 9999.0000000000 9999.0000000000 9999.0000000000 9999.0000000000 9999.0000000000 9999.0000000000 9999.0000000000 9999.0000000000 9999.0000000000 9999.0000000000 9999.0000000000 9999.0000000000 9999.0000000000 9999.0000000000 9999.0000000000 9999.0000000000 9999.0000000000 9999.0000000000 9999.0000000000 9999.0000000000 9999.0000000000 9999.0000000000 9999.0000000000 9999.0000000000
151.8003845215 154.9834442139 154.8567352295 150.6761779785 141.6576995850 131.8182525635 128.2815399170 134.1084136963 142.7749023438 153.6582794189 158.4325866699 161.7972106934 9999.0000000000 9999.0000000000 9999.0000000000 168.9808349609 169.8110198975 9999.0000000000 9999.0000000000 9999.0000000000 9999.0000000000 9999.0000000000 9999.0000000000 9999.0000000000 9999.0000000000 9999.0000000000 9999.0000000000 9999.0000000000 9999.0000000000 9999.0000000000 9999.0000000000 9999.0000000000 9999.0000000000 9999.0000000000 9999.0000000000 9999.0000000000 9999.0000000000 9999.0000000000 9999.0000000000 9999.0000000000 9999.0000000000 9999.0000000000 9999.0000000000 9999.0000000000 9999.0000000000 9999.0000000000 9999.0000000000
159.4252319336 163.0389709473 163.2928314209 156.8236846924 146.5926513672 135.7200012207 127.9159545898 133.8641357422 144.6050415039 153.7812042236 9999.0000000000 9999.0000000000 9999.0000000000 9999.0000000000 9999.0000000000 171.4660644531 167.1160430908 164.5673522949 9999.0000000000 9999.0000000000 9999.0000000000 9999.0000000000 9999.0000000000 9999.0000000000 9999.0000000000 9999.0000000000 9999.0000000000 9999.0000000000 9999.0000000000 9999.0000000000 9999.0000000000 9999.0000000000 9999.0000000000 9999.0000000000 9999.0000000000 9999.0000000000 9999.0000000000 9999.0000000000 9999.0000000000 127.3001403809 125.5227355957 9999.0000000000 9999.0000000000 9999.0000000000 9999.0000000000 9999.0000000000 9999.0000000000
167.2726593018 169.6038360596 172.3019866943 165.1123199463 153.0578765869 142.6141052246 134.8469848633 138.9562072754 144.8362579346 9999.0000000000 9999.0000000000 9999.0000000000 9999.0000000000 9999.0000000000 173.7285766602 174.8710479736 165.3850402832 164.4713439941 9999.0000000000 9999.0000000000 9999.0000000000 9999.0000000000 9999.0000000000 9999.0000000000 9999.0000000000 9999.0000000000 9999.0000000000 9999.0000000000 9999.0000000000 9999.0000000000 9999.0000000000 9999.0000000000 9999.0000000000 9999.0000000000 9999.0000000000 9999.0000000000 9999.0000000000 9999.0000000000 9999.0000000000 9999.0000000000 9999.0000000000 9999.0000000000 9999.0000000000 9999.0000000000 9999.0000000000 9999.0000000000 9999.0000000000
173.4867858887 179.4016265869 179.9073944092 174.7177581787 163.4012756348 150.6479492188 145.7060089111 141.4055175781 9999.0000000000 9999.0000000000 9999.0000000000 9999.0000000000 9999.0000000000 169.8474578857 173.0728759766 177.0566101074 170.1048278809 169.6740875244 9999.0000000000 9999.0000000000 9999.0000000000 9999.0000000000 9999.0000000000 9999.0000000000 9999.0000000000 9999.0000000000 9999.0000000000 9999.0000000000 9999.0000000000 9999.0000000000 9999.0000000000 9999.0000000000 9999.0000000000 9999.0000000000 9999.0000000000 9999.0000000000 9999.0000000000 9999.0000000000 150.1995239258 9999.0000000000 9999.0000000000 9999.0000000000 9999.0000000000 9999.0000000000 9999.0000000000 9999.0000000000 9999.0000000000
180.5915832520 185.1106872559 186.9164733887 180.5292510986 172.9514617920 164.2691802979 155.2002716064 148.3839416504 9999.0000000000 9999.0000000000 9999.0000000000 9999.0000000000 9999.0000000000 169.6026306152 177.3727416992 178.9892425537 169.2163543701 9999.0000000000 9999.0000000000 9999.0000000000 9999.0000000000 9999.0000000000 9999.0000000000 9999.0000000000 9999.0000000000 9999.0000000000 9999.0000000000 9999.0000000000 9999.0000000000 9999.0000000000 9999.0000000000 9999.0000000000 9999.0000000000 9999.0000000000 9999.0000000000 9999.0000000000 9999.0000000000 9999.0000000000 150.4570617676 9999.0000000000 9999.0000000000 9999.0000000000 9999.0000000000 9999.0000000000 9999.0000000000 9999.0000000000 9999.0000000000
186.4677886963 190.1228942871 191.1984405518 188.4388885498 183.1437377930 175.1390991211 166.8079528809 159.3307342529 151.2124328613 9999.0000000000 9999.0000000000 9999.0000000000 9999.0000000000 164.2207794189 169.9869689941 163.7370910645 9999.0000000000 9999.0000000000 9999.0000000000 9999.0000000000 9999.0000000000 9999.0000000000 9999.0000000000 9999.0000000000 9999.0000000000 9999.0000000000 9999.0000000000 9999.0000000000 9999.0000000000 9999.0000000000 9999.0000000000 9999.0000000000 9999.0000000000 9999.0000000000 9999.0000000000 9999.0000000000 9999.0000000000 156.2108154297 149.6069946289 123.0861434937 121.9863204956 9999.0000000000 9999.0000000000 9999.0000000000 9999.0000000000 9999.0000000000 9999.0000000000
190.1476745605 193.0463562012 194.1134948730 192.4684753418 189.9545288086 184.5235443115 175.9612274170 166.4093170166 156.9533996582 9999.0000000000 9999.0000000000 9999.0000000000 9999.0000000000 9999.0000000000 9999.0000000000 9999.0000000000 9999.0000000000 9999.0000000000 9999.0000000000 9999.0000000000 9999.0000000000 9999.0000000000 9999.0000000000 9999.0000000000 9999.0000000000 9999.0000000000 9999.0000000000 9999.0000000000 9999.0000000000 9999.0000000000 9999.0000000000 9999.0000000000 9999.0000000000 9999.0000000000 9999.0000000000 9999.0000000000 169.1763916016 161.3316192627 149.1994171143 129.3520660400 120.0349578857 9999.0000000000 9999.0000000000 9999.0000000000 9999.0000000000 9999.0000000000 9999.0000000000
192.5200805664 194.6253051758 195.4819183350 194.6185913086 192.8602752686 191.0166473389 181.9541320801 170.8585662842 157.8243103027 143.8217163086 136.2268218994 9999.0000000000 9999.0000000000 9999.0000000000 9999.0000000000 9999.0000000000 9999.0000000000 9999.0000000000 9999.0000000000 9999.0000000000 9999.0000000000 9999.0000000000 9999.0000000000 9999.0000000000 9999.0000000000 9999.0000000000 9999.0000000000 9999.0000000000 9999.0000000000 9999.0000000000 9999.0000000000 9999.0000000000 9999.0000000000 9999.0000000000 9999.0000000000 9999.0000000000 173.7342376709 165.0107574463 153.5925903320 137.7803192139 127.6393508911 9999.0000000000 9999.0000000000 9999.0000000000 9999.0000000000 9999.0000000000 9999.0000000000
195.0130157471 195.6508178711 195.3420715332 195.6525268555 195.2005920410 193.4624938965 187.1555328369 175.7270812988 157.9979705811 143.0063781738 132.5367584229 136.2034606934 9999.0000000000 9999.0000000000 9999.0000000000 9999.0000000000 9999.0000000000 9999.0000000000 9999.0000000000 152.5443420410 9999.0000000000 9999.0000000000 9999.0000000000 9999.0000000000 9999.0000000000 9999.0000000000 9999.0000000000 9999.0000000000 9999.0000000000 9999.0000000000 9999.0000000000 9999.0000000000 9999.0000000000 9999.0000000000 9999.0000000000 9999.0000000000 178.5582885742 171.2888183594 160.9365692139 147.8637390137 138.9592895508 9999.0000000000 9999.0000000000 9999.0000000000 9999.0000000000 9999.0000000000 9999.0000000000
