model_inputs/inputs/rsds8.asc
ncols 720
nrows 360
xllcorner -180
yllcorner -90
cellsize 0.500000
NODATA_value 9999.000000
[rows 42 to 62 of 360, columns 423 to 469 of 720]
124.4655456543 125.4641113281 125.1361083984 124.7468795776 123.6706924438 123.6272048950 122.3755035400 122.2035217285 121.8602142334 123.1012954712 122.1704330444 123.1092605591 123.5415649414 123.9921951294 9999.0000000000 9999.0000000000 9999.0000000000 9999.0000000000 9999.0000000000 9999.0000000000 9999.0000000000 9999.0000000000 9999.0000000000 129.5019989014 129.7281951904 130.4906463623 130.5297698975 129.4619903564 9999.0000000000 9999.0000000000 9999.0000000000 9999.0000000000 9999.0000000000 126.0026092529 124.4118499756 123.1062316895 122.3331146240 9999.0000000000 9999.0000000000 9999.0000000000 9999.0000000000 9999.0000000000 114.2788238525 112.5389328003 111.9891357422 112.6481323242 9999.0000000000
127.0148315430 126.3535766602 126.9536972046 127.1523513794 126.8252410889 126.0350112915 126.9327697754 125.2215957642 124.9913635254 124.7230377197 124.7283096313 124.3031311035 125.2396697998 126.2338256836 128.2849731445 128.3697357178 128.4085388184 9999.0000000000 9999.0000000000 9999.0000000000 9999.0000000000 9999.0000000000 9999.0000000000 9999.0000000000 132.7279205322 132.0933990479 130.7392425537 131.1250915527 129.5784606934 128.7704620361 128.7464447021 9999.0000000000 9999.0000000000 9999.0000000000 9999.0000000000 9999.0000000000 9999.0000000000 119.9264450073 117.8798217773 116.6891784668 115.2810668945 114.3057861328 113.7911300659 113.0504837036 111.4368743896 111.6223144531 111.1587371826
131.2759094238 131.9480895996 132.1092834473 132.3799591064 133.6059112549 133.5649108887 131.6100616455 131.4242553711 129.5701904297 129.6812896729 128.9531250000 127.4946746826 128.7988739014 129.6105804443 130.9230346680 132.9724884033 133.9931335449 135.0154113770 136.5978851318 135.1852722168 9999.0000000000 9999.0000000000 9999.0000000000 9999.0000000000 134.5272827148 133.3905487061 132.7763519287 129.9598388672 129.0137786865 128.9268493652 128.9497222900 9999.0000000000 126.9402847290 127.0996170044 125.8003463745 124.0818557739 122.6780776978 120.7771911621 120.7442550659 119.7016220093 117.6950149536 116.1236953735 116.1409835815 115.7243957520 114.8123855591 114.6213378906 114.0223846436
135.8391418457 138.0300445557 139.6060638428 140.7653350830 141.8354644775 139.9417724609 139.1227722168 138.6313934326 137.3905181885 135.6310729980 133.4638214111 133.3829498291 132.9574584961 133.2864837646 134.4808807373 136.6869201660 137.7478332520 138.8446960449 137.9782409668 137.5440521240 9999.0000000000 9999.0000000000 9999.0000000000 9999.0000000000 132.5139923096 131.6756439209 129.8658294678 127.6033554077 127.3013229370 9999.0000000000 9999.0000000000 9999.0000000000 126.3870697021 125.4274902344 124.5800476074 124.5182647705 123.3711547852 121.5644149780 120.4137039185 119.6292648315 118.0228729248 117.0090713501 117.3920898438 116.1829986572 115.4694747925 115.2148437500 115.1388168335
140.5204772949 143.2554321289 144.6584167480 145.3469848633 145.4129333496 146.4019927979 145.9362030029 144.0767822266 143.2939300537 141.9165191650 141.6141967773 140.4684448242 139.4588928223 138.6093139648 138.5101013184 139.9411773682 140.6248626709 141.9087982178 141.3458099365 139.4775390625 9999.0000000000 9999.0000000000 134.5046386719 9999.0000000000 9999.0000000000 130.3604278564 127.3012542725 125.1747055054 124.4780731201 124.3230743408 123.1588287354 122.6388244629 123.5618362427 122.9866790771 122.5926895142 124.1032104492 123.0646972656 122.2936325073 121.2626876831 121.2626876831 120.0067520142 118.8733825684 117.7530975342 117.5346298218 117.2972412109 115.9639282227 115.5568923950
143.7745971680 145.9784851074 148.4082183838 150.7419433594 151.2148895264 151.6506652832 151.8505249023 150.6109619141 149.8279876709 148.0295104980 145.3722534180 144.9534606934 144.3918914795 143.4379272461 143.0464324951 142.9032897949 143.2127685547 143.0938873291 142.9368896484 142.1534271240 140.6888122559 138.8190765381 137.1292419434 135.2309722900 132.6691284180 129.4409637451 127.9665603638 126.2512893677 125.6911544800 124.7118301392 124.1069259644 124.0773544312 123.7327346802 124.0467681885 123.3268280029 123.2967987061 122.8285980225 123.1392822266 123.3123016357 122.4128799438 122.0597076416 121.8565139771 121.3897552490 120.6631927490 121.0497741699 119.2935638428 118.6722335815
143.9611358643 147.1222076416 149.6597442627 152.1207733154 153.8670654297 155.2002258301 156.8843536377 9999.0000000000 9999.0000000000 9999.0000000000 9999.0000000000 9999.0000000000 9999.0000000000 9999.0000000000 9999.0000000000 9999.0000000000 147.5598297119 146.5756530762 144.7399749756 143.6295013428 143.0380096436 142.1000671387 140.5356750488 137.5496063232 133.1527099609 131.9761962891 130.6188812256 129.3829650879 128.3141937256 128.2781524658 127.0394821167 127.0913467407 126.3760757446 125.4294128418 126.1472702026 126.0253448486 125.5399551392 125.8629455566 125.7315521240 124.4134063721 124.7603454590 124.6336669922 124.0300750732 123.6033096313 123.3210449219 121.8704757690 121.7200241089
143.4063568115 145.9562377930 148.1779937744 149.9014434814 152.9458160400 154.6580200195 156.6338500977 9999.0000000000 156.6266326904 9999.0000000000 155.3588256836 154.8733062744 153.4010162354 9999.0000000000 9999.0000000000 9999.0000000000 147.8074951172 146.1506042480 144.0133972168 143.7608184814 141.8244628906 140.6296234131 139.3259277344 136.3514556885 134.7760467529 133.4884033203 132.7742919922 131.9087982178 129.9672088623 129.3315277100 130.2519073486 129.3752288818 128.7292938232 128.5263977051 128.1019744873 128.5862731934 128.1595458984 128.0680694580 127.1747817993 127.0475616455 125.9924774170 126.2386550903 125.2648010254 126.6677627563 125.1849670410 124.7964630127 123.7046737671
141.4890441895 144.0095214844 145.4938354492 147.0786132812 151.6423034668 153.8701934814 156.7972259521 9999.0000000000 156.0979309082 9999.0000000000 154.7333374023 155.2945861816 153.9807586670 152.9678497314 151.3040466309 148.2386169434 146.5395050049 145.2353057861 143.2752227783 142.5636444092 141.3591461182 139.8878021240 138.9153442383 138.3798217773 136.8681640625 135.8715057373 136.2975769043 134.4132232666 133.8138580322 133.4956817627 131.4811706543 131.3168487549 131.2886047363 131.9248199463 131.5265502930 131.4900970459 131.4658050537 131.2586669922 131.3920593262 130.8638153076 130.0303344727 128.8529052734 128.5689392090 127.4571533203 127.6065673828 127.1257781982 127.0540161133
139.4809265137 142.6268768311 144.3554077148 145.7816925049 149.3770904541 152.1989593506 154.8537902832 156.7271728516 157.0954895020 157.4662933350 9999.0000000000 156.3173065186 155.1663360596 152.1925964355 150.7414703369 148.4759674072 146.9872894287 145.6809387207 144.1004638672 143.3555908203 141.8750762939 141.3029327393 140.9644317627 140.0446166992 139.3844757080 137.8462677002 137.7123565674 136.1793518066 135.8752593994 136.8266906738 135.5631408691 135.1055603027 135.1555480957 134.1611480713 134.4847106934 134.5072784424 134.0129241943 133.7530670166 133.9801940918 133.1185150146 133.1107330322 132.8300781250 131.6904602051 131.8516693115 130.7747192383 130.5437469482 129.8564758301
141.0357513428 141.7952880859 142.3127288818 144.6392669678 147.8352050781 150.6901092529 151.7724304199 152.7956695557 156.2140655518 158.3479766846 158.1720275879 157.1926574707 155.8181457520 153.4831390381 152.1377563477 149.8314361572 148.1778411865 146.1459960938 144.4001312256 143.5679931641 144.6255798340 142.9618835449 142.8072509766 141.7797393799 141.7197113037 141.0768890381 139.7638397217 140.2397918701 139.3922424316 139.1965026855 139.8744354248 139.1201324463 138.2347412109 138.1562805176 138.0777282715 138.2452545166 137.9965209961 137.3479461670 137.6553497314 137.2510375977 137.5715026855 136.3900146484 136.4491882324 135.5044250488 135.2882690430 134.2078704834 133.6538238525
143.1820526123 142.8260192871 143.8871459961 144.1949310303 146.9654693604 147.8460083008 149.0336456299 150.7407226562 151.9187927246 154.1248931885 153.4359741211 152.9985809326 152.7220916748 151.1639556885 151.0939178467 149.5093536377 147.4809570312 147.1085815430 145.6553192139 146.3033294678 145.5392608643 145.4844207764 144.4940490723 144.0101013184 143.6553955078 143.1316070557 142.8767395020 142.7952423096 142.6313934326 141.0369110107 141.0237884521 140.6441345215 140.4357604980 140.1698303223 140.7436523438 139.7571258545 139.6613769531 139.9292144775 139.5823211670 139.0686035156 139.5402679443 139.4742889404 138.9095611572 138.6017913818 137.4831542969 136.2224578857 136.2250213623
146.2527923584 145.8842620850 146.4276275635 146.3265228271 146.2393798828 148.0222778320 148.4177551270 148.4364471436 148.4424438477 149.9196166992 150.8809967041 150.6593933105 151.2070159912 150.8672943115 150.2926025391 148.7061920166 147.5657348633 146.6065979004 146.5048675537 145.6520385742 146.1973571777 145.9546966553 146.0656127930 145.7247161865 145.7085266113 145.8995819092 144.2139129639 144.9080505371 143.7465972900 142.9314727783 142.6546478271 142.5411987305 142.7954864502 142.6049652100 141.8515777588 141.9822845459 141.7914886475 141.4399108887 141.0241699219 140.7648010254 140.1645812988 139.9955596924 139.9466247559 139.5509338379 138.9871978760 138.4726562500 138.3957214355
150.2160491943 149.7473907471 149.5383453369 149.1009979248 148.7536926270 149.4746093750 149.4567108154 149.3493499756 149.3890533447 149.6898803711 150.8118133545 150.0765838623 150.0010833740 150.3614044189 149.9575805664 149.6049804688 147.7033538818 146.7504577637 147.2274627686 147.2832183838 146.3854064941 146.3278350830 147.3793792725 147.0687866211 146.4225463867 147.2146911621 147.1752166748 145.8818969727 145.1474304199 144.3796844482 144.7048797607 143.8813171387 143.7936859131 144.4746856689 144.3872375488 144.0822448730 144.2091369629 143.6958923340 143.3291320801 143.3291625977 143.8415374756 143.3074035645 142.6321868896 142.3873443604 141.9358520508 141.0795440674 140.4618988037
156.0280761719 155.5171966553 154.6595458984 153.5244750977 153.1580505371 152.6776428223 151.7642211914 152.2714233398 151.9722595215 152.8755035400 152.2678070068 151.2228698730 149.9852447510 150.6175689697 150.8981933594 150.2447509766 149.8281250000 148.7633209229 148.0155639648 148.3547058105 148.5153656006 147.9895019531 148.2794036865 148.2826843262 147.8613739014 147.1750488281 147.3160095215 148.0439605713 146.3657226562 146.5743713379 145.9395751953 144.9907226562 144.5819854736 145.1667938232 145.6813964844 145.0717010498 145.0521240234 144.8713836670 144.5385131836 144.3881072998 144.0622863770 144.4939422607 144.0890655518 144.0759429932 143.5644378662 142.3925476074 141.9434051514
158.9591522217 158.5159606934 157.5227355957 157.3850402832 155.8625183105 155.0793762207 154.7592620850 153.9533386230 152.8872222900 153.6726074219 153.2745666504 151.7712554932 151.2538909912 150.4735870361 151.3865814209 150.2467498779 150.0066528320 149.9640197754 149.9466094971 149.0187683105 148.5939178467 147.9897766113 148.2754669189 148.1937561035 148.8122711182 148.5163421631 147.8110504150 147.2377319336 147.9573364258 147.8602905273 146.6770324707 146.8912811279 146.4395294189 146.9259643555 146.7777862549 146.7331085205 146.6632995605 146.6587982178 145.6896057129 145.7273101807 145.8011474609 145.3668060303 145.0707855225 144.9960937500 145.3054504395 144.3880157471 143.9926910400
9999.0000000000 9999.0000000000 159.8904876709 159.0623168945 157.9222717285 157.8464508057 155.9125976562 156.5279083252 156.0834655762 153.1309051514 152.5903167725 151.9051361084 152.3395996094 152.3235931396 151.6112365723 151.3394165039 151.3152313232 151.4370422363 152.0045013428 151.3083190918 150.1827850342 150.8688354492 150.4616241455 150.6951446533 150.7597961426 150.0140380859 150.1124572754 149.3548431396 148.8337707520 149.0332946777 149.0237121582 148.9560852051 149.2010192871 149.1141052246 148.6227416992 148.6112213135 148.0868225098 147.5880584717 147.2598876953 146.9799041748 147.6907653809 146.6062927246 147.1576843262 147.2803955078 148.1061859131 147.9592285156 146.0088500977
162.5589904785 161.5482025146 161.2648620605 159.9706420898 159.2733917236 159.7800292969 159.4354095459 158.2460479736 157.4479217529 156.5383148193 154.9132385254 154.5974578857 154.5774536133 154.4112701416 154.1762542725 154.6705322266 155.4573211670 155.3346405029 155.6907196045 155.6372222900 154.7782897949 154.6054229736 154.3469390869 154.0925903320 153.1590270996 152.9596099854 152.5311431885 151.9569396973 151.7785644531 152.1215667725 151.4901733398 151.9068450928 152.2792663574 152.1656036377 151.7102203369 151.0038452148 151.1055297852 150.7322845459 149.9662780762 148.7607727051 150.2536315918 149.4059143066 149.7398986816 148.8907470703 149.0763397217 149.2607421875 148.2760162354
161.6116638184 161.2756500244 160.6886138916 160.7227325439 160.3439331055 158.6975402832 159.6602630615 159.2209472656 158.0552825928 157.5361328125 156.5235748291 156.5332946777 156.5229797363 156.3201141357 156.7389068604 158.5444335938 158.5034637451 158.8549652100 158.5951385498 159.0822753906 157.8681182861 157.1458282471 157.3777923584 156.9930877686 157.1747131348 156.2826538086 155.7064208984 156.0830535889 154.8732147217 154.7561950684 155.0871887207 155.0174102783 154.8579101562 154.1553344727 154.3463439941 154.0415496826 154.0136260986 153.1185607910 152.5664672852 152.3916168213 151.6240081787 151.9003753662 152.1346130371 151.7174835205 150.6856842041 150.3524169922 149.5212097168
159.5374145508 159.5761871338 160.1188507080 159.8091125488 159.9419555664 159.0565490723 159.3237152100 159.0522766113 159.3474731445 159.2981719971 158.1377410889 157.9370117188 158.1498107910 159.4893188477 159.2947387695 160.0318756104 160.7630004883 161.3707885742 162.2099304199 160.7587738037 160.5790100098 160.4767456055 159.8398742676 159.0280456543 158.9679412842 159.2641143799 158.7939758301 158.9075622559 158.5902099609 158.1966247559 158.5790405273 158.5375061035 157.2560424805 157.0653533936 157.2696380615 157.2272796631 156.3023071289 156.3932342529 156.0823516846 155.4337005615 154.7384796143 155.3194427490 154.7345886230 154.6982574463 154.2716064453 153.0919799805 152.2239837646
159.4573059082 159.8165893555 159.6084899902 160.0931091309 160.2848815918 160.0081634521 160.0826721191 160.5046081543 160.7975769043 160.4976348877 160.2811279297 160.8055267334 161.0444488525 161.1485900879 161.9826202393 162.4946746826 162.9295959473 163.0547485352 163.0846099854 162.8700408936 162.4769744873 162.5505828857 162.0958099365 162.0175476074 162.7575531006 162.8164062500 161.2876129150 160.9717559814 161.9296264648 162.7659301758 163.1891784668 162.4655761719 161.9147949219 161.6402435303 160.9929962158 160.3259429932 160.4252319336 159.9590454102 159.0715026855 158.8464050293 158.3476409912 157.8616027832 157.9760894775 156.7307434082 157.0577697754 156.5083923340 155.3016510010
