model_inputs/inputs/rsds3.asc
ncols 720
nrows 360
xllcorner -180
yllcorner -90
cellsize 0.500000
NODATA_value 9999.000000
[rows 210 to 230 of 360, columns 376 to 422 of 720]
9999.0000000000 9999.0000000000 9999.0000000000 9999.0000000000 9999.0000000000 9999.0000000000 9999.0000000000 9999.0000000000 280.6204223633 267.6273498535 256.4328002930 248.4094238281 249.1417541504 247.2577972412 245.8724365234 244.3228454590 241.4882659912 238.6967010498 236.5119628906 233.9411621094 231.8960876465 229.6808471680 228.2338867188 226.1337127686 225.1947631836 225.8619842529 228.1820526123 230.3627777100 232.4244384766 236.7118835449 236.3938446045 238.5628509521 239.1645660400 238.2422180176 238.9801788330 238.7359619141 237.5617828369 235.3920135498 232.3158569336 228.2333984375 224.1442565918 222.4654083252 222.4884643555 221.9801330566 221.6967620850 224.4796447754 224.6579132080
9999.0000000000 9999.0000000000 9999.0000000000 9999.0000000000 9999.0000000000 9999.0000000000 9999.0000000000 283.9315490723 283.5743103027 271.3092041016 259.7417602539 252.9770965576 252.1927032471 251.1248474121 249.1614532471 246.6204681396 245.6410522461 241.5969848633 238.5076904297 236.6111907959 236.7762451172 233.5093078613 232.8696746826 232.5186157227 231.6454925537 231.5223388672 233.4148254395 234.8592681885 238.2880401611 239.0179290771 241.4440765381 241.1695098877 241.7941436768 240.2356567383 241.2908172607 239.2799987793 238.7591552734 236.3777923584 231.7132263184 227.2368927002 225.2956695557 224.2067260742 225.6860504150 225.3514709473 226.6663513184 228.4323883057 229.0384521484
9999.0000000000 9999.0000000000 9999.0000000000 9999.0000000000 9999.0000000000 9999.0000000000 9999.0000000000 283.9073181152 284.5059814453 272.0709533691 260.1690673828 253.8867187500 252.6022338867 251.9679718018 252.0595245361 252.0296173096 247.4550628662 244.8493804932 243.3446960449 241.0732574463 239.5409088135 238.5194244385 237.9847106934 236.6067504883 236.9240570068 235.6083068848 237.6232147217 238.5079650879 240.7165985107 242.1544952393 243.6754913330 243.9015655518 244.8284301758 244.7985992432 243.4935302734 241.5069274902 240.3854675293 236.6305847168 232.6814117432 228.9399871826 226.1315002441 226.9598846436 229.3232421875 232.0369110107 233.7548065186 235.8741149902 236.8837127686
9999.0000000000 9999.0000000000 9999.0000000000 9999.0000000000 9999.0000000000 9999.0000000000 9999.0000000000 283.3641662598 282.6878051758 273.0693359375 260.9536132812 254.8390502930 254.2765045166 253.5618743896 253.2384948730 253.4378814697 251.7942962646 249.8398284912 246.6344146729 245.8238525391 242.1474761963 242.1811370850 241.4464111328 240.6497344971 240.0750122070 241.2586212158 241.1350250244 241.2739410400 242.1391143799 243.1243286133 245.3199768066 246.7857818604 247.8192138672 247.3383636475 245.5879364014 243.7664794922 239.7286071777 237.9829406738 233.9657440186 231.0073394775 229.6019897461 230.8983917236 232.9721832275 237.3865051270 241.1543884277 242.6239166260 243.1587677002
9999.0000000000 9999.0000000000 9999.0000000000 9999.0000000000 9999.0000000000 9999.0000000000 9999.0000000000 283.8227539062 282.9127502441 274.4604187012 263.6593017578 257.2244567871 255.9980621338 256.6716308594 256.3433532715 256.4443969727 254.7169189453 251.5487213135 248.9215393066 248.7626800537 246.2700805664 243.4533538818 242.0569305420 243.1337280273 243.4538574219 243.8468780518 244.2070617676 244.4601745605 244.5157012939 244.5138397217 246.8146057129 248.9211578369 249.1031494141 249.0760345459 245.9952545166 243.5873260498 241.7493896484 240.5167388916 236.3076324463 234.3517150879 232.5272216797 235.4163818359 239.5512237549 244.1390228271 245.4011383057 248.3054809570 247.6658172607
9999.0000000000 9999.0000000000 9999.0000000000 9999.0000000000 9999.0000000000 9999.0000000000 9999.0000000000 283.6357421875 284.4479675293 274.2048950195 265.4791870117 260.7326965332 259.0396423340 258.8208007812 259.6844482422 259.6300964355 256.9789123535 253.4052124023 251.2532196045 250.4454803467 249.3372344971 246.7797241211 245.4552764893 245.4999389648 246.1142120361 245.9230041504 245.9574890137 246.4321441650 246.8463745117 246.5737152100 247.6482086182 249.5124053955 250.1409454346 249.0004882812 248.1335601807 246.8428039551 243.1514587402 241.0571746826 239.9158325195 238.6784515381 238.3945770264 239.7348022461 243.0729827881 247.8966979980 250.2419891357 252.4235229492 253.3065185547
9999.0000000000 9999.0000000000 9999.0000000000 9999.0000000000 9999.0000000000 9999.0000000000 9999.0000000000 282.8651428223 283.4737854004 280.0524597168 272.6267089844 269.3824462891 266.8844604492 264.6790161133 263.2527770996 261.3206176758 258.9099426270 255.3204650879 253.0466918945 252.0980834961 250.3945465088 247.8372192383 246.4655151367 247.6894683838 247.1443786621 247.0188598633 247.0682525635 247.3696289062 248.0144348145 248.3747558594 249.5866088867 250.9307556152 250.5884246826 252.1306152344 251.0010681152 248.6005401611 247.0628967285 245.4428253174 244.0694122314 245.1601257324 244.0478668213 245.0109100342 247.5234985352 249.9394226074 251.2299346924 252.0176849365 249.8029632568
9999.0000000000 9999.0000000000 9999.0000000000 9999.0000000000 9999.0000000000 9999.0000000000 9999.0000000000 9999.0000000000 283.6844482422 283.1552734375 281.8691101074 278.6659851074 271.8907165527 270.4597778320 266.7319946289 263.5151672363 259.5894775391 257.1688232422 254.7821655273 253.2635650635 250.7924041748 247.5087585449 246.2323455811 246.4314575195 246.0611572266 245.7455902100 246.0748901367 247.6559906006 247.1939697266 248.2634582520 249.6521301270 252.8328552246 252.0826873779 253.3362884521 252.2109222412 251.4204559326 250.5303344727 251.0066833496 249.9647216797 249.6984863281 248.9693756104 249.1531372070 249.5728149414 250.1932678223 251.0335998535 247.7759704590 244.8003997803
9999.0000000000 9999.0000000000 9999.0000000000 9999.0000000000 9999.0000000000 9999.0000000000 9999.0000000000 9999.0000000000 9999.0000000000 285.6648559570 284.6170349121 283.9114685059 279.1891784668 272.7717285156 269.0034179688 265.5305175781 261.3417968750 258.8911132812 256.0682373047 251.7441864014 248.7339019775 247.4781341553 246.9835357666 244.8575592041 244.2183685303 243.8186187744 246.7245635986 246.9900970459 248.0477905273 249.4382934570 250.0813140869 252.1217803955 254.2565002441 255.4193267822 254.4639892578 254.9356842041 254.0559692383 253.7615966797 254.1581420898 253.9607086182 254.0827484131 253.3474884033 252.1389465332 249.3939514160 246.4514312744 243.3253479004 239.3645172119
9999.0000000000 9999.0000000000 9999.0000000000 9999.0000000000 9999.0000000000 9999.0000000000 9999.0000000000 9999.0000000000 9999.0000000000 285.8560485840 283.4978332520 283.6071777344 281.5639648438 276.0854187012 270.6524658203 267.0713806152 263.1617126465 259.2136535645 256.8629455566 252.9534606934 249.7882232666 247.8853149414 247.5871124268 245.7900390625 244.5253295898 244.7323760986 245.1880493164 247.6669311523 248.7694854736 250.7210083008 252.1142272949 253.7791900635 256.2756958008 257.0648498535 257.3008422852 257.7408142090 257.1869506836 257.3077392578 257.1961669922 256.9808349609 256.6641540527 254.9006805420 251.9702453613 247.9162597656 242.4792480469 238.2041168213 235.4651641846
9999.0000000000 9999.0000000000 9999.0000000000 9999.0000000000 9999.0000000000 9999.0000000000 9999.0000000000 9999.0000000000 9999.0000000000 9999.0000000000 287.3398437500 280.8496704102 280.1915893555 276.9007263184 273.8428039551 268.0158996582 264.7764892578 261.2462158203 258.9900817871 255.3295593262 250.9616394043 249.0867767334 247.2904663086 247.7999114990 246.5507965088 246.0638122559 246.7477874756 248.1041107178 249.1638183594 252.2295227051 253.7945709229 254.6188201904 256.8992919922 258.3574523926 260.9709472656 260.3184204102 260.8278808594 260.6341247559 260.2529602051 259.7057800293 256.9065246582 253.2599182129 249.0728302002 244.5218505859 241.2193908691 235.4403839111 233.0735626221
9999.0000000000 9999.0000000000 9999.0000000000 9999.0000000000 9999.0000000000 9999.0000000000 9999.0000000000 9999.0000000000 9999.0000000000 9999.0000000000 287.9725036621 284.5678100586 278.6604309082 277.4748229980 275.6247253418 271.5476074219 267.3070678711 264.1988220215 261.4662780762 256.6890869141 252.8957061768 250.3491973877 248.6694946289 248.7819671631 250.4242706299 248.2829589844 248.7589111328 249.4779052734 250.2583160400 252.1328430176 252.7305450439 254.6541748047 257.4777526855 259.6816711426 260.4565734863 261.5701904297 262.2277221680 261.9793395996 260.8362426758 258.1496582031 255.0051116943 250.6995544434 245.0822601318 240.2718963623 234.9663543701 230.3773193359 227.6275329590
9999.0000000000 9999.0000000000 9999.0000000000 9999.0000000000 9999.0000000000 9999.0000000000 9999.0000000000 9999.0000000000 9999.0000000000 9999.0000000000 9999.0000000000 287.9289245605 283.3297729492 278.0749511719 277.1817016602 274.9040527344 270.2251586914 265.8800048828 261.8575744629 258.4786071777 253.5484161377 251.9962005615 250.6641387939 249.7369995117 252.0656585693 249.1062469482 249.9470977783 250.7172241211 251.4859619141 251.3336791992 252.9057006836 255.8833312988 257.7216491699 259.2682800293 260.7315979004 261.4373168945 261.9606628418 261.3169250488 259.7777709961 257.2256164551 252.7025146484 246.0294647217 240.6124267578 235.9943237305 231.6485900879 228.3544921875 225.1821289062
9999.0000000000 9999.0000000000 9999.0000000000 9999.0000000000 9999.0000000000 9999.0000000000 9999.0000000000 9999.0000000000 9999.0000000000 9999.0000000000 9999.0000000000 289.5205383301 285.6438293457 281.5394897461 280.9067382812 278.0474243164 272.3767089844 266.8161315918 262.7180175781 259.5710449219 257.6123962402 255.9106750488 254.3571472168 253.4725952148 253.6452636719 253.2759399414 252.2476043701 252.5791168213 251.9977569580 252.9039459229 253.9297485352 255.3155212402 257.9138488770 259.5329284668 260.6796264648 261.4495239258 262.0942687988 261.9136657715 259.3312683105 256.2675781250 252.3337097168 246.3696899414 240.7361450195 235.5490112305 231.7181091309 227.6177215576 225.0211029053
9999.0000000000 9999.0000000000 9999.0000000000 9999.0000000000 9999.0000000000 9999.0000000000 9999.0000000000 9999.0000000000 9999.0000000000 9999.0000000000 9999.0000000000 9999.0000000000 288.3785705566 285.1899414062 286.0000915527 282.0177612305 275.0408935547 268.7860107422 264.6927185059 261.7416992188 260.7674255371 261.0221862793 258.4854431152 257.4913940430 256.2995605469 255.3807373047 254.9299926758 255.0114288330 254.8259887695 253.6721649170 255.3726959229 256.4711914062 257.4398498535 258.6992797852 259.4205627441 259.6607055664 260.1686401367 260.0372009277 258.5112609863 254.5563964844 252.2095642090 247.6849060059 242.0171813965 237.4282073975 232.5794372559 228.8374938965 226.6165161133
9999.0000000000 9999.0000000000 9999.0000000000 9999.0000000000 9999.0000000000 9999.0000000000 9999.0000000000 9999.0000000000 9999.0000000000 9999.0000000000 9999.0000000000 9999.0000000000 291.2197875977 290.0301513672 289.8561096191 285.4552612305 278.9776306152 270.3731384277 265.3530578613 263.6271972656 263.5969238281 263.8949584961 263.5060119629 260.9100036621 259.3872680664 257.8291931152 256.2250976562 255.1420440674 255.6818237305 253.9845581055 255.2697296143 255.5829315186 255.9536895752 256.2021789551 256.8840026855 256.8960266113 257.0949096680 257.0234680176 255.2453155518 253.7208099365 251.8484954834 246.3793487549 242.8194122314 238.5583190918 232.6918945312 229.7189178467 227.2579650879
9999.0000000000 9999.0000000000 9999.0000000000 9999.0000000000 9999.0000000000 9999.0000000000 9999.0000000000 9999.0000000000 9999.0000000000 9999.0000000000 9999.0000000000 9999.0000000000 290.9239807129 290.3727416992 291.9980773926 287.8878479004 280.6255798340 272.9070129395 265.4934082031 265.0302124023 265.6445922852 266.1657104492 265.4715881348 263.9738159180 261.2975158691 259.1660156250 257.4562072754 256.3002319336 255.2599334717 254.5163574219 254.0988311768 254.9264373779 253.7833251953 253.7649230957 253.5190277100 253.7957916260 253.5349426270 252.7629089355 251.8908233643 250.8629302979 248.1019897461 246.1387634277 244.0348663330 239.4321746826 233.6685638428 230.2746582031 228.1050109863
9999.0000000000 9999.0000000000 9999.0000000000 9999.0000000000 9999.0000000000 9999.0000000000 9999.0000000000 9999.0000000000 9999.0000000000 9999.0000000000 9999.0000000000 9999.0000000000 9999.0000000000 292.1004638672 292.4410705566 289.1227416992 281.5780334473 274.0607604980 267.7526245117 266.9650268555 266.6138000488 267.7086791992 266.3200073242 264.2931213379 262.3281555176 259.5557556152 258.8652648926 257.8450012207 255.2506713867 254.3973693848 253.8025360107 254.3627166748 253.3961944580 251.7972717285 252.0928802490 251.5211639404 250.0489349365 249.4901733398 249.3240051270 248.2386627197 246.5209655762 244.2103271484 243.4601440430 239.5183258057 234.1363372803 231.4844818115 228.5289154053
9999.0000000000 9999.0000000000 9999.0000000000 9999.0000000000 9999.0000000000 9999.0000000000 9999.0000000000 9999.0000000000 9999.0000000000 9999.0000000000 9999.0000000000 9999.0000000000 9999.0000000000 291.9911499023 293.0065307617 289.6514587402 282.6685180664 275.3691406250 270.1077270508 268.5455017090 268.1000366211 268.2625732422 267.1919860840 265.0856018066 262.6327819824 261.5752258301 259.4047546387 257.1836853027 256.2529296875 254.8953704834 253.9923095703 253.2801971436 252.2480773926 250.6316680908 250.3454132080 247.9447021484 246.7626800537 245.5458068848 244.8897857666 244.4551696777 244.2320709229 243.1715087891 240.5162658691 238.8275299072 234.7158050537 231.6822814941 228.3820037842
9999.0000000000 9999.0000000000 9999.0000000000 9999.0000000000 9999.0000000000 9999.0000000000 9999.0000000000 9999.0000000000 9999.0000000000 9999.0000000000 9999.0000000000 9999.0000000000 9999.0000000000 291.2089538574 292.8791503906 289.7908325195 282.8210144043 276.5245666504 271.0591430664 269.6011657715 268.9843444824 268.7885742188 267.3417663574 265.6095581055 264.1680908203 261.5944824219 258.8895263672 256.9935302734 256.2705993652 256.4711914062 254.4409942627 252.8448333740 250.8207702637 249.3573303223 247.2506408691 245.8322906494 243.6158294678 243.0459442139 242.8587646484 242.7376708984 241.8315582275 241.1511993408 240.2005767822 237.7460021973 234.8304901123 232.3004455566 227.5377044678
9999.0000000000 9999.0000000000 9999.0000000000 9999.0000000000 9999.0000000000 9999.0000000000 9999.0000000000 9999.0000000000 9999.0000000000 9999.0000000000 9999.0000000000 9999.0000000000 9999.0000000000 291.0635375977 292.2854919434 287.7793273926 282.0736083984 276.1856689453 272.0619812012 269.8079223633 269.2543334961 268.8021850586 268.0245971680 265.3512573242 263.1136779785 261.2261657715 260.0419921875 258.3615722656 256.8327941895 255.0188903809 253.0315246582 251.2254180908 248.7829132080 246.4216003418 244.1190185547 242.3580627441 240.9213104248 240.2410736084 240.7433929443 241.3043518066 240.5302276611 241.5203857422 240.5952301025 238.1778259277 234.6827239990 230.7844543457 225.6174163818
