model_inputs/inputs/rsds10.asc
ncols 720
nrows 360
xllcorner -180
yllcorner -90
cellsize 0.500000
NODATA_value 9999.000000
[rows 84 to 104 of 360, columns 564 to 610 of 720]
129.9804534912 128.9000396729 127.8807296753 127.6674194336 126.5384902954 126.9346542358 126.2255172729 126.6077651978 126.0688171387 127.5488281250 127.0827331543 128.4227294922 127.8270339966 128.3015441895 127.1766204834 127.2421112061 126.2300033569 125.3950653076 125.1490554810 125.0267791748 124.0882720947 122.8318939209 122.4509963989 122.6225662231 121.8885498047 121.7722930908 122.1554183960 121.9780349731 122.7753982544 122.6070175171 123.0333938599 122.5175857544 122.2614059448 121.0424423218 120.7473907471 120.3738098145 121.0058441162 120.8734741211 121.8039550781 121.8931350708 122.6379776001 122.2852325439 122.6431121826 122.1506271362 121.9940719604 121.2951889038 120.8565673828
134.2059631348 134.0228881836 133.0092010498 131.9486999512 131.1606292725 131.6402587891 131.4976501465 130.6723327637 130.8123626709 131.8883514404 132.6219940186 132.8095550537 132.4743957520 132.2803192139 131.6525878906 130.7799530029 130.3449707031 129.6165618896 128.5567321777 127.6133499146 127.6528091431 126.7027435303 125.7432785034 125.1804428101 125.7584075928 124.7688674927 125.9131851196 125.4000015259 125.9476318359 126.4845504761 126.3301315308 125.7944869995 125.6308593750 124.8573989868 123.9829025269 124.4566497803 124.4904403687 124.9066238403 125.8575134277 126.0417022705 125.9843673706 125.8837509155 126.0702590942 125.5924530029 125.5691299438 124.7255630493 124.0048370361
139.0691986084 137.8124237061 137.0657348633 136.5014038086 135.9472961426 135.6910705566 135.8931427002 135.6655578613 136.0335540771 135.9557647705 136.7421264648 136.3484344482 136.4063262939 135.5095214844 135.3455352783 134.4867095947 133.6973114014 132.7306823730 132.4386444092 131.4043884277 130.8936157227 129.9971008301 130.0666656494 128.9193878174 128.2481842041 128.3028411865 127.7632217407 128.0953521729 128.7658996582 129.4069061279 129.5208435059 129.7128601074 129.0529174805 129.4169311523 128.5942687988 128.7540588379 129.1025238037 129.5238037109 129.4496459961 129.4413909912 129.3799438477 129.3497772217 128.6418151855 128.7510986328 128.3695068359 127.7776947021 127.3260803223
142.6598205566 141.8074493408 140.7290802002 139.8911285400 139.7083892822 139.3651275635 139.3947296143 139.5033721924 139.6222076416 139.4677124023 139.5006713867 139.4269104004 139.1163940430 138.7919006348 138.1378936768 137.3236236572 136.8781890869 136.1266632080 135.1408081055 134.5697326660 134.0917663574 133.0600585938 132.1712341309 131.5699157715 131.2153167725 130.8500366211 130.8930664062 131.0844879150 131.2308654785 131.8676147461 132.2730712891 132.1236877441 132.4370117188 132.2694702148 132.6011199951 132.3560791016 132.5895996094 132.5006408691 132.3211517334 132.1187286377 132.0493469238 131.6814270020 132.0028839111 131.2137603760 130.2282714844 130.2292938232 129.4354553223
145.9045104980 145.0334320068 144.4766235352 143.8872528076 143.6474151611 143.3457031250 143.2977294922 142.9877319336 143.0573883057 142.7043609619 142.6663360596 142.1897583008 142.0603027344 141.5842895508 141.1370849609 140.4686584473 139.6429443359 138.9297332764 138.1519165039 137.3321380615 136.3873748779 135.8861999512 135.0138854980 134.6795806885 133.7114715576 133.5725555420 133.1123199463 133.7833251953 133.7991485596 134.8045806885 135.1757202148 134.9722595215 135.5488281250 135.3966827393 135.7708892822 135.0633850098 135.6218109131 135.1855926514 134.5359954834 134.2774200439 134.2938995361 134.5336914062 134.0224609375 133.6074981689 132.8118896484 132.1972351074 130.8856964111
148.8441009521 148.1412658691 148.2741699219 147.7150573730 146.8865814209 147.1462402344 146.7302856445 146.8503875732 146.4287567139 146.1392974854 145.9826812744 145.3669586182 144.9469146729 145.0240936279 144.0228118896 144.0186920166 143.0004730225 142.1792297363 141.5596466064 140.7168884277 140.2252807617 139.3160858154 139.0728149414 138.2876129150 138.1178741455 136.8184051514 136.1718292236 135.7864685059 136.2038726807 136.9918060303 137.4391632080 137.8196258545 138.4351959229 139.0071105957 138.6423492432 138.7495117188 138.7314758301 139.0909881592 138.5115051270 137.3197631836 136.6054687500 137.1023254395 136.4136352539 135.8528442383 135.0475006104 135.0554504395 133.5419311523
151.2155303955 150.9184112549 151.0709533691 150.3565826416 150.3500976562 149.9958496094 150.0869598389 149.6826477051 149.7088623047 149.2740020752 149.0118560791 148.5434417725 148.2134246826 147.7686157227 147.0868835449 146.6335296631 145.8209838867 145.4107208252 144.5566711426 143.8763885498 143.2248535156 142.6442565918 142.1409149170 141.3606567383 140.8720703125 140.5224914551 139.2066802979 138.7984466553 138.9844055176 138.4485015869 139.1444396973 140.0237121582 141.1078948975 141.2168579102 141.5796813965 141.1942749023 141.6185455322 141.4348754883 140.8829193115 139.4862060547 139.2543487549 139.0967712402 138.5410461426 137.7902069092 137.0868682861 136.6693572998 135.2008666992
153.1351928711 152.7890319824 152.9565429688 152.8550109863 152.9154510498 152.8208312988 152.3446807861 152.0066375732 151.9616851807 151.5301055908 151.2939300537 151.1413269043 150.5491027832 149.8067016602 149.4411163330 148.9936218262 148.6708068848 148.3161621094 147.4280395508 146.9004974365 145.9692382812 145.6466674805 144.6838684082 144.4406738281 143.6715545654 142.9730987549 142.1728515625 141.3941345215 141.5108184814 141.3681640625 141.3668365479 141.8651733398 142.7031555176 143.3932189941 143.4654235840 143.7472686768 143.8442077637 143.4824218750 142.7378997803 142.1817626953 141.4610900879 141.2013397217 140.3810424805 139.5007019043 138.5818328857 137.4593353271 135.8259887695
156.2000579834 155.4221801758 155.2649078369 155.2094268799 154.9190673828 155.6266326904 154.9283599854 154.4967041016 154.7932891846 154.0043487549 153.8152008057 153.2387390137 152.8255920410 152.5417175293 152.3130645752 151.5113830566 151.2596740723 150.8232269287 150.0600891113 149.5727386475 148.8326721191 147.9865112305 147.5636138916 146.8716430664 147.2282562256 145.9758605957 145.5629272461 145.3009796143 144.5666503906 144.2478027344 143.8040618896 144.1218414307 144.4064178467 144.9770660400 145.8242034912 145.6738281250 146.0201873779 145.6385040283 144.6485748291 143.9117889404 143.3655090332 142.9889221191 142.0998992920 140.7844390869 140.2381744385 138.4476623535 136.7640686035
159.6433410645 159.2001190186 159.0624847412 158.3831787109 158.4922485352 157.8610839844 157.7366943359 157.3684234619 156.9337921143 156.6914062500 156.1450347900 156.0751800537 155.3013916016 155.1777954102 154.5697937012 154.1046905518 153.5306701660 153.2625579834 152.3424835205 151.6116027832 151.1655426025 150.3286895752 150.1116638184 149.3404235840 149.0139007568 148.9499053955 148.6695556641 148.0031280518 147.4470672607 147.6611328125 147.0838317871 146.7553710938 146.7999877930 147.2313232422 147.2259826660 147.7529144287 147.6829223633 147.1501312256 146.4236602783 145.4385681152 145.2418518066 144.0830383301 143.0134429932 142.1745452881 141.0274658203 139.5809936523 137.9436645508
161.9636230469 161.6741027832 161.4769744873 161.0606842041 160.7748565674 160.3201751709 159.9673614502 159.4880981445 159.1941223145 158.8916931152 158.5714416504 158.1918334961 157.5805664062 157.0667114258 156.4208526611 155.9994659424 155.1102600098 154.1098022461 153.6743164062 152.9974517822 152.9336090088 152.0771942139 151.7371673584 151.3625488281 151.1970062256 150.9118804932 150.4649200439 149.9481048584 149.3016510010 149.0763092041 148.5943298340 148.4727783203 148.4009094238 148.8185577393 148.6744079590 148.7059020996 148.8032226562 148.3878326416 147.5343017578 146.7322387695 145.6449584961 144.7242431641 144.0046997070 142.6910705566 141.4478759766 139.7871856689 138.1342773438
164.6988677979 164.4225158691 163.4850463867 163.5668792725 163.1571350098 163.0575561523 162.2458496094 161.8249053955 161.8382568359 161.4007415771 160.8305358887 160.4275665283 160.0092620850 158.7678222656 157.9630737305 157.3241882324 156.6526794434 155.8018341064 155.1742095947 154.6106262207 154.5808105469 153.9972839355 153.4122467041 153.4269256592 152.4697265625 152.2282409668 152.1594696045 151.3410949707 150.7862548828 149.7035064697 148.9167327881 149.2767028809 149.8588714600 150.2097930908 149.6125183105 149.4085083008 149.1148834229 148.7761840820 147.9071655273 146.8289794922 145.8784942627 145.0433654785 144.1676788330 142.2803192139 141.0399627686 139.9699401855 139.4143066406
168.1145019531 167.2594604492 167.0711364746 166.3370513916 165.9924621582 165.3463439941 164.9280395508 164.4442443848 164.0902862549 163.7619781494 163.1617279053 162.7155151367 161.7754211426 160.8946990967 159.6508789062 158.4308776855 157.2869720459 156.6308135986 156.0370941162 155.3374328613 155.1662445068 155.0767364502 155.1870727539 154.7666778564 154.1650238037 153.7456512451 153.0399322510 151.2679595947 150.8074951172 150.5143127441 150.2830352783 150.7083892822 150.6846618652 150.7003936768 149.9873046875 149.5932922363 149.1524200439 148.7349700928 147.7161102295 146.7506866455 146.1778259277 145.5708160400 144.1283874512 143.2304534912 141.4168090820 140.8711700439 140.8573608398
170.8830566406 170.6086425781 169.9706878662 169.2053527832 168.5938873291 167.9370574951 167.3727111816 166.9701080322 166.3704376221 166.0013732910 165.3554992676 164.3334808350 163.4606170654 162.4317626953 161.1315155029 159.7101440430 158.3737792969 157.3936614990 156.4408264160 155.8877410889 155.3724212646 154.8659515381 154.9426422119 155.3902435303 154.7947387695 154.0943298340 152.8458251953 152.2197418213 151.8355712891 151.6604309082 151.3208312988 151.1972198486 151.0125427246 150.6418762207 150.0651397705 149.6024780273 149.1856842041 148.5043640137 147.9161529541 146.8225555420 146.0887298584 145.4521789551 144.7127227783 143.9778900146 142.3911895752 142.0137939453 141.7918701172
173.2060546875 173.0252532959 172.4396209717 171.6622161865 171.1474609375 170.3390350342 169.9523162842 169.1191101074 168.6235351562 167.8663482666 166.7110900879 166.2896881104 164.8242492676 163.5959777832 161.9346618652 160.3476867676 158.5118560791 157.5754394531 156.9085845947 156.1742401123 155.6873626709 154.7591400146 154.5608520508 155.2342681885 154.5016632080 153.6302947998 153.2118835449 152.4269866943 151.9831390381 151.7727966309 151.5148620605 151.1497192383 150.8452606201 150.5949554443 149.9208374023 149.3428192139 148.7803497314 148.3709259033 147.9212036133 147.5155792236 146.6289062500 145.5910797119 144.7760467529 144.3876495361 143.5825500488 143.3710632324 143.5778656006
174.1837615967 174.0244140625 174.0329437256 173.5003509521 173.4223175049 172.7123260498 172.0777893066 171.2335510254 170.4708557129 169.6015472412 168.6583404541 167.4066925049 166.3417358398 164.4319152832 163.1382598877 160.6856536865 158.7872619629 157.6724090576 156.3534698486 155.9351501465 155.1326751709 155.0850219727 154.9735565186 154.8387298584 154.9584808350 153.9994964600 153.6659545898 153.0676269531 152.7787322998 152.4544830322 151.9141387939 151.3873443604 150.9694061279 150.1909637451 149.6175842285 148.7551727295 148.6232299805 148.4870758057 9999.0000000000 9999.0000000000 147.0514526367 146.8893890381 146.1188659668 146.3256378174 146.8800201416 145.7443847656 146.1667480469
173.5289611816 173.9510192871 174.0955505371 174.6855468750 174.4586029053 174.2076721191 173.3419952393 172.7039947510 171.7011718750 170.7038879395 169.1966552734 167.9426116943 166.5940856934 164.6484832764 162.5386657715 161.0033111572 158.9276123047 158.1606597900 156.9327697754 155.5387420654 155.0668029785 154.9671630859 155.2161407471 155.0351257324 154.2989654541 154.1925811768 154.5798950195 154.1600341797 154.4993591309 154.0539703369 152.9662322998 152.4373321533 151.5488586426 150.9889373779 149.8300933838 149.3964843750 9999.0000000000 9999.0000000000 148.7920989990 148.5674438477 148.2077178955 147.7969970703 148.3463439941 148.3092803955 147.9696502686 147.9780883789 148.2526397705
172.2152709961 172.4798736572 173.7573547363 174.7659149170 175.1192321777 174.7147674561 174.3693542480 173.5123901367 172.3545227051 170.6056976318 169.1749725342 167.9063110352 166.4479827881 164.5209655762 162.0938720703 160.4011077881 158.7017517090 157.4922027588 156.2541198730 155.7205200195 154.8629455566 154.7893371582 154.3693847656 153.9956512451 153.7619781494 154.5536956787 155.2339019775 155.7418975830 155.4009857178 154.9817352295 153.8269500732 153.2172393799 152.4341430664 151.8782196045 151.3253631592 9999.0000000000 9999.0000000000 9999.0000000000 149.9134368896 149.7396697998 149.1203460693 149.2882690430 149.3938903809 9999.0000000000 9999.0000000000 9999.0000000000 149.8390655518
170.7736816406 171.1595611572 172.9035491943 174.1026000977 175.0355377197 174.8093872070 173.6404724121 172.5186920166 171.3326263428 169.9861755371 168.3093566895 166.6947021484 164.9430999756 162.6977233887 160.8971099854 158.8818359375 156.6447143555 156.4040069580 155.4502258301 155.1771392822 154.4849090576 153.9528961182 153.9253082275 153.5659179688 153.4949035645 154.7234344482 155.8217926025 156.6705017090 156.7056579590 155.6642456055 155.3505401611 154.0506896973 9999.0000000000 9999.0000000000 9999.0000000000 9999.0000000000 9999.0000000000 9999.0000000000 150.8714141846 150.9957885742 9999.0000000000 9999.0000000000 9999.0000000000 9999.0000000000 9999.0000000000 9999.0000000000 152.2193603516
169.9748077393 170.2160491943 171.9463500977 173.4048004150 173.9446716309 173.5989990234 172.7903442383 171.4612731934 169.5169677734 168.4378204346 166.0092010498 164.4659271240 162.5204162598 160.5275878906 158.7949218750 156.4358673096 155.7386322021 154.9732360840 154.3847503662 154.1625976562 153.9632110596 153.6038360596 153.0137329102 153.4634094238 153.9071655273 154.8406219482 155.9159545898 156.1349182129 156.9922637939 156.7952728271 156.0804748535 154.3507080078 153.7640991211 152.9296722412 9999.0000000000 9999.0000000000 9999.0000000000 152.6278076172 9999.0000000000 9999.0000000000 9999.0000000000 9999.0000000000 9999.0000000000 9999.0000000000 9999.0000000000 153.4030456543 153.6091613770
169.9150390625 169.8709106445 170.1252136230 170.9533691406 171.6003875732 171.1310729980 170.5400848389 168.8804321289 167.6650848389 165.5165405273 164.0760192871 162.0615081787 159.8263854980 157.4122009277 156.3236999512 154.7798614502 153.6209411621 153.2378845215 153.2350311279 153.5368957520 153.6339569092 153.3094482422 152.9918975830 152.5487213135 152.7055206299 154.1549987793 155.4521331787 156.3057861328 156.8734130859 157.0431365967 155.9531707764 154.9688720703 154.5242919922 153.8403778076 9999.0000000000 9999.0000000000 153.6812438965 153.3968811035 153.0249328613 153.2917633057 9999.0000000000 9999.0000000000 9999.0000000000 9999.0000000000 9999.0000000000 9999.0000000000 154.3834533691
