model_inputs/inputs/rsds8.asc
ncols 720
nrows 360
xllcorner -180
yllcorner -90
cellsize 0.500000
NODATA_value 9999.000000
[rows 42 to 62 of 360, columns 141 to 187 of 720]
147.5316314697 147.7544403076 147.0793914795 147.2139739990 147.9774475098 148.2862396240 148.0208282471 146.8280487061 145.3567199707 144.0735473633 142.8315887451 141.3172760010 143.1810302734 143.0003509521 142.4458923340 142.5982360840 9999.0000000000 9999.0000000000 142.3174438477 143.0852966309 144.4927673340 144.8181915283 144.8712463379 145.4044799805 145.4045715332 146.2321777344 146.0374755859 144.8367462158 144.2248229980 142.7441864014 141.1920776367 139.5714569092 138.1550445557 136.3225097656 135.3384704590 133.4320526123 132.6218109131 133.1288604736 9999.0000000000 133.4498596191 133.6338500977 133.7222900391 133.1519012451 9999.0000000000 9999.0000000000 9999.0000000000 9999.0000000000
9999.0000000000 150.2387390137 150.2461090088 149.9729766846 149.3409881592 149.3100128174 149.1129608154 148.3226318359 148.0234832764 146.3217010498 146.5443878174 145.2011108398 145.3907623291 9999.0000000000 9999.0000000000 9999.0000000000 9999.0000000000 9999.0000000000 9999.0000000000 9999.0000000000 9999.0000000000 145.2903900146 145.1404266357 145.8133087158 146.8661956787 147.0036621094 146.4553375244 146.0680999756 144.2409973145 142.9123687744 141.9442291260 140.8467102051 136.9693145752 135.1766662598 134.6970520020 133.0910491943 131.7689056396 132.3351440430 131.9850463867 130.7848205566 130.8305053711 130.5225372314 130.4974060059 131.1145019531 9999.0000000000 132.0156555176 9999.0000000000
149.5107116699 149.1087646484 149.0347900391 149.8279418945 149.0162353516 148.3528289795 148.3020629883 147.5910797119 147.4706878662 146.5083160400 147.5388336182 146.7873535156 146.8544616699 146.4603118896 146.2832641602 146.4367828369 146.6003723145 146.3497619629 145.8963012695 145.0350952148 145.6583557129 145.8878173828 145.9450683594 145.7570037842 145.7198791504 145.8199310303 145.5656433105 146.0935516357 145.2447204590 143.1750488281 140.4834136963 137.8365936279 136.6569519043 133.9759063721 132.9741516113 132.2795715332 130.9743652344 130.8405761719 130.9689331055 130.1799621582 130.2870635986 129.4906768799 129.2505645752 9999.0000000000 9999.0000000000 130.9278106689 131.4795379639
146.0498809814 146.3765411377 146.0961761475 146.3865356445 146.5085296631 145.5200653076 145.0118255615 144.6384429932 144.1351623535 143.7610931396 145.0252227783 144.7663421631 144.7865905762 144.8432464600 144.8319244385 144.7053680420 144.4188537598 144.6892547607 144.4973754883 142.9879913330 143.7147521973 144.3986968994 143.9080047607 143.9839324951 144.2679748535 144.0835418701 143.5030975342 143.0813446045 143.3117980957 140.7690124512 140.4125671387 139.8180084229 137.1090393066 134.9939575195 133.8142547607 133.0000305176 132.2324981689 131.9788665771 131.7384796143 131.3159637451 130.9638824463 130.9558715820 129.8655242920 131.0711059570 132.0200195312 131.8004302979 132.6884613037
141.0876312256 141.7000427246 142.4174194336 142.0507049561 141.9985961914 141.5074920654 141.3949890137 141.6120147705 140.5518951416 140.6692047119 141.2197265625 141.0190124512 141.2772216797 141.0503997803 141.0648803711 141.0413970947 142.2218933105 142.6030273438 141.0236206055 141.4129333496 141.1623077393 140.3992156982 140.0443572998 139.8119201660 140.0487365723 141.4268493652 140.3956604004 140.6952056885 140.7390899658 140.3855133057 137.7831268311 137.0484313965 136.5178680420 135.6962280273 134.7224121094 135.2104339600 134.4152374268 134.5637664795 134.0752410889 134.0788574219 134.3274383545 134.5270233154 133.7573699951 134.0560607910 134.5136413574 135.3302001953 136.2004699707
141.1656036377 140.9498291016 140.8452758789 140.5325927734 140.6317291260 141.1882019043 141.3991394043 141.3424682617 141.0891571045 141.3865966797 141.4665679932 140.6981658936 141.3011169434 141.6564331055 141.5447387695 141.0906829834 141.4985656738 141.0344238281 141.3833618164 141.6781463623 141.6075592041 140.8810729980 140.1278533936 139.7320709229 140.1061706543 140.0953521729 140.1765136719 143.4858398438 142.0612030029 142.1849517822 139.6288452148 138.9742584229 139.0518035889 139.2827758789 138.6639099121 139.4202880859 139.0704193115 138.7290496826 138.1349029541 138.1282348633 138.1917266846 138.4546813965 137.7883758545 138.4715881348 139.4465484619 140.5485229492 140.6689605713
141.3964080811 140.7364654541 140.5061492920 140.2096252441 140.7772216797 141.4734344482 141.3757629395 142.3710327148 143.0296478271 142.0811309814 142.5079498291 142.5778808594 142.7971496582 143.2251434326 142.8527526855 142.3740997314 142.9152069092 142.6102142334 142.1131134033 142.7463684082 142.3111572266 142.2944183350 142.4060516357 143.0545043945 142.4170227051 143.7366333008 143.8183441162 144.0829467773 145.0854797363 145.5013122559 143.6609039307 144.0456237793 143.3881683350 142.8131408691 142.8900909424 142.3974761963 141.4836425781 141.4627075195 141.1191101074 140.6891174316 141.8867492676 143.0569152832 143.4885101318 144.6258392334 144.7823028564 144.7849578857 144.9875793457
142.5485992432 142.7168426514 142.6618499756 142.4528350830 142.8107757568 143.2408447266 143.4929351807 143.5949249268 144.1894989014 144.3652343750 144.3803863525 144.1662292480 144.5438842773 144.8415374756 144.7950592041 145.0360565186 144.4210205078 144.5300598145 143.9329376221 144.3843078613 144.3012237549 144.3418273926 143.6952667236 144.4074249268 143.9235382080 143.7630920410 146.1365966797 146.5750579834 146.3356628418 147.1279602051 147.9639129639 147.2076721191 146.7423553467 147.1069335938 146.4518432617 146.0737304688 145.8517456055 144.5846252441 144.2008819580 143.2727203369 145.0097045898 146.5866088867 148.9540405273 150.4464721680 151.0533294678 9999.0000000000 150.6191101074
146.6054992676 145.1881408691 144.7799377441 145.0709381104 146.0053100586 145.7205200195 146.1679992676 145.9630584717 146.5006713867 146.6430206299 147.1224060059 147.1127624512 147.5765686035 147.3525695801 147.4545440674 147.3481140137 147.5400085449 146.9772949219 146.9897613525 146.8981475830 146.7693176270 146.9600219727 147.0133361816 146.2019805908 146.3418579102 147.0234222412 146.7129364014 149.0701293945 150.0537109375 151.1860809326 151.6031188965 152.1123046875 150.8108215332 150.6369781494 150.1192932129 149.8378143311 149.7034912109 147.8439941406 147.2071838379 146.1389312744 148.5040435791 149.9223785400 151.5339965820 152.3379211426 151.9485626221 9999.0000000000 152.4196929932
150.6799926758 150.0521697998 150.0955200195 149.7352600098 149.8451995850 149.9450988770 149.6066589355 150.5256652832 150.8994293213 150.4533691406 150.7747650146 150.9106903076 150.6493377686 150.5401458740 151.0449066162 150.7746887207 150.1569976807 149.6493988037 148.9329071045 149.1764526367 148.7298583984 148.1192779541 149.3445587158 148.8506011963 149.1961517334 149.8070678711 151.8070373535 151.7455444336 152.9196624756 153.7690734863 153.8175201416 154.0260772705 154.9564666748 154.8934936523 154.7319946289 154.2467956543 153.1668090820 152.3526000977 150.9799041748 152.2714843750 155.2668457031 156.4037780762 155.9081115723 156.3432464600 9999.0000000000 9999.0000000000 156.8842468262
155.0858306885 154.2322235107 153.6305541992 152.9982757568 153.5985870361 153.3453369141 153.9194946289 154.1161651611 153.9850921631 152.3945617676 153.4904785156 153.2268829346 153.8394012451 153.8648986816 152.8367767334 152.5889282227 152.8550262451 152.7345123291 151.7866821289 151.0688323975 150.8806762695 150.9029388428 151.0447998047 150.5908355713 151.4226226807 151.9748840332 153.1256103516 153.9932708740 154.3799743652 154.7369842529 155.1624145508 156.4972229004 156.4928283691 156.7121734619 156.8578033447 157.1338806152 155.0473632812 154.9088745117 157.7277526855 157.0339965820 9999.0000000000 157.8645019531 9999.0000000000 9999.0000000000 159.3047332764 159.3909454346 159.5719604492
158.7047576904 157.0577697754 155.8243560791 155.2646942139 155.4615936279 154.9378662109 154.7705078125 154.3543243408 154.4415893555 154.5700988770 154.4779205322 155.7442169189 156.2080230713 156.1931304932 155.2473754883 154.9655761719 154.6313781738 153.9297790527 152.7950134277 152.8818359375 152.5823211670 152.4732513428 152.5090332031 153.2948608398 153.2041625977 153.9048004150 154.2189636230 155.0159149170 155.6781616211 156.1337280273 157.2465515137 157.6961975098 157.6896362305 158.1057891846 159.2051239014 159.7621612549 159.8001708984 161.3734283447 9999.0000000000 9999.0000000000 9999.0000000000 9999.0000000000 9999.0000000000 9999.0000000000 9999.0000000000 9999.0000000000 9999.0000000000
161.1988220215 159.4707641602 159.4552001953 158.1805419922 158.0244293213 157.7503356934 156.8255157471 156.9844207764 155.9230804443 155.8414154053 155.9857330322 156.0973510742 156.2170257568 156.1742248535 156.2892150879 156.6154937744 155.4613189697 154.3532867432 153.1283111572 153.1428527832 153.1110076904 153.3625030518 154.3253326416 154.5712280273 154.8586883545 155.5641784668 156.2669982910 156.4095611572 157.1437225342 157.2031402588 157.8930511475 157.8752899170 159.2005310059 160.2901611328 161.7800140381 163.6168975830 163.4094390869 164.5890350342 9999.0000000000 9999.0000000000 9999.0000000000 9999.0000000000 9999.0000000000 9999.0000000000 9999.0000000000 9999.0000000000 9999.0000000000
163.2877807617 161.8553619385 160.9105529785 159.9662170410 159.7645416260 160.1391754150 160.3457336426 159.6500549316 159.4826660156 159.3185882568 159.3430175781 158.6562500000 159.1544342041 159.2440490723 159.2320404053 159.8579254150 158.5924682617 157.4724121094 156.6779022217 155.9896697998 156.0099639893 156.0615539551 156.2174224854 156.8889312744 157.1160583496 157.8014221191 158.2743530273 158.2412719727 159.7977905273 160.0309143066 161.0081787109 162.2844696045 163.2909240723 164.0084228516 165.1329803467 9999.0000000000 9999.0000000000 9999.0000000000 9999.0000000000 9999.0000000000 9999.0000000000 9999.0000000000 9999.0000000000 9999.0000000000 9999.0000000000 9999.0000000000 9999.0000000000
166.8536682129 165.3691864014 162.1228332520 161.8379516602 161.6598205566 160.4863433838 159.9512329102 160.5484619141 160.3500671387 160.6345062256 161.0013122559 161.4632110596 161.2726745605 160.7877807617 160.5626525879 160.1372985840 160.2621765137 159.7933502197 158.7784881592 158.9765777588 158.6652221680 158.5271759033 158.7976837158 158.8676452637 159.0591888428 159.6559753418 159.5897369385 160.5606994629 162.6123504639 164.0417785645 165.3404083252 166.2897644043 167.0764923096 9999.0000000000 9999.0000000000 9999.0000000000 9999.0000000000 9999.0000000000 9999.0000000000 9999.0000000000 9999.0000000000 9999.0000000000 9999.0000000000 9999.0000000000 9999.0000000000 9999.0000000000 9999.0000000000
169.2330169678 165.4248352051 164.7410125732 162.5317230225 162.3041992188 162.6050262451 161.9117431641 161.1665039062 161.1578521729 161.4868164062 161.3611755371 161.9312744141 161.7916107178 162.2115783691 161.6179656982 161.4443054199 161.1934051514 160.9314117432 160.6254119873 160.0222473145 160.2675476074 159.8755798340 159.9498748779 160.1177978516 160.7449493408 161.0697784424 162.0564575195 162.0020141602 163.6388244629 165.4221801758 168.5174102783 168.6229705811 9999.0000000000 9999.0000000000 9999.0000000000 9999.0000000000 9999.0000000000 9999.0000000000 9999.0000000000 9999.0000000000 9999.0000000000 9999.0000000000 9999.0000000000 9999.0000000000 9999.0000000000 9999.0000000000 9999.0000000000
167.9637908936 167.1732177734 165.0790863037 164.9926452637 163.2365722656 162.9902648926 162.9311218262 163.2074584961 162.8571929932 162.5863189697 163.1371154785 162.5123138428 162.4076538086 162.4448699951 162.5045928955 163.0262603760 162.0199127197 162.8861083984 162.7658233643 161.3652801514 161.5539093018 161.2085876465 161.1298065186 161.1725463867 161.5954895020 161.9897155762 162.4537963867 163.3941192627 166.4696960449 169.0167541504 170.7060394287 9999.0000000000 9999.0000000000 9999.0000000000 9999.0000000000 9999.0000000000 9999.0000000000 9999.0000000000 9999.0000000000 9999.0000000000 9999.0000000000 9999.0000000000 9999.0000000000 9999.0000000000 9999.0000000000 9999.0000000000 9999.0000000000
172.7126464844 170.4213867188 168.3215637207 167.3450012207 166.7283630371 167.0101165771 166.3285675049 166.1843109131 165.9129333496 166.9848022461 165.7053527832 165.6146697998 163.7209930420 163.8344879150 163.8105621338 163.7996368408 163.6699981689 163.5149383545 164.5224151611 164.7033538818 163.9901275635 162.0801391602 162.9578094482 162.4275512695 162.4592132568 163.0937194824 163.2530212402 164.9209289551 168.5115661621 170.5467681885 9999.0000000000 9999.0000000000 9999.0000000000 9999.0000000000 9999.0000000000 9999.0000000000 9999.0000000000 9999.0000000000 9999.0000000000 9999.0000000000 9999.0000000000 9999.0000000000 9999.0000000000 9999.0000000000 9999.0000000000 9999.0000000000 9999.0000000000
173.7286682129 171.9258270264 171.3200073242 170.1047515869 170.0143737793 169.4140930176 169.2357482910 169.1453399658 169.0639953613 168.4115600586 166.6648864746 166.1692810059 165.5599212646 165.3303833008 164.2566986084 164.7071380615 164.7999877930 164.9386901855 164.6994018555 163.7027740479 163.4664611816 163.1253509521 162.1801300049 161.7717437744 161.8289642334 163.2277069092 163.8093566895 166.0115966797 168.7579040527 171.0282897949 9999.0000000000 9999.0000000000 9999.0000000000 9999.0000000000 9999.0000000000 9999.0000000000 9999.0000000000 9999.0000000000 9999.0000000000 9999.0000000000 9999.0000000000 9999.0000000000 9999.0000000000 9999.0000000000 9999.0000000000 9999.0000000000 9999.0000000000
176.2250213623 174.5776367188 174.9117126465 172.5577850342 170.8614349365 171.4576873779 170.9820251465 169.4712982178 170.6186218262 168.8601379395 168.3813018799 168.2717895508 166.7318267822 167.1105957031 166.1509094238 166.2203674316 165.5061645508 165.3730773926 165.3761291504 164.3927459717 164.2646026611 163.3679504395 163.3868865967 163.4065246582 163.5996398926 164.6844787598 165.2873077393 167.7387237549 169.4734802246 171.3665618896 9999.0000000000 9999.0000000000 9999.0000000000 9999.0000000000 9999.0000000000 9999.0000000000 9999.0000000000 9999.0000000000 9999.0000000000 9999.0000000000 9999.0000000000 9999.0000000000 9999.0000000000 9999.0000000000 9999.0000000000 9999.0000000000 9999.0000000000
180.4471435547 179.0750885010 178.2001647949 175.8381042480 174.0827484131 173.3734741211 173.3351135254 172.4383087158 171.8176116943 171.8216552734 171.3258819580 171.0789031982 170.9673614502 169.9800872803 168.8532562256 167.4118957520 167.2920227051 166.5897827148 166.3499755859 165.9163970947 166.2116546631 166.3144073486 165.8877868652 165.7912597656 165.8344421387 166.2248687744 167.0529022217 167.8302917480 170.1904449463 172.1373748779 174.8527374268 176.9697113037 177.8668212891 9999.0000000000 9999.0000000000 9999.0000000000 9999.0000000000 9999.0000000000 9999.0000000000 9999.0000000000 9999.0000000000 9999.0000000000 9999.0000000000 9999.0000000000 9999.0000000000 9999.0000000000 9999.0000000000
