model_inputs/inputs/rsds1.asc
ncols 720
nrows 360
xllcorner -180
yllcorner -90
cellsize 0.500000
NODATA_value 9999.000000
[rows 105 to 125 of 360, columns 329 to 375 of 720]
9999.0000000000 9999.0000000000 9999.0000000000 9999.0000000000 9999.0000000000 9999.0000000000 9999.0000000000 9999.0000000000 9999.0000000000 9999.0000000000 9999.0000000000 9999.0000000000 105.3531265259 107.0114822388 107.7186126709 105.9029998779 105.7890548706 105.9291076660 104.9698791504 105.5171661377 106.0728378296 108.6816406250 108.7905044556 110.0627059937 110.7140808105 111.6701889038 112.7275238037 111.9013214111 9999.0000000000 9999.0000000000 9999.0000000000 9999.0000000000 9999.0000000000 9999.0000000000 9999.0000000000 9999.0000000000 9999.0000000000 9999.0000000000 9999.0000000000 9999.0000000000 9999.0000000000 9999.0000000000 9999.0000000000 93.4081497192 92.3312683105 92.2724838257 92.8621520996
9999.0000000000 9999.0000000000 9999.0000000000 9999.0000000000 9999.0000000000 9999.0000000000 9999.0000000000 9999.0000000000 9999.0000000000 9999.0000000000 9999.0000000000 9999.0000000000 108.6088638306 109.6641693115 110.5260848999 109.0143203735 9999.0000000000 9999.0000000000 108.0589370728 107.6037445068 109.0559921265 109.8333282471 110.8535766602 112.6357421875 114.4103164673 115.0278472900 114.7944412231 114.4617156982 114.7930755615 9999.0000000000 9999.0000000000 9999.0000000000 9999.0000000000 106.9879302979 106.1348342896 104.4874954224 102.5570678711 100.6450500488 100.0359344482 98.7789382935 98.2713470459 97.1734619141 96.2836685181 95.2125701904 95.0914077759 95.1748809814 96.1306076050
9999.0000000000 9999.0000000000 9999.0000000000 9999.0000000000 9999.0000000000 9999.0000000000 9999.0000000000 9999.0000000000 9999.0000000000 9999.0000000000 9999.0000000000 9999.0000000000 9999.0000000000 9999.0000000000 9999.0000000000 9999.0000000000 9999.0000000000 9999.0000000000 110.9522628784 111.3678970337 108.8228225708 9999.0000000000 9999.0000000000 9999.0000000000 9999.0000000000 9999.0000000000 9999.0000000000 9999.0000000000 9999.0000000000 9999.0000000000 9999.0000000000 112.1888961792 110.7480773926 109.9671630859 108.2642898560 107.6854553223 105.6260299683 105.8317413330 104.6802291870 103.5050354004 104.1914443970 102.2638320923 101.2196578979 101.9398956299 101.6538619995 102.1569366455 102.2085647583
9999.0000000000 9999.0000000000 9999.0000000000 9999.0000000000 9999.0000000000 9999.0000000000 9999.0000000000 9999.0000000000 9999.0000000000 9999.0000000000 9999.0000000000 9999.0000000000 9999.0000000000 9999.0000000000 9999.0000000000 9999.0000000000 9999.0000000000 9999.0000000000 9999.0000000000 113.3104248047 111.3364257812 9999.0000000000 9999.0000000000 9999.0000000000 9999.0000000000 9999.0000000000 9999.0000000000 9999.0000000000 117.6930389404 116.4158401489 115.0082702637 114.1187286377 113.3244476318 112.7146148682 112.2332077026 112.4338912964 112.3204193115 112.3956680298 112.3672561646 112.3814163208 112.6997909546 112.8987197876 111.8344192505 112.7150726318 112.2398223877 113.2143096924 113.8515930176
9999.0000000000 9999.0000000000 9999.0000000000 9999.0000000000 9999.0000000000 9999.0000000000 9999.0000000000 9999.0000000000 9999.0000000000 9999.0000000000 9999.0000000000 9999.0000000000 9999.0000000000 9999.0000000000 9999.0000000000 9999.0000000000 9999.0000000000 9999.0000000000 115.6563568115 115.0694274902 113.3284378052 115.3927688599 117.6299667358 119.7904357910 119.8769836426 120.4932708740 120.8530502319 119.5476608276 118.7807083130 118.4909057617 117.6261749268 117.1821594238 116.4744567871 117.0185394287 117.7300872803 117.0647811890 119.1254730225 118.9566574097 120.8955307007 122.2115554810 121.4184341431 123.4247131348 122.9620895386 122.9034118652 123.7739410400 122.8605041504 123.0044250488
9999.0000000000 9999.0000000000 9999.0000000000 9999.0000000000 9999.0000000000 9999.0000000000 9999.0000000000 9999.0000000000 9999.0000000000 9999.0000000000 9999.0000000000 9999.0000000000 9999.0000000000 9999.0000000000 9999.0000000000 9999.0000000000 9999.0000000000 9999.0000000000 117.3798751831 116.8324737549 117.3238525391 118.9853210449 122.3038330078 124.1235427856 126.2924423218 125.3378753662 123.8805007935 124.5536117554 122.9301910400 123.2302474976 122.7516403198 122.7867813110 122.8899765015 123.7332611084 123.1819152832 125.1386718750 125.7605667114 127.9379272461 129.8605194092 130.0721893311 131.7319183350 132.6007995605 131.8827209473 133.0125427246 132.8270263672 132.4088745117 132.4129028320
9999.0000000000 9999.0000000000 9999.0000000000 9999.0000000000 9999.0000000000 9999.0000000000 9999.0000000000 9999.0000000000 9999.0000000000 9999.0000000000 9999.0000000000 9999.0000000000 9999.0000000000 9999.0000000000 9999.0000000000 9999.0000000000 9999.0000000000 119.2312088013 119.8363418579 121.2898025513 122.3397369385 125.1827774048 128.4034271240 130.4929504395 130.9476623535 130.6778869629 130.1575164795 130.2026824951 130.3335723877 129.3427124023 128.4748077393 129.8301849365 129.5023956299 129.9163818359 130.7725982666 131.8624725342 133.3410949707 134.4913940430 135.2738494873 136.8026885986 137.6524505615 138.8094329834 139.4524383545 139.4947509766 140.1459960938 139.2445831299 138.6441345215
9999.0000000000 9999.0000000000 9999.0000000000 9999.0000000000 9999.0000000000 9999.0000000000 9999.0000000000 9999.0000000000 9999.0000000000 9999.0000000000 9999.0000000000 9999.0000000000 9999.0000000000 9999.0000000000 9999.0000000000 123.8809661865 123.2810363770 123.9457168579 125.0421676636 125.8374557495 129.5934448242 133.4113616943 135.1777801514 139.1372222900 137.8973846436 138.2984619141 138.7350463867 137.2091674805 138.4346008301 136.5266113281 135.9195556641 135.8981170654 135.4943389893 136.8190002441 138.3541870117 137.9582061768 139.9179992676 139.4615783691 140.4173278809 141.6239624023 142.0024566650 142.7711791992 143.6749877930 143.3420715332 143.7871246338 143.2520751953 142.5719146729
9999.0000000000 9999.0000000000 9999.0000000000 9999.0000000000 9999.0000000000 9999.0000000000 9999.0000000000 9999.0000000000 9999.0000000000 9999.0000000000 9999.0000000000 9999.0000000000 9999.0000000000 126.9328308105 127.5051422119 127.0646514893 127.4869384766 129.1288452148 131.9171752930 133.8206787109 137.8651123047 139.3910217285 143.8817749023 146.8890686035 146.8200073242 147.4430389404 145.9898681641 145.6492004395 146.1181030273 144.8226776123 143.8956756592 144.2372894287 143.9363861084 144.9763031006 144.3898315430 144.9513244629 144.7787933350 145.4179687500 145.9011993408 145.4031829834 145.9275970459 146.7422180176 146.4841003418 146.9904785156 147.1715698242 146.5492401123 146.3910217285
9999.0000000000 9999.0000000000 9999.0000000000 9999.0000000000 9999.0000000000 9999.0000000000 9999.0000000000 9999.0000000000 9999.0000000000 9999.0000000000 9999.0000000000 9999.0000000000 135.9523773193 131.5538482666 132.1160888672 132.0575561523 133.4186248779 135.7355346680 138.0689392090 141.1507263184 144.4998779297 148.6228485107 151.1116333008 153.4012908936 153.9406738281 153.5519409180 152.8790130615 152.5290374756 151.8784179688 151.3622131348 151.1103973389 150.7431793213 150.5705108643 150.6388549805 150.6616058350 151.1893615723 150.2637329102 149.8323364258 149.6218261719 149.0388183594 149.2920989990 149.5732421875 149.7625885010 149.7517242432 149.9547271729 149.6747436523 148.9889984131
9999.0000000000 9999.0000000000 9999.0000000000 9999.0000000000 9999.0000000000 9999.0000000000 9999.0000000000 9999.0000000000 9999.0000000000 9999.0000000000 9999.0000000000 9999.0000000000 138.8408355713 138.3116607666 138.7386932373 140.3312377930 141.1434173584 143.5779724121 146.1486511230 148.1276245117 151.1583709717 153.7148590088 155.9912109375 157.4868316650 157.8898315430 157.6695556641 157.1470794678 156.2337341309 155.6739501953 154.9526519775 154.1136169434 154.7810363770 154.1713562012 154.3562316895 154.5581817627 154.2842102051 154.1048126221 153.4745025635 152.7555847168 152.6079711914 152.5430450439 152.6846923828 152.9133758545 152.9308319092 153.0683441162 152.7134857178 152.4302673340
9999.0000000000 9999.0000000000 9999.0000000000 9999.0000000000 9999.0000000000 9999.0000000000 9999.0000000000 9999.0000000000 9999.0000000000 9999.0000000000 9999.0000000000 141.7005310059 141.9967803955 143.7097473145 145.0168457031 146.9157104492 148.5127563477 150.4817352295 152.8097229004 155.4818267822 156.4917144775 159.1317291260 159.6941528320 160.0860900879 160.4461822510 160.0485382080 159.4747924805 158.8592529297 158.3006744385 158.1994171143 157.8053588867 157.3536987305 157.1336212158 157.4020996094 157.6016845703 157.1824035645 157.0623321533 156.6037750244 156.2064666748 155.3160858154 155.3662261963 155.1051483154 155.5746307373 155.6406860352 155.8654937744 155.3747100830 155.3942108154
9999.0000000000 9999.0000000000 9999.0000000000 9999.0000000000 9999.0000000000 9999.0000000000 9999.0000000000 9999.0000000000 9999.0000000000 9999.0000000000 9999.0000000000 146.3598480225 148.1552276611 150.3766632080 151.7391510010 153.1369476318 155.3096008301 158.1773834229 159.9927520752 160.9218292236 162.1274414062 162.9213409424 162.9554748535 163.1694641113 162.9293518066 162.5796508789 162.6536560059 161.9492950439 161.2520599365 161.3332366943 161.1117248535 160.7553405762 160.7007598877 160.6004028320 160.2202148438 160.6058807373 159.9670867920 159.4723815918 159.2398834229 158.8264923096 158.1925964355 158.3013153076 158.4479064941 158.2770843506 158.5329895020 158.7661437988 158.3531188965
9999.0000000000 9999.0000000000 9999.0000000000 9999.0000000000 9999.0000000000 9999.0000000000 9999.0000000000 9999.0000000000 9999.0000000000 9999.0000000000 9999.0000000000 150.1841430664 152.1611633301 154.2293395996 156.3152160645 159.0771942139 162.1391448975 163.4091491699 164.5269317627 165.5017700195 165.8510131836 165.9478149414 165.4670104980 165.0621337891 164.8799133301 164.8563690186 164.5241699219 164.0664215088 163.8092803955 163.6732482910 163.6898956299 163.4774780273 163.1448211670 163.0895233154 163.2481689453 163.0998229980 162.8670806885 162.2640075684 161.6868286133 161.3322143555 160.8143768311 160.7343444824 160.7479553223 160.9159851074 161.0605773926 160.7705383301 161.1968231201
9999.0000000000 9999.0000000000 9999.0000000000 9999.0000000000 9999.0000000000 9999.0000000000 9999.0000000000 9999.0000000000 9999.0000000000 9999.0000000000 9999.0000000000 154.1420440674 155.4106597900 157.7804870605 160.4585266113 162.5278625488 165.1926879883 166.0076446533 166.9439239502 167.9808502197 167.7745056152 167.8453063965 167.7207031250 167.2571716309 167.4460754395 167.7747497559 166.9110107422 166.9072418213 167.0826568604 166.6286315918 166.6587524414 166.4719696045 166.1994171143 166.5751190186 166.7740325928 166.2326965332 166.1518554688 165.6287078857 164.5908660889 164.3273010254 164.2884979248 163.8633117676 163.6670837402 163.8804321289 163.5804138184 163.7407836914 163.8829956055
9999.0000000000 9999.0000000000 9999.0000000000 9999.0000000000 9999.0000000000 9999.0000000000 9999.0000000000 9999.0000000000 9999.0000000000 9999.0000000000 156.1862030029 157.3672180176 159.9980163574 161.1462707520 163.3149719238 166.0209808350 167.3321533203 168.2770996094 168.9639129639 169.6012573242 170.0186309814 170.2457275391 170.1101989746 170.1497497559 170.7567291260 170.5888671875 170.0971984863 169.9863586426 170.1849670410 170.7942657471 170.0309143066 170.1461334229 169.8772735596 169.8038330078 169.9988250732 169.6977539062 169.6062011719 168.7731628418 168.0951690674 167.4351806641 167.2426605225 167.1252746582 167.5074615479 166.9182128906 167.3137054443 166.7088623047 166.7541198730
9999.0000000000 9999.0000000000 9999.0000000000 160.2496337891 9999.0000000000 9999.0000000000 9999.0000000000 9999.0000000000 9999.0000000000 9999.0000000000 159.2701416016 160.6859893799 162.3936920166 164.4104003906 166.9294738770 168.7306518555 169.9475708008 170.7086486816 171.5038146973 171.5272674561 172.3054656982 172.6040039062 172.6532287598 173.3721008301 173.5949554443 173.4259948730 173.8372955322 173.8046722412 173.5700225830 173.8062286377 173.6187133789 173.5446929932 173.5257873535 173.4313354492 173.1023559570 173.0750885010 172.5687561035 171.6813507080 171.2200622559 170.7737121582 170.2532043457 170.4941864014 170.6545562744 170.4495849609 170.4336242676 170.1605682373 169.6873779297
9999.0000000000 9999.0000000000 162.4342803955 160.8565673828 9999.0000000000 9999.0000000000 9999.0000000000 9999.0000000000 159.4327850342 160.7568817139 163.0550689697 164.4134063721 166.0094451904 167.8201599121 169.3855743408 171.2645416260 172.6746368408 173.1016998291 173.5726623535 174.0817718506 174.2368316650 174.8936614990 175.4095458984 175.6296691895 175.8297271729 176.2853240967 176.2761535645 176.3115692139 176.4305572510 176.0865631104 175.9717864990 176.0074462891 175.9710693359 175.9880676270 176.0734863281 175.2709045410 174.7771911621 174.4161529541 173.4800872803 173.1650085449 173.2775878906 172.9774780273 173.0814208984 173.1022186279 172.8034973145 172.6070861816 172.6941070557
168.7380371094 9999.0000000000 165.2929534912 163.1046295166 9999.0000000000 9999.0000000000 159.8293304443 161.6455230713 163.0999450684 164.9056091309 166.5555114746 168.0999450684 169.5622406006 171.5118103027 172.6062774658 174.4599761963 175.5037536621 175.8429565430 176.3455047607 176.8809814453 176.8537292480 177.5248413086 178.0142517090 178.5011291504 178.8141021729 178.9706573486 179.1675720215 178.8146362305 179.0783843994 178.5469818115 178.3370971680 178.6813659668 178.5467681885 178.8002929688 178.4279174805 177.8944244385 177.4044647217 177.3443450928 176.5953216553 176.1140899658 176.4047088623 176.0540313721 176.0212097168 176.2958526611 175.9616088867 176.3380432129 176.0230407715
170.9188995361 9999.0000000000 9999.0000000000 9999.0000000000 164.5270996094 162.8601226807 163.1472778320 165.8538055420 167.6243896484 169.0393218994 170.6863403320 172.2970275879 173.5525512695 174.9165649414 176.5539245605 178.2476196289 178.6331329346 179.3389892578 179.8150329590 179.7861328125 180.3850708008 180.5337524414 180.7332611084 181.2297058105 181.3487396240 181.5338592529 181.9752807617 181.8994750977 181.4654083252 181.3182678223 181.0635223389 181.2846374512 181.0921630859 181.0545654297 180.7046203613 180.9376373291 180.5661010742 180.1816253662 180.2720794678 180.0815582275 179.5434265137 179.5980072021 179.8819274902 179.6016387939 179.8583679199 179.6292724609 179.3535614014
9999.0000000000 9999.0000000000 9999.0000000000 9999.0000000000 168.8891448975 166.0226135254 167.0639648438 169.9391326904 171.5117797852 173.2199859619 174.7116088867 175.9200286865 177.1263885498 178.7534484863 179.9350433350 180.7600860596 181.3735198975 181.7520599365 182.1119689941 182.5447235107 182.7520446777 183.1572723389 183.1644897461 183.4973907471 183.6565246582 183.9862365723 184.0994720459 184.2575378418 184.0577697754 183.9480133057 183.5403594971 183.4608154297 183.2649230957 183.0098571777 182.9939880371 182.8894195557 182.8323211670 182.7718353271 182.5636596680 182.5864562988 182.7100677490 182.8244781494 182.7709045410 182.9050140381 182.9635162354 182.7126159668 182.5952453613
