model_inputs/inputs/rsds3.asc
ncols 720
nrows 360
xllcorner -180
yllcorner -90
cellsize 0.500000
NODATA_value 9999.000000
[rows 147 to 167 of 360, columns 329 to 375 of 720]
287.1448059082 288.7869567871 289.8350219727 290.3258972168 290.2088928223 289.9194946289 289.2610473633 289.2080993652 288.8233947754 288.5285034180 288.4014892578 288.1763000488 288.5925598145 288.5559692383 288.7186889648 288.2776184082 288.4956054688 288.2606811523 288.8245239258 288.8096313477 288.6303100586 288.3637390137 288.0182189941 287.1166076660 286.7802429199 286.6548461914 286.6083374023 286.3634338379 286.3855590820 286.3571472168 286.2079772949 286.4938964844 286.6917114258 287.2961120605 287.5359802246 288.0247802734 288.5491027832 288.9332580566 289.3370056152 289.8845825195 290.6426696777 290.9211730957 291.2632141113 291.6214599609 291.9059753418 292.3588867188 292.8212585449
287.1968688965 288.3655090332 289.5742492676 290.0356750488 289.9000244141 289.8023376465 289.1848144531 288.9053344727 288.4560241699 288.0220642090 288.2074279785 288.0591735840 288.3740234375 288.2070312500 288.1274719238 288.0693359375 287.8102416992 287.9510498047 288.3904418945 288.2548522949 288.0281677246 287.7603454590 286.9090270996 285.8483276367 285.6558532715 285.5088195801 285.4416198730 285.4502258301 285.5356445312 285.2604980469 285.2862548828 285.5779113770 285.6459960938 286.0989379883 286.8261108398 287.5184631348 288.0058898926 288.1687927246 288.6055908203 288.8394470215 289.8295288086 290.1757507324 290.4180297852 290.6674804688 291.0066528320 291.7386779785 292.4662780762
287.9097290039 288.9216003418 289.0875854492 289.0579528809 289.1166687012 289.0175476074 288.8368225098 288.5541381836 288.0294494629 287.9137573242 287.8384704590 288.1100158691 288.1737365723 287.9324645996 288.2274169922 288.4242248535 288.3016357422 287.9418029785 287.6811523438 287.4245605469 287.1419372559 286.6719360352 286.0326232910 284.7392578125 284.4465942383 284.2970886230 284.2134094238 284.2449340820 284.3193359375 284.1423950195 284.0803833008 284.1921691895 284.5293579102 285.0245971680 286.0724792480 286.5832519531 286.9572143555 287.7312316895 287.7643432617 288.3295593262 288.7875976562 288.8656311035 289.3104553223 289.9197998047 290.5210571289 291.3869628906 292.0713806152
288.7536315918 289.0820617676 288.9084472656 289.0732116699 288.8514404297 288.9031677246 289.3658752441 288.7751159668 288.3153991699 288.1909790039 287.8976135254 288.1490478516 288.0515441895 289.1190795898 288.6294860840 288.4414367676 287.9249877930 287.5311279297 287.0485839844 286.7981567383 286.2218017578 285.6847534180 284.4755249023 283.9778137207 283.1711425781 283.0090026855 283.1253356934 282.9139099121 282.8059082031 282.8620300293 282.8372192383 283.2750854492 283.4650878906 284.0707092285 285.0361022949 286.1432800293 286.6455383301 286.8671875000 287.0546875000 287.4112548828 287.8441162109 287.8022155762 288.3598327637 289.3559875488 289.6097106934 290.6364440918 291.7040100098
288.7687377930 288.9132385254 289.0908203125 289.0299377441 288.7134399414 289.0430908203 289.3050537109 289.2024536133 289.3614807129 288.6130065918 288.1994018555 288.5637817383 289.1487121582 289.2335815430 288.8888854980 288.4651489258 287.8247375488 287.3671264648 286.8690795898 286.2280273438 285.5489807129 285.0611572266 283.5375671387 283.0827636719 282.8921813965 282.4319458008 282.1219482422 281.9157714844 281.7191467285 281.6766052246 281.8514099121 282.3300781250 282.5621643066 283.4318542480 284.4455261230 285.1044921875 285.9816894531 286.3327941895 286.5276794434 286.7786254883 287.0223083496 287.0154724121 287.5269165039 288.3471069336 289.0166931152 290.3786621094 291.3979492188
289.0556030273 289.4453125000 289.1773681641 288.8746337891 288.8033752441 288.8660583496 289.2962951660 289.6806335449 289.6349182129 289.4986877441 289.1786193848 289.2345581055 289.8667907715 289.4789428711 289.1457214355 288.6597900391 288.0439147949 287.4106140137 286.6375427246 285.8576965332 285.1055297852 283.2605285645 282.8581848145 282.0641784668 281.9268188477 281.6774291992 281.4446105957 281.3568420410 281.3798217773 281.0069885254 281.2993469238 281.8665771484 282.2682189941 283.4737243652 284.2133178711 284.5179138184 285.4886474609 285.8697204590 286.3666381836 286.4961547852 286.6611328125 286.3317871094 287.4909362793 288.5861511230 288.9922790527 290.3461303711 292.0476074219
288.9953918457 289.0827941895 289.8765869141 289.4914550781 289.6036071777 289.5636901855 289.4818420410 289.9083557129 290.3320617676 290.0670471191 289.6998291016 290.7525024414 290.2746582031 289.9114379883 289.4916076660 289.0107116699 288.3576965332 287.5901184082 286.6747436523 284.1095275879 283.1723937988 282.8463439941 281.9980773926 281.6920166016 281.1654357910 281.2585144043 281.4421081543 281.0948791504 281.2475585938 281.3725891113 281.5353393555 282.0653381348 282.4495849609 283.1887207031 284.1813049316 284.7151489258 285.0116271973 285.0777587891 286.1700439453 286.7715454102 287.2178039551 287.8941650391 288.3074340820 289.3610839844 289.8403320312 291.0682067871 292.9504394531
288.2067260742 289.0443115234 289.2361450195 289.4143981934 289.1159057617 289.5714416504 289.9851989746 290.3800354004 290.4642639160 290.3168640137 290.8521728516 290.7562866211 290.3286437988 289.7357788086 289.2319335938 288.6427307129 287.9299316406 287.1336364746 284.2272949219 283.2944946289 282.3302917480 281.6816711426 281.5914306641 280.9193420410 280.8800964355 280.5410156250 281.2452697754 281.2166748047 280.9419555664 281.0615844727 281.6320495605 282.0725708008 282.3883361816 282.8047485352 283.4722900391 284.2391052246 285.0548095703 285.3096008301 286.2447814941 286.8376770020 287.8687133789 288.6639099121 288.6142272949 289.8201293945 291.0602722168 292.0254821777 293.4664611816
287.3630065918 287.6315002441 287.9752502441 288.3897094727 288.6279602051 288.4170227051 289.3385314941 289.7002868652 290.0455627441 290.7553100586 290.5331726074 290.1541442871 289.5467529297 288.7471618652 287.9943237305 287.5172729492 286.5495910645 283.1636047363 281.7944946289 280.8974914551 280.9256286621 279.7532653809 279.7385864258 280.4379272461 279.9531860352 280.2316284180 280.6655273438 280.3970947266 280.2746887207 280.9130859375 280.9222717285 281.4377136230 281.7203369141 282.0915527344 283.1559448242 283.3218078613 284.5097045898 284.7015075684 286.1985778809 286.8395996094 287.6027221680 288.1447143555 288.1593627930 289.1913146973 291.0275573730 292.0161743164 293.2681579590
285.5633239746 286.4287109375 286.1761169434 286.5662231445 286.8172607422 287.4097595215 287.9063720703 288.6248168945 289.9638671875 289.9727172852 289.6212158203 288.8780517578 287.9441833496 286.8961181641 286.0180664062 284.6796875000 280.0548706055 279.5476684570 278.0695800781 277.4779357910 277.4808959961 277.5061950684 277.9511718750 278.1090087891 278.9735717773 279.0976867676 279.2989501953 279.2391662598 279.6525878906 279.9031982422 279.4789123535 279.9587097168 280.6845703125 281.1586303711 282.1257629395 282.7764282227 283.5170593262 284.4375610352 285.3170166016 285.5922546387 285.7456970215 286.1228027344 285.5147094727 287.2499694824 288.5953063965 290.7299194336 292.2750244141
282.2119140625 283.5929565430 284.6094970703 284.5718078613 285.0230407715 284.9978332520 285.2525634766 286.1932983398 288.2350769043 288.1156616211 287.4024047852 286.6694335938 285.6583251953 280.6141662598 279.4986572266 277.9119873047 276.0591430664 274.5862121582 274.6949157715 274.5348510742 274.0669555664 274.4438171387 275.2987365723 275.5116271973 276.3337402344 276.4368286133 276.7100830078 276.7587890625 277.5174255371 277.7019653320 277.6580810547 278.0105285645 278.9126586914 279.6380310059 279.2476806641 280.1250305176 281.7331542969 282.7844543457 283.2117614746 282.6999816895 282.5083312988 282.0750427246 282.2674865723 283.2714538574 285.4396362305 287.2128295898 290.2447204590
281.9769287109 282.3062438965 280.6293029785 281.9805297852 282.1803283691 281.9300537109 281.6551208496 281.7094116211 284.6488037109 283.8260498047 282.4031372070 281.9348144531 276.5355834961 274.6644287109 272.2108764648 271.3881225586 269.1309204102 269.2279357910 269.0710144043 269.9062194824 270.3194274902 269.5686950684 271.3440246582 271.5624389648 271.9778442383 272.0469665527 272.9002685547 272.6460571289 274.4009399414 273.8571166992 274.1520996094 273.7508544922 274.2147827148 275.7823791504 275.9205627441 277.0400085449 277.4063110352 279.0166931152 278.5741882324 278.8353271484 278.4538879395 277.6257629395 278.1014709473 278.8991699219 280.8597412109 283.3037719727 286.0685729980
9999.0000000000 281.1199340820 279.1356506348 277.1685791016 278.6955871582 276.6737060547 275.7273254395 275.5312500000 272.3804016113 271.3648071289 270.8469238281 269.1422729492 266.7191772461 264.6778564453 265.0412902832 263.6359558105 263.8523254395 263.3371582031 262.6138305664 262.1627502441 262.4519042969 264.1896057129 264.0352783203 264.9787292480 266.3655700684 266.7181091309 267.1406555176 268.7155151367 267.8883361816 268.2289733887 267.9290161133 267.9811401367 268.9221801758 269.1906738281 270.4082641602 270.0722656250 272.1556091309 272.4991455078 273.6750488281 272.4836425781 272.2958068848 273.5078430176 273.1388854980 274.1000366211 274.9632873535 276.4273681641 277.5131530762
9999.0000000000 9999.0000000000 9999.0000000000 275.2535705566 273.8175048828 273.0379943848 270.0523376465 265.1340332031 261.0021057129 258.4850769043 256.9427490234 254.5302429199 253.5849761963 254.3297424316 255.9439086914 256.5327453613 256.9072265625 257.3915100098 256.5724182129 255.7388000488 255.0923614502 256.3703002930 256.6524658203 257.7666015625 258.0514526367 260.4703979492 261.3807373047 262.1231079102 262.6607360840 262.3714599609 262.1790466309 262.2356262207 261.8667602539 262.8605651855 263.1922607422 263.7236633301 264.1870422363 264.6481628418 264.6765747070 266.1750183105 266.8914489746 268.5469055176 269.2099304199 268.9436035156 268.1028137207 268.2920532227 269.3047180176
9999.0000000000 9999.0000000000 9999.0000000000 9999.0000000000 268.4654541016 267.2695007324 262.2796630859 255.6046295166 248.0608215332 244.8246154785 241.9946289062 239.1831359863 242.7057952881 241.5486297607 245.6373291016 249.7796020508 249.8455810547 250.0671997070 248.3442382812 248.0544433594 246.2485809326 246.9543762207 247.9758605957 249.5663452148 249.6810455322 253.0093841553 255.5352020264 256.4169616699 255.5623474121 256.7949218750 255.3167419434 255.8344421387 254.1437377930 255.7832336426 255.4191741943 256.3139038086 256.3341064453 256.6661376953 256.2391052246 257.6506958008 259.2008972168 261.8252563477 262.9598999023 262.1013488770 260.9645996094 259.0884399414 260.6097106934
9999.0000000000 9999.0000000000 9999.0000000000 9999.0000000000 262.2241210938 261.6827697754 255.2898559570 247.9166870117 240.2480773926 232.4868316650 229.8230895996 225.0502471924 226.2281341553 227.3219909668 234.7283325195 237.2763366699 241.1859893799 241.0738983154 239.9227752686 237.3751220703 237.6250762939 235.6462707520 236.8453674316 238.1577453613 239.7802734375 240.5828399658 244.5371246338 249.0862731934 248.2194366455 247.2728729248 247.7334899902 247.1846618652 245.8879089355 246.1941680908 247.5792999268 246.9723052979 247.4654083252 245.2717285156 245.8709411621 245.7809295654 249.7934265137 253.5314636230 253.8319396973 253.1741333008 250.7445983887 250.3544616699 249.7014617920
9999.0000000000 9999.0000000000 9999.0000000000 9999.0000000000 256.2147827148 254.3107452393 251.6245117188 243.2280578613 235.1506347656 226.0771942139 222.1749725342 218.6634063721 215.6341247559 216.7210235596 222.3863067627 227.1026916504 229.9730682373 231.6651611328 230.0492858887 228.7639923096 226.4069213867 226.4056091309 225.6470947266 226.3354797363 227.8199310303 231.2488250732 234.4760742188 238.0100860596 239.5465698242 240.1541748047 238.6305541992 238.7941131592 237.2031097412 238.2163696289 238.4824218750 237.8779602051 236.0808715820 234.1139068604 233.0495910645 233.8688049316 235.9647979736 241.0141906738 242.8964996338 242.3590393066 242.3486480713 241.7017211914 242.0203552246
9999.0000000000 9999.0000000000 9999.0000000000 9999.0000000000 9999.0000000000 250.8001861572 247.0654907227 243.7912902832 237.0956420898 229.6935729980 220.3734130859 212.0353698730 208.0973663330 205.8039855957 209.3339538574 217.6659545898 220.6507110596 222.4973602295 222.6765594482 221.6121978760 218.2379760742 216.9418945312 216.3077239990 215.3208465576 215.0785675049 220.5076599121 226.1868133545 227.8555145264 229.9801635742 231.0197448730 230.7007904053 229.7141571045 229.1086883545 228.7958068848 229.0955657959 227.2646026611 226.8165588379 225.2740020752 221.2154846191 224.0905761719 226.4716033936 227.5715332031 229.7090301514 232.4443664551 233.2263031006 233.6146697998 238.6754302979
9999.0000000000 9999.0000000000 9999.0000000000 9999.0000000000 9999.0000000000 246.0168151855 243.1742248535 241.2931365967 235.4751586914 226.3836059570 215.9261932373 207.7066345215 196.5107727051 195.4303741455 200.8295898438 206.3778533936 212.8211364746 214.4848175049 213.8029632568 211.9474029541 211.1307678223 209.5245971680 207.5236358643 206.5325469971 207.2346191406 210.2415313721 215.9807586670 219.0937957764 221.2788696289 221.5783386230 221.2725372314 221.7497863770 220.5937957764 221.1184997559 220.6979064941 220.1845245361 217.7625122070 214.2636718750 212.1269073486 210.8499450684 213.9442443848 215.0720214844 218.4684448242 220.2747955322 224.5154113770 227.0861053467 231.3914794922
9999.0000000000 9999.0000000000 9999.0000000000 9999.0000000000 9999.0000000000 9999.0000000000 9999.0000000000 238.5517120361 234.1712036133 227.0909576416 215.7346801758 202.9664154053 194.6821594238 190.3307495117 194.0462036133 197.8385162354 203.6734466553 207.4668884277 206.9250335693 208.1041870117 207.9170074463 205.7666320801 204.3079528809 203.3934936523 203.5098419189 207.4606323242 211.9091491699 214.7086334229 217.5250701904 218.0820159912 219.7185821533 219.9816741943 219.2351379395 218.6291198730 219.7926483154 217.4366607666 214.2341613770 211.2666778564 208.8913726807 206.4815521240 206.2954711914 207.4982299805 207.9084472656 211.5351715088 214.5771026611 218.2834014893 221.2326049805
9999.0000000000 9999.0000000000 9999.0000000000 9999.0000000000 9999.0000000000 9999.0000000000 9999.0000000000 9999.0000000000 9999.0000000000 226.7342834473 222.7804260254 213.9277648926 200.8631744385 195.7745513916 194.8341064453 197.4497375488 199.3072814941 202.8277282715 205.6454925537 209.7333068848 212.1306457520 210.5331573486 208.2413940430 207.8478851318 208.6519470215 212.1707153320 215.7122039795 218.5977325439 221.5167846680 224.4007263184 224.8825378418 225.7260284424 226.1554260254 225.4214324951 224.2633666992 221.8964080811 219.5769805908 217.2649383545 215.2419128418 211.7752990723 208.4221801758 207.4486083984 206.5010223389 206.8572845459 207.1407775879 207.7370147705 208.9403381348
