model_inputs/inputs/rsds4.asc
ncols 720
nrows 360
xllcorner -180
yllcorner -90
cellsize 0.500000
NODATA_value 9999.000000
[rows 147 to 167 of 360, columns 423 to 469 of 720]
319.2666625977 317.3531188965 314.8818664551 312.4750061035 310.1143798828 307.0786437988 303.7512512207 302.3945922852 299.5781860352 296.2040710449 294.3341979980 292.1074218750 288.2937927246 284.9609985352 281.3924865723 276.9304809570 9999.0000000000 9999.0000000000 9999.0000000000 9999.0000000000 9999.0000000000 9999.0000000000 279.9142761230 279.8836669922 279.0905151367 280.6638793945 283.2389221191 286.4504394531 291.2442932129 296.0689392090 300.0366210938 302.5134887695 303.4510192871 303.0533142090 302.3844604492 302.0864562988 302.0696105957 301.4470825195 300.3338928223 299.9202270508 298.9351196289 298.0111999512 299.1383972168 9999.0000000000 9999.0000000000 9999.0000000000 9999.0000000000
317.2720947266 315.2930908203 313.1534423828 310.8503112793 307.7820739746 304.2566528320 301.6155090332 299.5007019043 297.0934753418 294.0832519531 292.5782165527 289.4118957520 285.3118896484 282.4470214844 279.2367858887 274.2712402344 272.0509948730 275.9466552734 9999.0000000000 9999.0000000000 9999.0000000000 279.1596374512 280.3369750977 281.8479614258 281.0121154785 282.4626159668 282.4768981934 285.0044860840 289.4945678711 295.1186523438 299.7518615723 301.9262695312 302.7541198730 302.0886840820 301.5324401855 300.5770874023 299.7000122070 298.9214782715 297.6145935059 296.7304382324 295.8038940430 297.1210327148 9999.0000000000 9999.0000000000 9999.0000000000 9999.0000000000 9999.0000000000
314.8634643555 313.2907409668 311.0641784668 308.4329223633 304.7839965820 301.6527709961 298.9668579102 296.1086730957 293.8586120605 291.0716247559 289.5286560059 286.2763366699 283.3179626465 280.6429443359 276.9704284668 272.9737243652 271.2218017578 275.1559753418 9999.0000000000 9999.0000000000 9999.0000000000 281.5763244629 283.4987487793 284.7433471680 284.6559448242 284.0223999023 283.5007629395 284.2968750000 288.4512634277 293.6481933594 298.3963928223 301.3224182129 301.6226196289 301.0098266602 299.9044189453 298.4609985352 297.5722045898 296.8977355957 295.3300170898 295.9368591309 297.2749938965 9999.0000000000 9999.0000000000 9999.0000000000 9999.0000000000 9999.0000000000 9999.0000000000
312.6977233887 311.0744323730 308.8581237793 305.6537170410 302.4238891602 299.5036621094 295.7903137207 292.8964538574 290.5938110352 287.7351379395 285.3619384766 283.4393920898 281.1679382324 278.9889831543 276.1210632324 271.9824218750 270.6031494141 273.3761596680 278.0024719238 280.9266357422 9999.0000000000 9999.0000000000 283.9469604492 285.9570007324 287.6200866699 285.7480163574 284.5546875000 286.7838134766 288.7778320312 293.2309570312 297.2116088867 300.1880798340 300.7326354980 299.9801940918 298.3378295898 297.6212768555 297.4774475098 297.7628173828 9999.0000000000 9999.0000000000 9999.0000000000 9999.0000000000 9999.0000000000 9999.0000000000 9999.0000000000 9999.0000000000 9999.0000000000
310.0427551270 308.2188720703 306.0110473633 302.7911071777 300.0621643066 295.6839599609 292.5445861816 289.0615234375 286.6977233887 284.1681823730 281.8902893066 280.5493774414 278.2700195312 277.2857971191 274.8295593262 270.9970703125 270.2122497559 272.6540527344 276.4232788086 280.4845886230 282.2816772461 9999.0000000000 284.6774291992 286.5482482910 288.6215820312 287.4177856445 285.7289123535 285.9150390625 288.7136840820 292.6546936035 296.8930358887 298.5183410645 299.0307006836 297.9895629883 297.0476989746 9999.0000000000 9999.0000000000 9999.0000000000 9999.0000000000 9999.0000000000 9999.0000000000 9999.0000000000 9999.0000000000 9999.0000000000 9999.0000000000 9999.0000000000 9999.0000000000
307.5636596680 304.7947692871 302.8460388184 299.6285705566 295.9061584473 291.7353210449 288.6788330078 285.4805603027 282.7218322754 280.2676391602 279.3291015625 278.1741027832 276.6468811035 275.1341552734 272.6190185547 272.1990966797 270.0052185059 272.1455383301 274.1596679688 277.4708557129 280.8788757324 283.0554809570 285.1531982422 285.5874938965 287.1421508789 286.3825988770 287.7471313477 287.8664245605 291.0434570312 294.2019042969 294.5725097656 296.3593750000 296.7696228027 9999.0000000000 9999.0000000000 9999.0000000000 9999.0000000000 9999.0000000000 9999.0000000000 9999.0000000000 9999.0000000000 9999.0000000000 9999.0000000000 9999.0000000000 9999.0000000000 9999.0000000000 9999.0000000000
303.9682312012 301.7955017090 299.5944824219 296.6261596680 292.9393310547 289.0590820312 285.0940246582 281.9896545410 278.7396240234 277.2195739746 276.9294433594 274.4182739258 273.9768371582 274.0374755859 272.9613647461 272.7554321289 271.3124694824 272.0591430664 273.6086730957 275.3479309082 277.4915771484 278.7530517578 281.0044860840 282.2953491211 284.1070556641 286.5721435547 289.0392456055 291.7377319336 291.8966979980 292.2743530273 292.2320556641 9999.0000000000 9999.0000000000 9999.0000000000 9999.0000000000 9999.0000000000 9999.0000000000 9999.0000000000 9999.0000000000 9999.0000000000 9999.0000000000 9999.0000000000 9999.0000000000 9999.0000000000 9999.0000000000 9999.0000000000 9999.0000000000
300.6071166992 298.1095275879 294.5364990234 292.3869934082 290.0654602051 285.9923400879 281.0042114258 278.3910217285 275.2744750977 273.9545288086 273.4843750000 272.9161376953 270.7545471191 272.4557189941 272.3337402344 271.0010986328 271.7086181641 272.4534912109 272.0453186035 273.0894165039 273.7359313965 274.1999206543 275.8230590820 277.2258605957 280.9893188477 284.3327331543 286.5790100098 288.5045471191 9999.0000000000 9999.0000000000 9999.0000000000 9999.0000000000 9999.0000000000 9999.0000000000 9999.0000000000 9999.0000000000 9999.0000000000 9999.0000000000 9999.0000000000 9999.0000000000 9999.0000000000 9999.0000000000 9999.0000000000 296.5411987305 295.5715942383 294.4162292480 9999.0000000000
294.9939270020 292.1516113281 288.7475891113 286.9768981934 284.3288574219 279.8296508789 277.0525207520 272.6423645020 269.3329467773 270.4904785156 267.7870788574 267.6818542480 268.6409606934 269.8127441406 269.3137207031 268.8017883301 270.2895507812 270.7733764648 270.6972351074 271.3249511719 271.7854919434 272.7536315918 273.4505920410 275.4236450195 9999.0000000000 9999.0000000000 9999.0000000000 9999.0000000000 9999.0000000000 9999.0000000000 9999.0000000000 9999.0000000000 9999.0000000000 9999.0000000000 9999.0000000000 9999.0000000000 9999.0000000000 9999.0000000000 304.5607299805 9999.0000000000 9999.0000000000 294.9742431641 9999.0000000000 293.4378967285 293.3007812500 291.9231262207 9999.0000000000
288.3540649414 286.1002502441 283.2108459473 280.5349426270 277.7814331055 274.2414245605 270.9844665527 267.6199951172 265.2520141602 264.5645141602 263.8880615234 263.9454345703 264.5897216797 265.6072082520 265.3950500488 265.4439086914 265.9255676270 267.6636352539 270.1220703125 272.2786254883 271.9651184082 273.7381896973 273.7497253418 274.6307373047 9999.0000000000 9999.0000000000 9999.0000000000 9999.0000000000 9999.0000000000 9999.0000000000 9999.0000000000 9999.0000000000 9999.0000000000 9999.0000000000 9999.0000000000 9999.0000000000 9999.0000000000 299.7326965332 302.4709777832 298.0388793945 9999.0000000000 9999.0000000000 9999.0000000000 9999.0000000000 9999.0000000000 9999.0000000000 9999.0000000000
282.3174743652 280.8903808594 278.2046508789 274.7072753906 272.6086425781 269.1511535645 264.9556884766 262.2686157227 260.5479125977 259.7151489258 258.2989501953 260.2486572266 260.7316894531 261.5231018066 261.6218261719 261.5178833008 261.0840759277 265.8191528320 268.6944885254 272.9698486328 273.2343750000 274.1774902344 273.3542480469 274.5559387207 275.8628234863 9999.0000000000 9999.0000000000 9999.0000000000 9999.0000000000 9999.0000000000 9999.0000000000 279.1163940430 283.0344543457 286.7231750488 291.4138793945 294.1710815430 296.1983337402 297.8845214844 298.5180664062 294.0539855957 9999.0000000000 9999.0000000000 9999.0000000000 9999.0000000000 9999.0000000000 9999.0000000000 9999.0000000000
276.3259887695 273.9544372559 270.3500366211 268.1364440918 264.8275146484 260.8352050781 257.9118041992 253.8983001709 253.3957519531 255.0832061768 254.5040893555 254.2418670654 256.5477905273 257.2972412109 257.2170410156 257.4279174805 258.0265197754 262.1271972656 266.2118530273 269.6859741211 270.9648742676 271.5715637207 271.5057983398 272.2342224121 272.2866516113 273.4436645508 9999.0000000000 273.9696044922 272.6580810547 271.9960632324 273.2901306152 273.1533508301 277.6381225586 283.0619812012 287.4114685059 290.1797180176 292.7457580566 293.6475830078 293.1770324707 292.2632446289 9999.0000000000 9999.0000000000 9999.0000000000 9999.0000000000 9999.0000000000 9999.0000000000 9999.0000000000
269.2973937988 266.8733215332 263.2426147461 261.4067077637 256.9836730957 253.0246124268 249.4654235840 246.9318542480 243.5810089111 247.6087799072 248.5227661133 248.3835296631 251.5428619385 252.6437988281 253.8881683350 255.3451690674 256.7239990234 259.6437072754 261.5378112793 264.1689758301 265.6967773438 267.6725158691 267.2895507812 267.3821105957 268.1118469238 268.5832824707 269.5063476562 270.0553894043 268.5994567871 267.0175781250 265.9391479492 267.8739013672 272.0340576172 276.9994812012 283.3549804688 285.6093750000 288.9071350098 288.8901672363 289.7588500977 289.1385192871 9999.0000000000 9999.0000000000 9999.0000000000 9999.0000000000 9999.0000000000 9999.0000000000 9999.0000000000
263.2200622559 260.6287841797 257.9617919922 254.7406463623 250.8369140625 246.1651153564 242.1581726074 238.0066375732 236.5381011963 238.8899078369 240.0897064209 241.6659545898 245.1247558594 248.8352050781 253.5518493652 256.3229370117 256.6933593750 258.8429260254 258.8003234863 257.6017150879 256.1483764648 256.6295471191 259.0721740723 260.6535949707 262.3133544922 263.3339843750 265.2871398926 267.9600219727 265.7723083496 264.0899963379 263.2543334961 264.3959045410 268.5969238281 273.7293090820 278.9321899414 282.3336486816 284.5468750000 286.0032653809 287.1239624023 9999.0000000000 9999.0000000000 9999.0000000000 9999.0000000000 9999.0000000000 9999.0000000000 9999.0000000000 9999.0000000000
258.8722534180 255.3421783447 251.5018157959 248.3923034668 244.9011230469 238.4463500977 234.3285064697 228.9488525391 228.0195617676 229.7291870117 230.7659759521 234.6895904541 237.1984100342 246.0936279297 251.4199066162 257.4638977051 257.4421691895 254.9658203125 254.1389007568 249.0770416260 244.7796630859 245.5200653076 249.9667510986 252.7741699219 253.6993713379 256.7810974121 259.5290527344 263.1669921875 262.8345947266 262.6293334961 262.3809204102 263.3945312500 267.5935058594 271.7917785645 275.6162719727 278.9442749023 281.5080566406 282.7096557617 283.7079772949 9999.0000000000 9999.0000000000 9999.0000000000 9999.0000000000 9999.0000000000 9999.0000000000 9999.0000000000 9999.0000000000
253.2832183838 250.4041595459 246.5286560059 240.3842926025 237.7899627686 232.5923614502 228.0398254395 223.5526123047 217.8280487061 219.0024414062 220.9604339600 225.2342834473 231.8730163574 239.3902435303 245.2269897461 251.6577758789 253.6548156738 251.3196716309 246.2626037598 239.4687194824 237.0181732178 238.3349609375 239.1055908203 242.0617980957 244.3574829102 247.9907836914 252.9873352051 256.9938049316 257.4770202637 259.5193176270 260.4346008301 262.1101989746 265.0221252441 268.8115234375 271.8190917969 274.5472717285 277.0375671387 279.7748718262 9999.0000000000 9999.0000000000 9999.0000000000 9999.0000000000 9999.0000000000 9999.0000000000 9999.0000000000 9999.0000000000 9999.0000000000
248.3120574951 245.3093261719 241.0642852783 236.8371124268 232.8745574951 227.6855773926 222.2638397217 216.0839233398 210.5532073975 209.8999176025 212.6613311768 217.4376068115 224.0520324707 232.0028839111 239.9935302734 244.7028503418 246.8276977539 245.0241699219 240.0005950928 235.3701324463 230.6546936035 231.3763732910 232.7130126953 235.1076354980 237.2994689941 241.9056243896 246.9397583008 250.7864990234 252.7904205322 255.6086120605 258.4257507324 260.0345153809 262.9642639160 264.9608154297 267.8242187500 270.6791076660 273.9996337891 276.4886779785 9999.0000000000 9999.0000000000 9999.0000000000 9999.0000000000 9999.0000000000 9999.0000000000 9999.0000000000 9999.0000000000 9999.0000000000
245.3511505127 241.3705596924 238.0325622559 234.2010955811 230.2812042236 225.4019622803 216.8786163330 210.6418762207 204.6469268799 203.8594665527 206.5634002686 212.3824462891 217.1487121582 222.8424377441 229.7553863525 236.9832000732 237.5576171875 238.0692901611 236.5922241211 233.8322601318 230.9631652832 229.3443603516 230.2317657471 230.8286132812 230.7266845703 236.2451324463 241.3641204834 244.4711761475 248.7340545654 251.3549041748 254.8947601318 257.8716735840 259.4787902832 262.1380004883 264.5111999512 267.7067565918 272.6605834961 9999.0000000000 9999.0000000000 9999.0000000000 9999.0000000000 9999.0000000000 9999.0000000000 9999.0000000000 9999.0000000000 9999.0000000000 9999.0000000000
241.8802795410 238.3424377441 235.3594818115 232.8191223145 229.5622253418 222.2842102051 215.3891754150 208.0600433350 202.6976318359 200.0635070801 201.7863616943 206.4834747314 210.8485565186 215.8460693359 219.1256103516 224.6069793701 229.0047607422 231.6134338379 233.6039886475 232.7533874512 230.5789184570 229.0348815918 225.7964935303 225.3972473145 227.6225128174 231.1143951416 236.2500610352 239.5194854736 243.1713562012 248.3514709473 251.5566253662 254.2626647949 256.3772583008 259.8605346680 261.8775939941 266.4444580078 271.8874206543 9999.0000000000 9999.0000000000 9999.0000000000 9999.0000000000 9999.0000000000 9999.0000000000 9999.0000000000 9999.0000000000 9999.0000000000 9999.0000000000
239.4090423584 238.3386230469 236.4222564697 233.9230041504 232.3077239990 226.8061370850 217.5979156494 210.7476806641 204.7075195312 202.8876037598 202.2748107910 206.0268249512 208.7518920898 210.0492858887 213.0279846191 216.4820861816 222.3011627197 226.7966613770 229.0849151611 230.6870269775 230.6797485352 227.4589843750 224.9013366699 222.9660186768 224.1143188477 228.2870178223 232.3236541748 236.5259857178 241.0709991455 244.0670471191 249.0525054932 251.4289398193 254.7795715332 257.8967590332 260.5462036133 269.8700866699 9999.0000000000 9999.0000000000 9999.0000000000 9999.0000000000 9999.0000000000 9999.0000000000 9999.0000000000 9999.0000000000 9999.0000000000 9999.0000000000 9999.0000000000
238.8491516113 238.3091888428 238.3892364502 239.1222229004 237.0892028809 233.0763244629 226.2436523438 218.9818420410 212.4748992920 209.6210937500 209.3299102783 210.6170349121 212.4866027832 213.3931579590 215.2185974121 217.7068634033 221.7345733643 225.5923767090 228.0893554688 229.3323822021 229.5296936035 226.0419006348 223.7015686035 221.9160919189 223.9454956055 227.7337036133 232.5590209961 237.5860748291 240.6506805420 244.2776947021 247.4048767090 250.5033569336 254.5937347412 258.0083923340 262.0495300293 268.8080139160 9999.0000000000 9999.0000000000 9999.0000000000 9999.0000000000 9999.0000000000 9999.0000000000 9999.0000000000 9999.0000000000 9999.0000000000 9999.0000000000 9999.0000000000
