model_inputs/inputs/rsds2.asc
ncols 720
nrows 360
xllcorner -180
yllcorner -90
cellsize 0.500000
NODATA_value 9999.000000
[rows 168 to 188 of 360, columns 376 to 422 of 720]
215.0153961182 217.6745300293 217.6183624268 225.0440063477 229.0788116455 235.7569580078 241.2581176758 248.4408721924 247.2244873047 249.9921264648 250.1557464600 251.3345336914 252.0863647461 254.4850616455 254.3499450684 253.1649475098 253.9642028809 254.3501434326 250.2621459961 250.2095642090 249.0344848633 248.9434051514 248.8920593262 247.0563049316 245.3827056885 242.8543853760 241.8876647949 241.5901794434 243.0343475342 241.4424743652 242.3970489502 244.0676879883 245.1901092529 246.6902313232 249.5258789062 249.4472351074 250.7173461914 251.9349365234 253.6000061035 253.1020965576 254.0007171631 253.0471801758 250.5594787598 250.0142059326 248.9742431641 248.2060394287 247.4923095703
208.8259735107 205.8779907227 204.8231658936 206.8396911621 211.8558959961 216.4377746582 223.7558898926 228.8753356934 231.6905975342 235.3849639893 234.1429748535 235.3029479980 239.4784545898 239.8008117676 239.8683319092 241.4955291748 241.8736724854 241.1977844238 240.5007019043 241.0395812988 240.3137207031 241.3652191162 240.7029266357 241.4928283691 239.5020141602 238.9802093506 237.6632690430 237.1297454834 236.2117156982 234.6103820801 235.3240203857 235.4056854248 237.5616302490 239.6141357422 241.2279815674 243.8480224609 245.7220764160 247.5083312988 248.7895660400 250.0648803711 250.0136260986 250.2483825684 249.3712158203 247.6979370117 246.9699707031 246.9141693115 248.0230407715
200.5995330811 197.8048706055 194.1976013184 194.3346557617 197.7549896240 201.8446502686 206.3820037842 211.6010742188 217.3339538574 219.2066040039 220.6824645996 222.6287841797 226.5768280029 226.7198791504 228.4746398926 230.8218994141 230.9494934082 232.6138763428 231.2975158691 232.3193054199 234.2080383301 234.3417053223 234.4033203125 233.3714294434 233.3382415771 233.6130065918 233.2294311523 231.4639282227 229.3840942383 229.3254241943 227.5180053711 228.3376922607 228.8959655762 231.1558074951 235.2350921631 237.8882904053 238.8257904053 242.4579315186 243.6826629639 244.4562988281 245.4385223389 245.7169799805 245.0211334229 244.6827239990 244.3027343750 245.5108795166 247.0292358398
9999.0000000000 198.5675201416 199.0653076172 195.2989349365 194.1057434082 192.9830932617 196.1496124268 200.4407958984 202.9772796631 209.0631408691 210.8233795166 215.1514434814 215.8965911865 219.0746307373 220.1541290283 221.9838867188 223.1273345947 224.2421875000 224.4169769287 223.9836578369 227.6557922363 226.6073455811 226.4891967773 227.0910339355 227.5197296143 226.8199157715 225.6288909912 225.3192291260 223.7853698730 220.9032592773 223.5664215088 223.2373962402 223.2180023193 225.2981414795 227.5335235596 230.2068328857 232.1602783203 235.2556915283 238.8028411865 240.1766967773 239.9708404541 240.6770477295 240.7025299072 240.6431732178 242.7641601562 245.5819244385 247.8676757812
9999.0000000000 199.3616180420 198.6281890869 197.4499053955 192.4418640137 188.3353424072 187.9495849609 186.9502105713 190.5828399658 196.9566192627 201.9101409912 204.9298248291 208.9739532471 211.0571289062 212.4461212158 210.7120666504 210.6284027100 213.4864196777 215.0377349854 219.2158355713 218.7383422852 219.1155242920 219.1066284180 218.3644256592 219.2082519531 218.8165893555 218.6216735840 217.2489166260 214.9652709961 214.8318481445 213.7392120361 215.7211456299 214.9297180176 217.5604095459 219.4145050049 221.8347930908 224.1480255127 225.9522552490 229.1230468750 231.8449554443 234.1060333252 235.1711425781 237.2973327637 238.7817687988 240.3234100342 243.1705474854 248.0605010986
201.8173217773 201.3419189453 9999.0000000000 199.3022155762 194.5128784180 185.6023406982 179.2423400879 177.1634979248 181.6887664795 186.6770172119 192.2444000244 197.9946594238 199.4364776611 201.1206207275 202.7794952393 204.2250823975 204.5532531738 206.4887847900 209.1491394043 210.9821472168 214.5035095215 211.6888122559 212.7443084717 212.3513183594 211.9222564697 212.5283355713 212.0949859619 211.9057617188 209.4095306396 208.8872985840 207.8890228271 208.6382598877 208.2996520996 209.5655212402 211.5706634521 213.6645812988 215.0443267822 217.6417999268 220.8811187744 224.1339263916 227.1310882568 230.4028472900 234.6173553467 234.6881103516 237.1824645996 241.3903503418 246.9626007080
9999.0000000000 9999.0000000000 9999.0000000000 198.4488983154 194.7010650635 184.4427795410 174.8839721680 171.5204010010 174.7225036621 181.2138824463 186.6728668213 190.7780914307 194.2657318115 195.5616912842 197.7515563965 203.3386688232 200.9807739258 201.0540924072 202.7450256348 205.3998260498 208.1516571045 210.0305175781 209.2008666992 208.8740539551 207.2231292725 207.3442382812 207.2639312744 208.1967010498 206.2887878418 204.8448028564 203.6444244385 205.4779815674 205.8338928223 206.4982604980 206.8902435303 210.1391906738 208.8030395508 211.6090698242 215.3102416992 218.5273437500 221.4626312256 225.7629089355 228.4787445068 233.1763458252 235.2702026367 240.0474243164 244.4872894287
9999.0000000000 9999.0000000000 9999.0000000000 197.0223083496 191.5145874023 182.3484802246 174.4466705322 171.5847930908 173.5001525879 177.8207550049 183.9635162354 189.4335021973 191.1879425049 193.8735961914 196.2872009277 199.1423797607 198.7963562012 199.8161926270 199.3414611816 200.9099273682 203.1815032959 203.6393127441 205.4862823486 204.0029144287 204.7987976074 205.0743408203 205.2478942871 205.7354431152 204.3261108398 202.9027862549 202.7339630127 203.3574523926 202.6181640625 202.5043792725 203.2873687744 206.0362701416 205.4021453857 207.9599914551 212.2727050781 213.5937347412 218.5874328613 221.7281188965 225.3103637695 230.4633483887 232.6701202393 237.8535766602 241.6502685547
9999.0000000000 9999.0000000000 9999.0000000000 192.7773132324 190.5525665283 181.6009368896 174.0128936768 172.0668487549 172.6952667236 174.8040008545 180.4758758545 184.6855010986 188.6586303711 193.5333404541 196.9712066650 195.3420104980 196.9184722900 195.0923919678 196.2902374268 197.5809936523 198.7131500244 200.9028778076 200.5121917725 202.0041198730 201.2604827881 202.9715881348 202.5484161377 202.5258941650 201.9457702637 201.2267303467 201.0957946777 201.1372680664 202.0636901855 203.3908996582 201.8630981445 201.8962707520 202.6642150879 205.0016937256 205.8083953857 208.5030212402 211.9884643555 217.5949249268 222.4514617920 226.7106933594 230.6817779541 233.7961883545 237.2953338623
9999.0000000000 9999.0000000000 192.8553161621 191.6106109619 186.9185791016 180.2710266113 174.3356628418 172.3115234375 172.6086730957 173.8955383301 178.1082153320 182.0977325439 186.7542724609 192.7139434814 194.7491455078 195.4184417725 193.4902343750 193.2637939453 193.4779663086 192.5737609863 193.2636566162 193.7042846680 195.9263916016 198.6893768311 199.1523437500 200.0776824951 199.9540252686 200.5570220947 200.2442321777 200.2881011963 200.0614318848 199.8034362793 198.9238891602 199.3080444336 199.9004211426 199.5659942627 199.8201141357 201.4919891357 202.0121917725 205.2113647461 208.0876922607 213.9084625244 218.9437561035 223.5632629395 227.7205657959 230.5719757080 233.7868499756
9999.0000000000 9999.0000000000 189.3349151611 186.0164184570 180.5865631104 175.8248748779 173.8357849121 171.7456817627 172.0911712646 173.4028320312 177.5468750000 182.6268005371 186.2856445312 189.7528076172 192.7005004883 192.7397460938 192.0383453369 191.1738739014 189.8438415527 189.9594421387 189.1077728271 190.1795196533 193.2825927734 196.4839019775 197.3965454102 198.2378692627 197.9944152832 198.4374694824 198.3415222168 197.8680725098 197.9612426758 197.8863830566 196.5227355957 196.5380859375 199.3670501709 197.4954071045 197.3156738281 199.0547027588 200.0540313721 203.0263977051 204.6972198486 211.8129577637 218.0105895996 222.6797180176 225.4144897461 229.3655395508 231.4276123047
9999.0000000000 9999.0000000000 184.0388336182 182.6864929199 172.2122802734 171.0439910889 171.2415466309 170.1265716553 171.0030975342 171.3470916748 176.6859130859 182.4054718018 185.4302215576 188.8424835205 190.7663269043 191.3530578613 190.1184997559 186.2919464111 186.0733184814 185.0866699219 186.6804656982 187.6553955078 188.6856231689 191.4472503662 193.3330078125 195.0954132080 195.5306091309 196.2513122559 196.4778289795 195.3436126709 195.5130615234 195.7160644531 195.2107086182 193.1310882568 193.3795013428 194.6841430664 194.7956542969 195.5503387451 198.7130432129 200.4985656738 202.7892456055 209.8868865967 215.2498016357 221.3404235840 224.0872344971 227.1569519043 229.3447418213
9999.0000000000 9999.0000000000 180.8448638916 174.8824157715 169.2050170898 167.7253265381 169.5065460205 170.7065277100 169.6503906250 170.8433990479 174.7836303711 179.5307159424 182.6389770508 186.3670196533 187.0934906006 186.8641815186 185.8751678467 182.5736083984 180.9876861572 181.9168243408 182.2498474121 184.7119903564 186.1964569092 188.1742095947 189.8089904785 191.2844085693 192.4762878418 192.9082946777 193.8923950195 192.8887939453 193.0032958984 192.8630371094 191.7545776367 190.5333709717 190.6121826172 192.1138000488 191.9574279785 192.8066864014 195.7715911865 199.4081878662 201.7276763916 207.2738800049 213.9469604492 217.8136444092 222.1433105469 225.6273956299 226.7824401855
9999.0000000000 188.2425842285 178.3261566162 170.4324798584 165.6632995605 165.7084655762 167.1432647705 168.6562957764 167.5605773926 169.1643371582 173.2708435059 176.9327087402 180.6360473633 182.6030883789 184.5908813477 183.9649505615 182.5091247559 180.4319610596 178.6523437500 179.3399963379 180.8479614258 181.5708465576 182.5754241943 184.7089385986 186.6439666748 187.8120880127 189.4757995605 190.5912322998 191.4835968018 190.8097076416 189.8817596436 190.4864807129 188.9295501709 188.8110198975 188.1339874268 188.1254577637 188.6332855225 190.2498931885 191.0707397461 194.8808746338 198.2468566895 204.3958892822 210.9823913574 216.1794586182 220.5974121094 224.2958374023 226.4397888184
9999.0000000000 192.3118133545 184.5411224365 175.0669708252 169.4302825928 163.8517150879 164.8753509521 162.7431488037 162.5332794189 165.8448944092 169.7550811768 173.2831115723 177.1561737061 178.9548339844 182.2475433350 181.5262908936 181.0797424316 178.8659210205 177.4533386230 177.8061676025 178.4447326660 178.9318542480 180.0034332275 181.5119476318 184.1289825439 185.5426940918 186.8237304688 188.4387969971 188.5208129883 189.4025726318 188.8540649414 187.7204284668 186.9579315186 186.0768432617 185.7910614014 183.6522216797 182.0896148682 183.6237945557 183.9219818115 184.9593963623 186.8572387695 195.9067993164 207.9436492920 213.6759033203 220.8582153320 224.9180297852 224.7275543213
9999.0000000000 9999.0000000000 188.8633575439 183.0356292725 170.7596740723 166.2263336182 160.5817565918 158.6321868896 158.6742858887 162.0213012695 164.3188018799 170.2077789307 173.7895660400 175.5134735107 179.7496795654 180.3297882080 179.1924285889 177.7900238037 175.6852722168 176.0559082031 176.1484680176 176.6331176758 177.6086120605 178.7647399902 181.0018463135 183.2645568848 183.7249755859 185.3792572021 186.5716857910 187.7008819580 187.3413085938 186.4689636230 185.2755279541 184.0670471191 180.9513549805 178.3710479736 175.9924163818 174.7901306152 173.7332763672 175.0714569092 179.1110992432 187.2389526367 201.9761810303 211.3332672119 219.1874694824 222.5623474121 222.1275787354
9999.0000000000 9999.0000000000 9999.0000000000 186.5025634766 179.2267456055 170.2769317627 160.3856201172 155.6233520508 154.1950988770 158.5280151367 160.9646301270 166.5370941162 171.4113769531 176.0543823242 177.1772003174 178.3080291748 178.2139282227 176.5244598389 174.6303558350 174.6205596924 174.4169464111 174.9864807129 175.6261901855 177.0514068604 178.8615112305 179.0432586670 181.1510620117 183.1990966797 184.9801483154 185.9440307617 185.6970977783 184.9477539062 183.9166259766 181.5174255371 178.2205352783 175.0104064941 170.8701324463 168.3463592529 169.6085968018 169.9271850586 171.8849182129 180.4524688721 193.1119537354 208.3130340576 217.9477233887 220.8891906738 220.2483673096
9999.0000000000 9999.0000000000 9999.0000000000 192.7731628418 190.6263122559 179.4469451904 167.1026916504 163.1000671387 159.1453857422 158.5313262939 161.6155395508 164.8352050781 169.2051544189 172.0741271973 177.2031097412 177.7335510254 178.6778106689 176.5835266113 175.2116241455 175.0006713867 174.0818786621 174.0697479248 174.6199798584 175.8780670166 177.4564361572 177.7836914062 179.2138519287 181.5194702148 183.4242248535 184.4480743408 184.9656219482 184.5077972412 182.6150054932 181.4940948486 177.9788360596 173.4698638916 168.3915863037 169.0515747070 166.8826141357 164.5610961914 167.3248748779 179.4317016602 192.3359069824 204.7966308594 212.9389343262 217.1648712158 216.6911468506
9999.0000000000 9999.0000000000 9999.0000000000 9999.0000000000 195.7177886963 188.6688079834 182.1365051270 171.4401702881 168.3602905273 164.4511718750 160.4395904541 163.2824249268 167.0313110352 171.2022247314 176.0474090576 178.8911590576 178.4790649414 178.4286193848 177.2238311768 176.1194000244 175.4732208252 173.9089965820 174.4126739502 175.3853454590 176.6682586670 178.3468627930 179.1314086914 180.7743225098 181.3049468994 182.3370666504 183.0925292969 184.3140563965 183.4733428955 182.0455627441 179.4656677246 174.0838470459 169.8192901611 167.0154876709 165.0922698975 165.5243835449 168.2421112061 178.0615081787 193.4564208984 202.3391113281 209.9152069092 215.6012420654 213.4611968994
9999.0000000000 9999.0000000000 9999.0000000000 9999.0000000000 9999.0000000000 195.9673461914 187.6189727783 188.0091400146 179.3564605713 171.2593994141 163.8614044189 161.8592987061 165.6722717285 170.6780853271 175.4183044434 177.6940460205 179.9366302490 181.1948394775 179.7998962402 178.4811401367 177.1283874512 175.3137207031 174.8532714844 175.7228088379 176.7539215088 177.6132354736 178.5548095703 179.1510925293 179.2984619141 179.6788482666 181.8931732178 183.4718627930 185.1543731689 183.7717285156 180.7346343994 176.7516632080 172.0452728271 169.3157348633 168.5648193359 170.2167205811 173.7994689941 178.4142150879 191.0865631104 202.1636352539 209.5242919922 212.0119323730 210.5549163818
9999.0000000000 9999.0000000000 9999.0000000000 9999.0000000000 9999.0000000000 9999.0000000000 192.5460968018 189.9341735840 190.5769042969 175.2063140869 164.2474365234 160.5719909668 163.9991912842 170.7073822021 174.7192993164 177.2041931152 180.2451934814 182.7624053955 182.3527984619 181.2246856689 178.7088470459 176.8618621826 175.9812927246 176.2249908447 176.8000335693 177.4966888428 177.9098205566 178.0996398926 177.2478485107 177.8852386475 180.9978790283 182.9268035889 185.3584442139 186.1094665527 182.9581604004 178.7431793213 175.5872344971 172.8986968994 172.0494842529 172.4602508545 177.4555816650 182.4996490479 194.7277526855 200.6426086426 207.7061614990 210.6737823486 208.6957550049
