model_inputs/inputs/rsds5.asc
ncols 720
nrows 360
xllcorner -180
yllcorner -90
cellsize 0.500000
NODATA_value 9999.000000
[rows 189 to 209 of 360, columns 376 to 422 of 720]
9999.0000000000 9999.0000000000 9999.0000000000 9999.0000000000 9999.0000000000 9999.0000000000 9999.0000000000 190.2037048340 190.5938262939 180.2250976562 169.5985107422 165.8849182129 168.6637115479 173.2187347412 178.2455139160 181.2528381348 183.2435302734 185.2306823730 184.6710968018 187.1449432373 188.3992767334 190.4847717285 190.8162689209 191.2415008545 193.1235961914 195.0751953125 196.1488189697 199.2882080078 203.6923217773 205.4983673096 206.9667816162 211.1981506348 213.9917907715 214.0545043945 217.1835479736 217.5332031250 218.4045867920 219.7792053223 220.9622955322 224.4887390137 226.0482940674 225.7893371582 225.4519195557 223.2532501221 222.5838012695 224.6072998047 224.9708404541
9999.0000000000 9999.0000000000 9999.0000000000 9999.0000000000 9999.0000000000 9999.0000000000 9999.0000000000 9999.0000000000 190.8667602539 184.6881866455 173.4847717285 169.3572998047 176.2403869629 181.8311004639 189.4242095947 190.0616302490 191.1620330811 191.6405944824 192.6178894043 193.7496948242 197.3925933838 199.3125000000 199.4228668213 200.0498504639 200.8153381348 200.4645996094 202.6162414551 206.5808563232 208.2256317139 210.4558258057 213.2463073730 216.3159790039 218.4231109619 218.7088623047 221.1130523682 221.6003112793 222.4562225342 225.4462585449 226.9210815430 226.5909576416 227.3443145752 228.6309204102 230.9279785156 230.6787719727 230.3499450684 231.1299591064 230.8909454346
9999.0000000000 9999.0000000000 9999.0000000000 9999.0000000000 9999.0000000000 9999.0000000000 9999.0000000000 9999.0000000000 192.3586425781 189.4645233154 178.7909698486 174.3454284668 181.3592529297 189.8294372559 196.1652526855 199.0969848633 198.8716125488 197.6451721191 198.5823364258 201.9572906494 204.1934967041 206.2224273682 207.1313629150 207.3373718262 206.6652526855 207.2216186523 207.9963378906 210.1991271973 212.6699829102 215.4158630371 217.3039550781 218.4135437012 219.9996643066 222.5165100098 223.9987792969 225.0958557129 226.8562774658 226.7120819092 227.4137878418 227.2241210938 227.5268096924 230.6189422607 234.5458221436 236.7567138672 238.8810577393 238.3495635986 235.7710113525
9999.0000000000 9999.0000000000 9999.0000000000 9999.0000000000 9999.0000000000 9999.0000000000 9999.0000000000 9999.0000000000 196.8536529541 191.9708404541 185.5618133545 182.6773376465 186.9367523193 196.1290588379 200.3374328613 203.9938659668 203.1811370850 203.2446899414 204.2671356201 207.0288238525 208.9684906006 212.3496093750 214.5547637939 213.0050811768 212.7339477539 212.8471832275 213.6244201660 213.9146881104 215.9221191406 218.3925476074 219.9835662842 221.0466918945 222.9861450195 224.4132080078 225.9333648682 227.4044952393 228.0437927246 227.9196472168 228.1679382324 228.1154937744 228.2877807617 231.3796234131 237.7814483643 242.4763946533 242.9304351807 241.5167694092 240.1065979004
9999.0000000000 9999.0000000000 9999.0000000000 9999.0000000000 9999.0000000000 9999.0000000000 9999.0000000000 9999.0000000000 9999.0000000000 198.0416412354 195.9238586426 191.1768188477 195.9382781982 202.2734527588 207.8350219727 210.0517425537 210.1953582764 211.4658203125 213.7600860596 214.6919097900 217.6386566162 220.1885528564 221.1899108887 220.1883544922 219.3459777832 219.0526428223 218.0781707764 218.8769226074 220.8209228516 221.4280242920 223.1150512695 224.5246276855 225.5113067627 225.9687194824 227.7758941650 229.3896484375 230.9655609131 231.1897735596 230.6891632080 230.9251098633 230.7371215820 234.0057067871 239.0921783447 243.7324981689 242.8134918213 242.5210113525 241.1088867188
9999.0000000000 9999.0000000000 9999.0000000000 9999.0000000000 9999.0000000000 9999.0000000000 9999.0000000000 9999.0000000000 9999.0000000000 202.2631835938 207.1507720947 201.0261077881 204.9853973389 209.9828491211 212.0670166016 214.4333496094 216.4474029541 219.9822998047 221.2745819092 223.2295684814 225.0619506836 225.4178314209 225.3689422607 225.3246002197 224.6466827393 223.0165100098 223.3780059814 224.0804290771 223.7719268799 224.8337097168 225.9202728271 226.3638000488 227.4314880371 228.1365203857 229.6725616455 231.2449645996 232.5226287842 233.1021270752 234.4070739746 234.3680572510 235.6445007324 237.5292510986 239.1218872070 242.4923400879 243.0600280762 242.3736114502 242.2012939453
9999.0000000000 9999.0000000000 9999.0000000000 9999.0000000000 9999.0000000000 9999.0000000000 9999.0000000000 9999.0000000000 9999.0000000000 9999.0000000000 212.4028625488 212.0266113281 212.2110290527 213.0650787354 216.4846343994 218.4797668457 221.2378234863 225.1191406250 227.3945922852 228.9068603516 228.9705810547 229.4750518799 228.4822082520 228.4085998535 227.5540466309 227.8255767822 227.4823913574 227.2000122070 226.3989257812 226.9936370850 227.1781616211 227.6362152100 228.2164916992 228.9403228760 230.6166687012 232.1787261963 233.9874114990 235.2329559326 236.2161560059 237.9630126953 238.4537353516 239.0051116943 239.5076141357 239.3822479248 239.9386901855 240.5400085449 241.2115631104
9999.0000000000 9999.0000000000 9999.0000000000 9999.0000000000 9999.0000000000 9999.0000000000 9999.0000000000 9999.0000000000 9999.0000000000 9999.0000000000 216.6059875488 221.5894165039 219.0914001465 219.2301788330 221.3232269287 223.4231414795 225.1613006592 230.2351989746 232.9481048584 233.5616302490 233.2304229736 232.3459777832 232.2443389893 232.6976013184 232.4588623047 231.4925079346 230.8136291504 229.4122619629 228.8319396973 227.6507263184 228.2561035156 228.7960968018 229.0578155518 229.8016357422 230.9896240234 233.3743896484 235.0478363037 236.2467346191 237.9037628174 239.3231048584 240.2981414795 240.5237579346 238.7864532471 237.2892150879 237.0577087402 239.2597503662 240.3993072510
9999.0000000000 9999.0000000000 9999.0000000000 9999.0000000000 9999.0000000000 9999.0000000000 9999.0000000000 9999.0000000000 9999.0000000000 9999.0000000000 217.8334503174 227.6787567139 225.7401580811 225.4568023682 225.9736938477 227.9002227783 231.0195770264 235.0778045654 236.6720428467 236.4223327637 236.9297790527 236.1017150879 235.2922515869 234.9761199951 233.4165344238 233.0735015869 232.1949005127 230.8116760254 229.6234436035 229.1242370605 229.4628448486 230.1699676514 230.4031219482 230.9391174316 232.6140747070 234.4709472656 235.7094268799 236.8295440674 238.4792633057 239.3263702393 239.1969146729 238.4265136719 237.2985992432 235.7248382568 235.3824462891 237.7668457031 240.0565185547
9999.0000000000 9999.0000000000 9999.0000000000 9999.0000000000 9999.0000000000 9999.0000000000 9999.0000000000 9999.0000000000 9999.0000000000 9999.0000000000 220.9017028809 231.8853607178 231.2828063965 229.8135833740 230.8093719482 232.1572418213 234.6576690674 236.9207000732 238.5162506104 238.3715515137 238.1286621094 237.6084442139 236.2784271240 235.4064483643 233.4036865234 232.3122558594 231.6633453369 230.3314361572 229.0737762451 228.0122528076 228.9675445557 230.2113494873 230.8507690430 232.2320251465 233.2675628662 234.6110534668 235.8764038086 237.0625610352 237.4622802734 236.8241882324 236.8432464600 235.9868011475 235.7020568848 234.8058776855 235.1990203857 236.9884796143 239.6349792480
9999.0000000000 9999.0000000000 9999.0000000000 9999.0000000000 9999.0000000000 9999.0000000000 9999.0000000000 9999.0000000000 9999.0000000000 9999.0000000000 224.8471984863 232.9998016357 234.1498870850 233.8020477295 234.9228210449 235.1025848389 236.1909942627 237.9349670410 239.2801513672 238.8464508057 239.1048889160 238.0768432617 236.8624877930 234.2437133789 233.2258758545 231.1106109619 229.6513977051 229.2157287598 228.3487396240 226.9483947754 227.7297363281 229.3177337646 230.0811614990 231.3316650391 233.1166839600 234.4482879639 235.1514587402 235.5261230469 235.5389251709 234.8283538818 234.6089324951 234.2770080566 233.3048553467 233.9589385986 235.3016510010 236.8351745605 238.7507324219
9999.0000000000 9999.0000000000 9999.0000000000 9999.0000000000 9999.0000000000 9999.0000000000 9999.0000000000 9999.0000000000 9999.0000000000 9999.0000000000 227.7342987061 234.0682830811 234.7932739258 235.3576965332 235.8876037598 236.5469055176 236.7217407227 238.3104553223 239.1123046875 239.7994384766 239.8845520020 237.4000396729 236.0985565186 234.5015716553 232.1962280273 230.3541412354 229.0538330078 227.9131469727 227.0330810547 225.9466094971 226.3845520020 227.7555694580 228.6353454590 229.5930938721 230.7503814697 231.8085327148 232.9628906250 232.8129882812 232.1971893311 232.2510833740 232.0360565186 231.4160766602 233.1514282227 233.0171661377 233.9564361572 236.0129241943 236.9110260010
9999.0000000000 9999.0000000000 9999.0000000000 9999.0000000000 9999.0000000000 9999.0000000000 9999.0000000000 9999.0000000000 9999.0000000000 9999.0000000000 9999.0000000000 234.7642517090 234.4645843506 234.3489837646 234.6685028076 235.9387054443 236.6100158691 238.3049774170 239.6630859375 239.6808013916 239.0910034180 237.8783111572 236.5935363770 234.9032745361 233.0031890869 230.6121215820 229.4486389160 227.3673706055 225.5003814697 224.4218292236 225.5776519775 225.1768646240 227.1456909180 228.7773284912 228.4300537109 229.6190338135 229.9664611816 229.1875000000 230.1271667480 230.0394897461 229.6521911621 230.3824005127 231.8636932373 233.0873870850 234.3468322754 234.3523101807 234.8509521484
9999.0000000000 9999.0000000000 9999.0000000000 9999.0000000000 9999.0000000000 9999.0000000000 9999.0000000000 9999.0000000000 9999.0000000000 9999.0000000000 9999.0000000000 235.0785980225 234.2697753906 233.1302490234 233.0489196777 233.6492004395 235.9324951172 238.0167541504 238.8991851807 238.8734741211 238.2451477051 237.0726318359 235.2489318848 234.3545532227 232.7108459473 231.1217193604 228.5921173096 227.0747375488 224.5023956299 222.3514862061 223.1871948242 223.6226348877 225.3243560791 226.2195129395 226.7355804443 226.5749816895 226.4181976318 226.9133758545 227.7608337402 227.9285736084 227.9996185303 229.0591735840 230.2698822021 232.6096801758 233.5462036133 233.2390441895 232.2746276855
9999.0000000000 9999.0000000000 9999.0000000000 9999.0000000000 9999.0000000000 9999.0000000000 9999.0000000000 9999.0000000000 9999.0000000000 9999.0000000000 9999.0000000000 235.4917144775 234.1390075684 232.6235656738 231.2844696045 232.2768096924 234.0647583008 236.8244323730 237.2702484131 237.4913482666 236.9971008301 235.5057983398 234.4084320068 233.1938629150 231.9934844971 230.2760925293 228.2262115479 225.1733703613 223.0003509521 221.7698516846 221.7600250244 221.5484313965 223.0395965576 223.3964538574 223.9042968750 224.2282867432 223.9878997803 224.5480041504 225.4567718506 225.6066436768 226.4962921143 227.6575012207 228.7942810059 230.8783416748 231.2772369385 230.6997680664 228.5241546631
9999.0000000000 9999.0000000000 9999.0000000000 9999.0000000000 9999.0000000000 9999.0000000000 9999.0000000000 9999.0000000000 9999.0000000000 9999.0000000000 235.2894134521 235.9229583740 233.3801879883 232.1325836182 230.9451599121 231.5662384033 232.7962646484 235.1485595703 236.3550567627 235.5074310303 234.8530731201 233.5398254395 233.2616729736 231.9695281982 230.1773986816 229.2791137695 227.6243438721 224.2445983887 223.3445892334 222.0721588135 221.7938995361 222.0021667480 222.4383392334 222.9371795654 222.9505157471 223.0574340820 222.7964782715 223.1112213135 223.8599548340 224.2751007080 225.1311340332 226.1311645508 226.6743927002 228.8640289307 228.5974578857 227.0593261719 226.0962219238
9999.0000000000 9999.0000000000 9999.0000000000 9999.0000000000 9999.0000000000 9999.0000000000 9999.0000000000 9999.0000000000 9999.0000000000 232.9162292480 236.2234191895 235.8307647705 233.7237091064 232.6489257812 231.2806243896 231.6195983887 232.4752349854 233.3270721436 234.2861633301 233.6981506348 233.1247558594 232.5587463379 231.5998535156 230.7095642090 229.3247375488 227.6807403564 226.4125671387 224.6309661865 223.6706848145 223.0101013184 222.7121124268 222.6209869385 222.7369232178 222.9818267822 223.1974487305 223.0688476562 222.8231353760 223.0885162354 222.7526702881 223.3841552734 223.5954742432 223.9342498779 223.8563842773 224.1219635010 223.5405883789 223.4008636475 222.8677368164
9999.0000000000 9999.0000000000 9999.0000000000 9999.0000000000 9999.0000000000 9999.0000000000 9999.0000000000 9999.0000000000 9999.0000000000 233.8161468506 235.4568634033 235.1666870117 234.6392364502 233.5120544434 232.0500335693 232.1672821045 232.4859161377 231.3644714355 231.5216674805 231.6545257568 231.6195220947 230.8357696533 230.0765228271 229.4467620850 228.2946929932 226.2892456055 225.7397308350 224.7542266846 224.0885009766 224.0954895020 223.9101715088 223.5779266357 223.5028839111 223.3277282715 223.4087371826 223.2336883545 223.4127807617 223.1750183105 222.2821960449 221.7007446289 221.3419036865 221.6922760010 220.1408996582 217.5515289307 216.6966552734 218.1475982666 218.8946990967
9999.0000000000 9999.0000000000 9999.0000000000 9999.0000000000 9999.0000000000 9999.0000000000 9999.0000000000 9999.0000000000 229.2502441406 234.8840026855 234.9763793945 234.8689422607 234.3342590332 233.6873626709 233.1119232178 232.3023986816 231.1697235107 230.7372283936 230.4496307373 229.5965881348 229.0799102783 229.2100677490 228.4974060059 228.2019348145 226.6801605225 225.3721771240 224.1320800781 224.2277984619 224.4185180664 224.2957000732 224.2716827393 223.9838867188 223.7430114746 223.6445312500 223.5669097900 223.4503326416 223.1743316650 222.5650024414 221.4001617432 220.5088195801 219.6610107422 218.8631591797 217.2939453125 214.5903930664 213.5790557861 215.0247497559 217.2759246826
9999.0000000000 9999.0000000000 9999.0000000000 9999.0000000000 9999.0000000000 9999.0000000000 9999.0000000000 9999.0000000000 230.8279724121 234.7674560547 234.5856628418 234.2595825195 234.1646423340 233.5307006836 233.4847564697 232.0377502441 230.8492126465 229.3604888916 228.4450836182 228.2670745850 227.8854980469 227.4978790283 227.1925964355 225.8997650146 224.7748870850 223.4459075928 223.1496887207 222.6366424561 222.9918518066 223.6115264893 223.3680877686 222.8724365234 223.2764587402 223.1221160889 222.9174194336 222.6882781982 221.9906158447 220.9427490234 219.7653808594 218.9048156738 218.2412414551 217.2625427246 216.1691589355 212.7171173096 212.2048339844 212.4138488770 213.7118377686
9999.0000000000 9999.0000000000 9999.0000000000 9999.0000000000 9999.0000000000 9999.0000000000 9999.0000000000 9999.0000000000 232.1285705566 234.2487640381 234.1239776611 233.8554534912 233.4663543701 233.6671447754 233.2229766846 232.1523895264 229.9718933105 228.5095977783 227.2957763672 227.3214416504 226.8964080811 226.3923492432 225.7769775391 224.8988800049 223.4856872559 222.2281799316 221.5202484131 221.4673156738 221.3390197754 221.1977691650 221.6988677979 221.8439941406 221.8209533691 221.9805603027 222.1925506592 221.6779785156 221.2215118408 220.7440490723 219.4016723633 217.9696197510 217.4510498047 215.6069183350 213.8535614014 213.2992248535 212.3992156982 212.1482391357 213.6921844482
