model_inputs/inputs/rsds11.asc
ncols 720
nrows 360
xllcorner -180
yllcorner -90
cellsize 0.500000
NODATA_value 9999.000000
[rows 42 to 62 of 360, columns 470 to 516 of 720]
9999.0000000000 1.7696790695 1.7405515909 1.7240695953 1.7433488369 1.7425923347 1.7496560812 1.8106123209 1.9260119200 1.9259265661 1.9439798594 2.1015160084 2.0428559780 1.8112585545 1.7765425444 1.7871748209 1.7782009840 1.7796771526 1.7914609909 1.8309956789 1.8578381538 1.9256328344 1.9720731974 2.0128920078 2.0275111198 2.0566833019 9999.0000000000 2.1056327820 2.0895714760 2.0748913288 2.0503404140 2.0231792927 1.9811022282 1.9691387415 1.9842163324 2.0129885674 2.0217592716 2.0245897770 9999.0000000000 1.9593040943 1.9678204060 1.9791928530 1.9950214624 1.9891681671 2.0006334782 2.0195991993 2.0056378841
2.3122990131 2.2921142578 2.2652261257 2.2597181797 2.2876436710 2.2498199940 2.2465856075 2.2676920891 2.2651717663 2.3104078770 2.3528826237 2.4033410549 1.8724591732 2.1887500286 2.1737012863 2.1836867332 2.2271761894 2.1561350822 2.1731142998 2.2770938873 2.2909042835 2.3879804611 2.4611630440 2.4359619617 2.4925725460 2.4603257179 2.4730489254 2.5074353218 2.4690523148 2.5121219158 2.4707717896 2.3936927319 2.4112441540 2.4096481800 2.4020035267 2.4107236862 2.3925879002 2.3611738682 2.3178315163 2.3209867477 2.3528668880 2.3797392845 2.3318960667 2.3202140331 2.3940234184 2.4161953926 2.4636800289
2.5766077042 2.5755937099 2.6145794392 2.5811693668 2.6016345024 2.5420596600 2.4060895443 2.4101097584 2.5777621269 2.3393023014 2.4992640018 2.5708081722 2.6413648129 2.6106491089 2.6355586052 2.6441309452 2.5934219360 2.6360874176 2.7817118168 2.8297371864 2.8153314590 2.9290049076 2.9453077316 2.9378890991 2.9743189812 3.0499217510 3.0727813244 3.0663442612 3.0782463551 2.9268805981 2.9085636139 2.9228365421 2.8763985634 2.8145182133 2.8402259350 2.8336589336 2.9057157040 9999.0000000000 9999.0000000000 2.8301074505 2.8400034904 2.8099877834 2.8665599823 2.8424184322 2.8670880795 2.8749983311 2.8323278427
2.9408981800 2.9319052696 2.9297323227 2.9131743908 2.9138729572 2.9193212986 2.9304513931 2.9394629002 2.9345729351 2.9323909283 2.9479277134 2.9473509789 2.9755949974 2.9945182800 3.0860853195 3.1143913269 3.1497902870 3.1874444485 3.2152776718 3.2507860661 3.3092122078 3.3330218792 3.3783893585 3.4365155697 3.4506361485 3.4659018517 3.4915709496 3.5016295910 3.4738478661 3.3786773682 3.3712894917 3.3256516457 3.3042995930 3.2956743240 3.2673382759 3.2442414761 9999.0000000000 9999.0000000000 3.2699346542 3.2698891163 3.2362108231 3.2408509254 3.2439093590 3.2614088058 3.2441170216 3.2525768280 3.2822172642
3.3028023243 3.2911181450 3.3224215508 3.3158476353 3.2977058887 3.3216333389 3.3084433079 3.3431441784 3.3649177551 3.3539006710 3.3913495541 3.4043159485 3.5124814510 3.5658400059 3.6036767960 3.6664974689 3.6699450016 3.7323946953 3.7935507298 3.7855935097 3.8536212444 3.8930013180 3.8995921612 3.9446187019 3.9432356358 3.9744367599 3.9503560066 3.8713490963 3.8779189587 3.8482947350 3.8523335457 3.8460366726 3.7818882465 3.7898795605 9999.0000000000 3.7427670956 3.7976388931 3.8211472034 3.7710249424 3.7704586983 3.7252192497 3.7424747944 3.6874690056 3.7115828991 3.7423911095 3.6867840290 3.7007749081
3.6618444920 3.6713259220 3.6525943279 3.6799912453 3.7021982670 3.6939187050 3.7682793140 3.8793830872 3.8520836830 3.9782207012 4.0415244102 4.0326590538 4.1505975723 4.3014960289 4.3090553284 4.3152413368 4.4322595596 4.4487795830 4.3717889786 4.5396394730 4.5381193161 4.4219470024 4.4930529594 4.4403519630 4.3813719749 4.4127111435 4.2398738861 4.2690672874 4.3517823219 4.2900223732 4.3273797035 4.3157820702 4.2842564583 4.2181615829 4.2789230347 4.2157220840 4.3611679077 4.3353896141 4.2179942131 4.2847280502 4.2825331688 4.2287983894 4.2859396935 4.1735744476 4.1706428528 4.2270345688 4.2766675949
4.1230030060 4.0776772499 4.1221909523 4.1295504570 4.1063246727 4.2341694832 4.3875970840 4.3338708878 4.4811005592 4.5858011246 4.6702322960 4.8900837898 4.9688520432 5.0204033852 5.1428184509 5.1959109306 5.1058850288 5.2188520432 5.2204241753 5.1281652451 5.1488304138 5.1355872154 4.9758858681 4.9974460602 5.0213885307 4.8831720352 4.8184599876 4.7936496735 4.7553563118 4.7713298798 4.8174333572 4.7400255203 4.7567019463 4.8196787834 4.7690386772 4.9187102318 4.9756722450 4.8228702545 4.9577631950 4.8140149117 4.7824172974 4.8662509918 4.8469967842 4.7848224640 4.9296255112 4.8883681297 4.8710389137
4.3683662415 4.3741445541 4.4135947227 4.3705377579 4.4147386551 4.5823931694 4.6878132820 4.8943548203 4.9668636322 5.1189112663 5.3699307442 5.4769468307 5.6301364899 5.9377622604 5.7671036720 5.7931747437 5.7934570312 5.7366700172 5.7642121315 5.7556266785 5.6628832817 5.5592646599 5.4618244171 5.3809919357 5.3558111191 5.3597888947 5.2008605003 5.1877331734 5.1503014565 5.1024208069 5.1750922203 5.2162322998 5.1896429062 5.2680377960 5.2758097649 5.3985514641 5.4029097557 5.4958825111 5.3870878220 5.3782286644 5.3566589355 5.2970719337 5.3125419617 5.3420372009 5.3663754463 5.3662347794 5.3987874985
4.6587705612 4.7503881454 4.7980198860 4.7980566025 4.7884440422 5.0130763054 4.9955396652 5.3558950424 5.6466574669 5.6886844635 5.9831008911 6.2657847404 6.3100442886 6.5196790695 6.3672919273 6.5640554428 6.5344357491 6.5046825409 6.4062528610 6.3316555023 6.2126073837 6.1044034958 6.0735297203 5.9971256256 5.8802175522 5.8667154312 5.7734909058 5.6943836212 5.6354274750 5.8007707596 5.6388874054 5.8292579651 5.7911696434 5.8918757439 5.9063835144 5.9634690285 5.8502988815 6.0876221657 6.0389652252 6.0195732117 6.0834212303 5.9966673851 6.0158805847 5.9696474075 6.0716686249 5.9934110641 5.8774471283
5.1272878647 5.1611709595 5.2244014740 5.2203450203 5.2665996552 5.4137244225 5.6613245010 5.8969144821 6.2639074326 6.5530209541 6.6919264793 6.7879576683 6.9369950294 7.1163983345 7.0613908768 7.1289768219 7.1380615234 6.9944138527 6.9638576508 6.7439775467 6.6862792969 6.6289892197 6.4226374626 6.3890175819 6.3492517471 6.3131299019 6.3302664757 6.2798113823 6.2573094368 6.3551287651 6.3150372505 6.3379836082 6.5079307556 6.4488949776 6.5742955208 6.5843691826 6.6466588974 6.7432551384 6.7902626991 6.8442974091 6.7792463303 6.7479619980 6.6779737473 6.5348639488 6.5985894203 6.6675419807 6.5325145721
5.5717520714 5.6421198845 5.5882425308 5.6490612030 5.8134455681 5.9290738106 6.2238435745 6.5122904778 6.7128400803 7.0437879562 7.1827421188 7.3437805176 7.5263175964 7.5208692551 7.5693054199 7.5159826279 7.3679599762 7.2789359093 7.2295131683 7.1120758057 6.8509578705 6.9445047379 6.7417359352 6.6572341919 6.7851605415 6.7783145905 6.8381805420 6.8629117012 6.8107914925 6.9793672562 7.0299630165 7.0790500641 7.0772085190 7.2271404266 7.2833652496 7.2161631584 7.3077569008 7.2997117043 7.3734526634 7.3641753197 7.3552675247 7.3665175438 7.3883643150 7.0583024025 6.9714746475 6.9629273415 6.8554096222
5.9858503342 5.9736299515 6.0190477371 6.2136659622 6.1933040619 6.5420556068 6.8185925484 6.8911094666 7.3474273682 7.6587290764 7.7024998665 7.9759783745 8.0412435532 7.9237623215 7.9863762856 7.7776150703 7.7371110916 7.8105621338 7.6381440163 7.2926554680 7.1498823166 7.0128183365 7.0974669456 7.1261339188 7.1877346039 7.2693853378 7.2329978943 7.1608314514 7.3512697220 7.4864788055 7.4669766426 7.6014342308 7.6365799904 7.7475590706 7.8492112160 7.7687873840 7.8434295654 7.9572491646 7.8480181694 7.8684892654 7.9598145485 7.8164753914 7.6977868080 7.6773147583 7.6331462860 7.7244005203 7.5035748482
6.7396774292 6.7868647575 6.6326441765 6.8573913574 6.9205784798 7.2486352921 7.7329525948 7.8437824249 8.2514123917 8.5134258270 8.5379838943 8.7319240570 8.5970039368 8.7226362228 8.5532674789 8.4084806442 8.3870887756 8.2243719101 8.1118469238 7.9743003845 7.8000593185 7.8567786217 7.6557359695 7.7963900566 7.8523993492 7.8566384315 7.8216304779 8.0066957474 7.9917955399 8.0027208328 8.1512756348 8.2178258896 8.3119888306 8.4354152679 8.4641304016 8.4791965485 8.5551834106 8.5302448273 8.5904121399 8.5331459045 8.4211921692 8.5002202988 8.2904663086 8.2525310516 8.2345943451 8.2102270126 8.1753063202
7.5558557510 7.5931386948 7.5248360634 7.6439151764 7.8236498833 8.1105833054 8.5386896133 8.8705081940 9.1937723160 9.6016588211 9.6384811401 9.7645263672 9.6620121002 9.6079607010 9.3594722748 9.3441505432 9.0886678696 8.9993457794 8.8595190048 8.8036079407 8.6464834213 8.5870313644 8.6802568436 8.5167226791 8.4735364914 8.6098394394 8.7718086243 8.8642063141 8.8640003204 8.8946352005 8.9707174301 8.9991559982 9.0640039444 9.1496448517 9.1367950439 9.2169256210 9.2051973343 9.2140989304 9.2853069305 9.1561632156 9.1342287064 9.1073122025 9.0193243027 8.7951021194 8.8741683960 8.6174087524 8.8708658218
8.4399166107 8.2995939255 8.3127670288 8.4461526871 8.5258102417 8.8387918472 9.4401998520 9.8863353729 10.2947139740 10.6882810593 10.8739175797 10.9606647491 10.7357006073 10.5940437317 10.4613361359 10.1450061798 10.0371351242 9.9365825653 9.8339500427 9.8793621063 9.6988506317 9.5935964584 9.6071281433 9.5622701645 9.5701246262 9.6535739899 9.8322229385 9.8249645233 9.8661870956 9.8018741608 9.7888851166 9.7402362823 9.8185739517 9.8686647415 9.8527326584 9.8160400391 9.8855361938 9.8783721924 9.8177156448 9.7927989960 9.5492601395 9.4460630417 9.5161342621 9.4313373566 9.3879013062 9.3335504532 9.3502464294
9.2594442368 9.2795705795 9.1776924133 9.3460350037 9.3166942596 9.7652654648 10.3434591293 10.8071794510 11.4253034592 11.5208539963 12.0585660934 11.8592844009 11.8468246460 11.7297639847 11.4808320999 11.2417678833 11.0265207291 11.0733966827 10.8194484711 10.8164281845 10.6657066345 10.6189985275 10.6468906403 10.8734989166 10.8716001511 10.7078914642 10.8892011642 10.7811861038 10.7869586945 10.7968330383 10.7983598709 10.7534723282 10.6067619324 10.6291971207 10.5804204941 10.6494798660 10.5279045105 10.5191707611 10.4772510529 10.4827423096 10.3012762070 10.1671028137 10.1629705429 10.1336460114 10.1562252045 10.1670179367 10.1269063950
10.2684879303 10.2192716599 10.1573801041 10.5414361954 10.5682544708 10.8495378494 11.4072322845 11.6934289932 12.4302186966 12.9080238342 13.2689514160 13.2658224106 13.0918092728 12.5742788315 12.5862398148 12.2058515549 12.0305414200 12.1173009872 11.8899412155 11.8819065094 11.6996011734 11.7109317780 11.8487997055 11.8631200790 11.9509563446 11.9685764313 11.9717292786 11.9516029358 11.9144315720 11.8733024597 11.7214431763 11.7047023773 11.6451168060 11.5581197739 11.3536939621 11.2858066559 11.3277282715 11.2640676498 11.1772260666 11.1454038620 11.1377563477 11.1687564850 11.0377101898 11.0670843124 10.9373340607 11.0180416107 10.9857454300
11.2467288971 11.2543582916 11.3138217926 11.1783485413 11.2359380722 11.7685518265 12.3205852509 13.0114316940 13.4501380920 13.8931589127 14.2838249207 14.0830984116 13.9920721054 13.7618608475 13.4187316895 13.1499500275 13.0527391434 13.0463199615 13.0106954575 12.9870119095 12.8117389679 12.8241872787 12.9401693344 13.0409688950 12.9751663208 12.8746452332 12.8270463943 12.7568244934 12.6778316498 12.5784397125 12.5598926544 12.5397567749 12.4382419586 12.1090450287 12.0497388840 11.9735956192 12.0050687790 12.0123615265 11.8819828033 11.8965206146 11.8168210983 11.7559108734 11.7407484055 11.7895526886 11.8667583466 11.8213481903 11.7582893372
12.1905822754 12.2341222763 11.8829240799 12.1834182739 12.2704105377 12.6078529358 13.2365951538 13.6527585983 14.5216016769 14.6395730972 15.2787532806 15.0241422653 14.9408435822 14.7482843399 14.4992418289 14.3300619125 14.2480611801 14.2320375443 14.1293344498 14.0491876602 14.2007713318 14.0975446701 14.2742891312 14.2781934738 14.0335750580 13.9535236359 13.6464385986 13.5777416229 13.4674692154 13.2685661316 13.0651674271 13.0644741058 13.1175985336 13.0937948227 12.9575700760 12.9347362518 12.7672395706 12.6949949265 12.6802759171 12.4873342514 12.4979553223 12.4047069550 12.5026750565 12.4743518829 12.4164247513 12.4461336136 12.3898315430
12.9081182480 13.2213087082 12.8113336563 12.8964309692 12.9400825500 13.3714981079 14.0443210602 14.5492277145 15.1888227463 15.5972003937 15.9542207718 15.9557924271 16.0815467834 15.8279237747 15.4799833298 15.5473747253 15.3904666901 15.2944374084 15.2954206467 15.6146831512 15.6032123566 15.5529804230 15.6724967957 15.5144033432 15.3177433014 15.0674066544 14.9775991440 14.5812664032 14.2442893982 14.3150835037 13.9734773636 14.0757837296 14.1880140305 14.1467771530 14.0755863190 14.0816297531 13.7985839844 13.8948345184 13.8688611984 13.6408252716 13.5452232361 13.3946065903 13.6186428070 13.5349578857 13.3981552124 13.2459182739 13.1297473907
14.1703615189 14.3777360916 14.1413469315 13.8872747421 14.1760797501 14.3547821045 15.2178411484 16.0851535797 16.1659221649 16.6194877625 17.1367359161 16.9290637970 16.8766288757 16.8709831238 16.8319721222 16.5008487701 16.6965923309 16.6055679321 16.7804203033 16.7738494873 16.8677177429 16.9560337067 16.7541465759 16.7059612274 16.4466266632 16.0880641937 15.8209028244 15.5730543137 15.4739017487 15.3147754669 15.2589654922 15.2535057068 15.4176931381 15.2648611069 15.1730241776 15.2145023346 15.0868701935 15.1023969650 15.1048727036 14.8309249878 14.7090559006 14.7305669785 14.7386980057 14.6519966125 14.5089159012 14.4288339615 14.3931446075
