model_inputs/inputs/rsds10.asc
ncols 720
nrows 360
xllcorner -180
yllcorner -90
cellsize 0.500000
NODATA_value 9999.000000
[rows 168 to 188 of 360, columns 188 to 234 of 720]
9999.0000000000 9999.0000000000 9999.0000000000 9999.0000000000 9999.0000000000 9999.0000000000 9999.0000000000 9999.0000000000 9999.0000000000 9999.0000000000 9999.0000000000 9999.0000000000 9999.0000000000 9999.0000000000 9999.0000000000 9999.0000000000 9999.0000000000 101.5525741577 92.4056930542 98.6879730225 116.7857284546 137.5129699707 165.8485260010 182.3393707275 193.6760559082 200.9105682373 202.8640441895 204.1290893555 197.8835449219 189.0541687012 179.0547332764 172.3743286133 167.6631622314 163.7546234131 162.6710510254 164.8318481445 170.6932983398 175.1266479492 183.9429779053 194.7036895752 204.5703582764 207.9984741211 207.2320251465 201.5514678955 197.9038696289 202.7567291260 211.8156280518
9999.0000000000 9999.0000000000 9999.0000000000 9999.0000000000 9999.0000000000 9999.0000000000 9999.0000000000 9999.0000000000 9999.0000000000 9999.0000000000 9999.0000000000 9999.0000000000 9999.0000000000 9999.0000000000 9999.0000000000 9999.0000000000 9999.0000000000 106.5117416382 94.1460037231 101.6343383789 122.8582000732 149.3110198975 173.4083251953 192.0428314209 204.0681915283 211.1818084717 210.6703948975 206.9378662109 196.7133178711 186.7311859131 177.0601959229 170.2119293213 166.5697326660 163.9953765869 162.9626922607 165.0480194092 168.5707092285 173.1162567139 184.0373229980 193.7533721924 203.9870300293 206.9761047363 204.7490539551 200.2399597168 196.2743225098 200.2835693359 211.8659362793
9999.0000000000 9999.0000000000 9999.0000000000 9999.0000000000 9999.0000000000 9999.0000000000 9999.0000000000 9999.0000000000 9999.0000000000 9999.0000000000 9999.0000000000 9999.0000000000 9999.0000000000 9999.0000000000 9999.0000000000 9999.0000000000 9999.0000000000 107.1019592285 98.5557785034 107.6380538940 131.7127380371 158.4948272705 178.6178741455 200.3170623779 211.5384521484 215.9367218018 213.0661010742 206.7264862061 195.2070770264 184.3487091064 174.1434326172 169.7973480225 166.6923522949 165.6550750732 165.6142730713 165.7274932861 169.0856018066 173.5754699707 183.2758331299 193.0871429443 201.2864837646 206.3488616943 204.7166137695 200.8562164307 196.6375427246 202.0687408447 208.5647430420
9999.0000000000 9999.0000000000 9999.0000000000 9999.0000000000 9999.0000000000 9999.0000000000 9999.0000000000 9999.0000000000 9999.0000000000 9999.0000000000 9999.0000000000 9999.0000000000 9999.0000000000 9999.0000000000 9999.0000000000 9999.0000000000 9999.0000000000 118.0085144043 111.5860671997 119.0142669678 142.1380157471 171.2197418213 188.1066894531 203.8369903564 208.0563507080 209.4614257812 206.1906585693 200.9356842041 192.0341339111 182.8724365234 176.3984375000 170.5388031006 168.0486297607 167.6116027832 167.3288269043 165.4888305664 166.9980468750 171.0708312988 180.5081481934 189.0633239746 199.4688568115 204.4412384033 205.2828674316 202.4660186768 201.4558715820 204.2304382324 209.9979553223
9999.0000000000 9999.0000000000 9999.0000000000 9999.0000000000 9999.0000000000 9999.0000000000 9999.0000000000 9999.0000000000 9999.0000000000 9999.0000000000 9999.0000000000 9999.0000000000 9999.0000000000 9999.0000000000 9999.0000000000 9999.0000000000 9999.0000000000 127.9695053101 124.9738311768 137.0479278564 155.5357208252 178.9196166992 192.9799346924 204.7775573730 204.5605316162 205.7114715576 199.2751464844 194.8295593262 190.4570159912 180.5236358643 178.0107727051 174.1868896484 171.0411682129 171.4132537842 171.0901794434 168.7468566895 168.8676452637 169.3845672607 176.3328857422 187.0244750977 195.5006866455 201.5910339355 205.9152526855 205.9150848389 206.4733581543 207.7886352539 210.1888732910
9999.0000000000 9999.0000000000 9999.0000000000 9999.0000000000 9999.0000000000 9999.0000000000 9999.0000000000 9999.0000000000 9999.0000000000 9999.0000000000 9999.0000000000 9999.0000000000 9999.0000000000 9999.0000000000 9999.0000000000 9999.0000000000 9999.0000000000 137.3446044922 142.8886108398 147.3230590820 169.0227813721 185.9959564209 199.7383117676 206.4843902588 201.8827514648 193.6420593262 189.4045410156 186.5480651855 183.2914428711 181.7549285889 180.4040069580 180.9515533447 180.1878356934 178.4170989990 174.7151794434 170.5614318848 168.4925079346 169.1156158447 176.2471313477 184.6026458740 193.1987762451 199.5849456787 204.7558746338 207.8035430908 208.1118927002 209.6578979492 210.2743835449
9999.0000000000 9999.0000000000 9999.0000000000 9999.0000000000 9999.0000000000 9999.0000000000 9999.0000000000 9999.0000000000 9999.0000000000 9999.0000000000 9999.0000000000 9999.0000000000 9999.0000000000 9999.0000000000 9999.0000000000 9999.0000000000 149.9632110596 148.3597869873 157.6353759766 163.4569396973 179.7088012695 191.6834411621 197.8388824463 203.3542327881 195.8564453125 189.7523651123 182.3610534668 182.2600860596 181.3272552490 182.2627563477 183.0589599609 181.5040740967 181.6720733643 179.2752227783 175.9407806396 171.8966217041 169.5836029053 168.5018005371 175.5081176758 183.1179962158 191.5015563965 198.9702301025 205.1339569092 207.9589996338 209.9241790771 210.4813537598 209.8426513672
9999.0000000000 9999.0000000000 9999.0000000000 9999.0000000000 9999.0000000000 9999.0000000000 9999.0000000000 9999.0000000000 9999.0000000000 9999.0000000000 9999.0000000000 9999.0000000000 9999.0000000000 9999.0000000000 125.1347961426 130.7304382324 143.8651123047 160.4500122070 166.5569152832 181.8635711670 189.0160675049 191.4955139160 195.0856018066 194.4191131592 192.2769927979 187.2930450439 181.9210205078 182.8155517578 182.3429260254 183.7378387451 184.4418334961 183.7011566162 181.5255279541 181.2886047363 177.5905303955 174.0920104980 172.2568664551 172.1851196289 177.6481018066 185.1385955811 192.9709625244 198.0984497070 203.7960052490 207.4838562012 209.6822052002 208.3891906738 209.5907135010
9999.0000000000 9999.0000000000 9999.0000000000 9999.0000000000 9999.0000000000 9999.0000000000 9999.0000000000 9999.0000000000 9999.0000000000 9999.0000000000 9999.0000000000 9999.0000000000 9999.0000000000 9999.0000000000 139.9311218262 121.7611846924 138.5260620117 163.0199432373 185.8316955566 199.5636901855 199.2621612549 198.9263763428 190.0434265137 188.5973663330 186.3883666992 186.1445617676 183.9066314697 184.1209564209 185.6947937012 185.9056243896 186.9069976807 185.7383575439 181.6384124756 180.9561004639 178.2554168701 177.3249664307 176.2719268799 176.0867309570 181.1895446777 186.7558593750 194.7124023438 199.1842803955 202.1167907715 204.9382019043 206.3768157959 206.0641174316 205.5174713135
9999.0000000000 9999.0000000000 9999.0000000000 9999.0000000000 9999.0000000000 9999.0000000000 9999.0000000000 9999.0000000000 9999.0000000000 9999.0000000000 9999.0000000000 9999.0000000000 187.6048583984 168.5960693359 118.5186843872 104.9852676392 132.6630096436 170.9428253174 193.6445312500 208.8563537598 204.0788574219 194.6108398438 185.5265655518 180.3819885254 182.2071075439 184.0519409180 185.8634338379 187.1547393799 187.5208892822 188.1434173584 188.1736450195 186.0572357178 184.4276428223 183.8245086670 180.0351867676 180.4529113770 180.5941619873 180.5709533691 184.8553161621 190.1751098633 195.6975555420 199.6464385986 202.0042114258 203.4456024170 203.4370880127 202.9098205566 203.6432342529
9999.0000000000 9999.0000000000 9999.0000000000 9999.0000000000 9999.0000000000 9999.0000000000 9999.0000000000 9999.0000000000 9999.0000000000 9999.0000000000 9999.0000000000 213.7986602783 195.4799652100 172.7299346924 128.2332916260 125.9640731812 152.4016723633 176.2229156494 196.9387054443 208.6148223877 202.0982971191 188.7230834961 181.6107940674 177.9657440186 181.1081848145 182.9131469727 186.6955108643 187.8746185303 188.9663543701 189.7419891357 190.3050842285 189.6061859131 189.6016082764 188.4398345947 186.5615081787 184.5012512207 184.4729003906 185.3469085693 188.2509155273 192.5154418945 196.2229461670 198.7761077881 200.8708190918 201.5514984131 201.1454162598 201.6864318848 201.4751281738
9999.0000000000 9999.0000000000 9999.0000000000 9999.0000000000 9999.0000000000 9999.0000000000 9999.0000000000 9999.0000000000 9999.0000000000 9999.0000000000 9999.0000000000 217.5851135254 207.0270538330 183.8709869385 159.6630554199 155.2396392822 170.1380920410 184.3107299805 207.6034851074 205.8753204346 195.7121887207 185.1773529053 178.3589019775 176.2465362549 179.9415435791 183.7171630859 187.7287902832 188.9959869385 189.8016967773 191.3884735107 192.3438720703 192.6739196777 192.5725860596 191.6793823242 191.0905456543 190.1285858154 189.1743164062 190.1412658691 191.5161132812 193.9195861816 197.1640014648 197.8555603027 200.0338745117 200.0288543701 200.0840301514 200.6741485596 200.3404693604
9999.0000000000 9999.0000000000 9999.0000000000 9999.0000000000 9999.0000000000 9999.0000000000 9999.0000000000 9999.0000000000 9999.0000000000 9999.0000000000 9999.0000000000 229.3705902100 226.9371185303 210.8714141846 194.1118621826 194.6341552734 194.0062255859 204.1212615967 201.7311401367 198.7364959717 189.5803985596 181.6310882568 176.5278778076 175.9598083496 179.9097595215 184.7128448486 188.4959716797 190.1835937500 191.6912841797 192.9632415771 193.2614898682 194.8645172119 195.3664093018 195.8144531250 194.5801239014 195.3111114502 195.0212707520 195.2188568115 196.3353881836 196.4445037842 197.3305969238 197.8983917236 198.9644165039 199.2945098877 199.1701202393 199.9179687500 199.9240264893
9999.0000000000 9999.0000000000 9999.0000000000 9999.0000000000 9999.0000000000 9999.0000000000 9999.0000000000 9999.0000000000 9999.0000000000 9999.0000000000 239.4588012695 237.7364501953 236.2191772461 233.9114532471 222.8439025879 218.6023864746 215.7735748291 208.7250671387 201.0159454346 192.5011138916 185.1662902832 179.3019409180 177.4280700684 177.2359924316 181.2993927002 185.6955108643 189.3980407715 191.2699432373 193.1184997559 194.3469085693 195.2665710449 196.1574859619 197.6564331055 197.6531524658 198.0406341553 197.3025512695 198.8053131104 199.4424285889 197.4160919189 198.1769256592 197.2819671631 198.1324157715 198.1537170410 198.8073272705 199.2155914307 199.7658538818 200.6795959473
9999.0000000000 9999.0000000000 9999.0000000000 9999.0000000000 9999.0000000000 9999.0000000000 9999.0000000000 9999.0000000000 9999.0000000000 9999.0000000000 245.4308471680 243.3171234131 245.9833831787 243.1347045898 236.9197845459 230.6549377441 220.6317291260 210.6142883301 201.2101593018 188.9113464355 183.5610046387 179.3644714355 177.8672332764 179.8274536133 182.9127655029 187.7887268066 191.9974212646 193.5641326904 195.1277770996 196.0911102295 197.3097686768 197.9778137207 199.0366363525 199.1530151367 199.9674377441 198.7626342773 200.0565795898 200.7543029785 199.8271331787 198.7725524902 198.6163177490 198.2593841553 198.4033966064 199.8205566406 200.7152404785 200.0637512207 201.0414276123
9999.0000000000 9999.0000000000 9999.0000000000 9999.0000000000 9999.0000000000 9999.0000000000 9999.0000000000 9999.0000000000 9999.0000000000 9999.0000000000 254.6148529053 248.2294769287 253.9911346436 250.8597412109 245.5843811035 233.6488800049 221.6958160400 211.4222259521 197.5838317871 188.2530212402 184.2494201660 182.4709777832 180.4496154785 183.0708007812 186.6827239990 190.3879241943 195.1559600830 196.1905059814 197.6068878174 198.4398498535 199.3516540527 199.9317626953 201.2858886719 201.2087707520 201.5184173584 200.4932098389 199.9391937256 201.3396606445 200.7914276123 199.9586181641 199.7791748047 198.9263000488 199.0805053711 201.1237182617 201.2954254150 202.1097869873 201.5331420898
9999.0000000000 9999.0000000000 9999.0000000000 9999.0000000000 9999.0000000000 9999.0000000000 9999.0000000000 9999.0000000000 9999.0000000000 269.0964050293 257.5357666016 255.5218963623 260.2583618164 256.0010375977 248.2185211182 235.9100646973 221.7905273438 208.0764160156 194.2770080566 186.0010375977 183.9655914307 183.1630859375 183.1834564209 186.7395172119 189.8814086914 193.3460083008 196.8172454834 198.2322540283 199.3520812988 199.0629272461 200.3082580566 202.2436065674 202.7722778320 202.5895385742 202.4214324951 201.3969268799 200.7910614014 200.0046386719 200.6335144043 201.9101409912 201.2732391357 200.5816345215 200.7128753662 199.6321411133 202.5539855957 202.5306243896 203.3579559326
9999.0000000000 9999.0000000000 9999.0000000000 9999.0000000000 9999.0000000000 9999.0000000000 9999.0000000000 9999.0000000000 9999.0000000000 9999.0000000000 264.6010437012 264.2239990234 265.7353210449 258.2427978516 247.3250579834 236.0035858154 219.3562927246 204.7553863525 193.0535583496 183.5883483887 183.7564697266 183.4574890137 186.2618255615 189.8153839111 192.3145904541 195.7218170166 198.6397247314 199.7857360840 200.0601196289 201.0303955078 201.8981628418 203.5101776123 203.2614746094 203.6881561279 203.3168945312 202.7229766846 202.8807220459 201.3746032715 202.3913879395 201.7329559326 201.7459259033 203.1131134033 202.9932250977 201.1619873047 203.4470672607 204.5106506348 203.6716308594
9999.0000000000 9999.0000000000 9999.0000000000 9999.0000000000 9999.0000000000 9999.0000000000 9999.0000000000 9999.0000000000 9999.0000000000 9999.0000000000 9999.0000000000 275.2506713867 271.6247253418 260.7246398926 250.1506958008 230.6379852295 217.0792083740 204.5514831543 189.9574584961 181.6803283691 182.8178405762 185.3224639893 187.2141571045 191.7462921143 194.2354888916 197.3381347656 200.1584014893 201.0411682129 201.6900787354 202.7739257812 203.6863403320 204.9505920410 205.0934448242 205.1486206055 204.8382110596 204.6529083252 204.5209197998 203.4450225830 204.6911468506 204.1649169922 203.6222381592 204.8611450195 204.6900634766 204.9362792969 204.9522247314 205.3430175781 205.2558593750
9999.0000000000 9999.0000000000 9999.0000000000 9999.0000000000 9999.0000000000 9999.0000000000 9999.0000000000 9999.0000000000 9999.0000000000 9999.0000000000 283.4318542480 282.1614685059 276.4284362793 263.7580566406 246.4076690674 228.7065582275 214.0886993408 203.0656890869 188.3961181641 182.0732116699 182.9810638428 186.2030792236 190.2246398926 193.0361938477 195.7042083740 199.0313110352 201.1563720703 201.7820129395 203.2952575684 204.9556121826 205.9764862061 205.6852722168 205.7292175293 206.4687500000 205.4466552734 206.0638275146 205.8439941406 205.5338439941 205.4718017578 205.5002593994 205.0825958252 205.5163116455 205.7883911133 206.0199127197 206.0111694336 205.7216033936 204.6027069092
9999.0000000000 9999.0000000000 9999.0000000000 9999.0000000000 9999.0000000000 9999.0000000000 9999.0000000000 9999.0000000000 9999.0000000000 287.4418029785 288.8280944824 286.9007873535 278.8323974609 264.7821655273 246.6952514648 227.7117156982 214.1616210938 201.2710266113 191.4203796387 185.4600677490 184.7238464355 187.9709167480 191.8066864014 195.1486816406 197.5580444336 199.2396240234 200.9127502441 202.0678253174 204.2632141113 205.3542327881 207.1149597168 207.4505004883 207.7637939453 206.3938140869 205.9923248291 206.0260772705 206.1614227295 205.5406646729 206.0376586914 206.6438598633 207.3682403564 206.7647552490 206.7864837646 206.8727722168 207.2579956055 206.7408752441 204.5679168701
