model_inputs/inputs/rsds9.asc
ncols 720
nrows 360
xllcorner -180
yllcorner -90
cellsize 0.500000
NODATA_value 9999.000000
[rows 42 to 62 of 360, columns 658 to 704 of 720]
70.8618545532 70.0471801758 69.7697219849 69.7948989868 69.8256988525 69.8148803711 69.6760177612 69.6547698975 68.8438949585 68.6926116943 69.0831985474 70.0775299072 69.9376449585 69.2529449463 69.6681594849 69.3996963501 69.3156127930 69.1055679321 69.1208953857 68.9416503906 68.6553344727 68.6501235962 68.9679794312 68.5083084106 68.4787063599 68.3744049072 68.1279144287 68.1856155396 68.0315399170 68.1524963379 68.2097473145 68.3859558105 68.9107131958 69.1729507446 68.7039794922 69.7111816406 69.6129913330 69.7298278809 69.8389968872 69.9242477417 69.4007949829 69.2298736572 68.6113052368 68.5929336548 68.3547210693 68.1929244995 68.5198669434
73.4306716919 73.2417602539 72.2451248169 71.9735717773 71.2881011963 72.2273178101 70.5282135010 70.4294662476 70.5226440430 70.6603622437 70.6189041138 70.1994476318 69.9086074829 70.2820968628 70.2487487793 69.7096099854 69.7455368042 69.5797119141 69.4688339233 69.1866302490 69.3837127686 69.3992156982 69.6447830200 69.9961166382 70.0879287720 69.7828292847 69.4073333740 69.1591110229 69.1150131226 68.7049713135 69.6348876953 69.8060989380 69.8406600952 70.3616790771 70.4189071655 70.4916381836 70.8307952881 70.7067108154 70.0735855103 71.0458908081 70.5125808716 70.9537963867 70.1302947998 70.4744338989 70.4309616089 69.6511611938 69.9981231689
75.0804061890 74.8992156982 74.0876617432 74.9710617065 73.3096084595 73.2203598022 72.4494857788 72.5742874146 72.3325958252 71.9927520752 71.6781005859 71.2748641968 71.1475982666 71.0333938599 70.7413406372 70.3923416138 70.5111465454 70.6985397339 70.9641647339 70.8014984131 70.9756546021 70.8001632690 70.5659027100 70.3558578491 71.1609039307 70.9307098389 71.0510864258 70.6422653198 70.1659774780 70.0496215820 70.4091110229 70.4798507690 70.3876953125 71.1019363403 72.1071319580 72.6410827637 73.3003692627 73.2830429077 73.0755081177 73.2175674438 72.1255722046 72.0280075073 72.6271972656 72.5397567749 72.6800460815 72.0233383179 72.2612457275
75.7682723999 74.8987350464 74.7689056396 74.9358673096 74.1261138916 74.0942993164 74.0650634766 73.9578933716 73.6999816895 73.4625396729 73.1353912354 73.1290740967 72.8999328613 72.5556793213 72.2507247925 72.0152587891 71.7349166870 71.7067794800 72.3752212524 71.7031555176 72.0796661377 71.7307739258 71.2390289307 71.8553771973 72.3621978760 72.2588043213 71.9025421143 71.7249526978 71.4668731689 71.5687637329 71.3909454346 71.3506393433 71.3120498657 71.6883926392 72.8150253296 73.2992095947 73.7984695435 74.0870132446 74.2897109985 73.8915939331 73.6233901978 73.7357864380 73.9068069458 74.2856292725 73.8209304810 73.9536361694 74.2424087524
77.7202606201 76.5917510986 75.9627304077 75.9645919800 75.7875823975 76.1603698730 76.4541473389 75.9251403809 75.3772659302 75.5080337524 75.3104019165 74.7688369751 74.4689941406 74.2489471436 74.0676803589 73.8449707031 73.6329421997 73.4247817993 73.5897674561 73.0244750977 73.0502395630 72.8118057251 72.2961730957 72.5035095215 72.2389144897 72.3555831909 72.5394821167 72.2705154419 71.9299621582 71.6428070068 71.7296371460 71.6490402222 71.7592773438 72.8282852173 73.6145401001 74.0028381348 74.5120239258 73.7988586426 74.5960922241 73.8588409424 74.0042190552 74.4902420044 74.8153991699 74.9317703247 74.8799743652 74.9500961304 75.1617431641
79.8807983398 79.7442703247 78.6520614624 78.0498962402 78.1163635254 77.7177581787 77.4605178833 77.7784347534 77.9416961670 78.0654907227 77.6153869629 77.4613952637 77.0751037598 76.6954345703 76.3625793457 76.4675827026 75.9788284302 75.8335647583 74.8811492920 75.7844009399 75.4178085327 75.3433761597 75.1950302124 74.7024536133 74.7364959717 73.9707870483 74.3006057739 74.3126144409 73.7048187256 74.0180892944 74.1977310181 73.7005233765 72.2255935669 73.0963287354 73.3318023682 73.9372100830 75.3570022583 74.7151260376 75.4568786621 75.1982116699 75.7574386597 76.1563796997 76.0934295654 76.3565368652 76.5786514282 76.7273864746 76.9659805298
83.6070404053 82.8637390137 81.8787536621 81.6576538086 80.6425094604 79.9313964844 79.9359283447 79.9283218384 80.0034179688 80.0303573608 79.6827468872 79.9014663696 79.7841262817 80.1570434570 79.8138809204 79.5302505493 79.1661758423 78.5410308838 78.0483245850 78.0688552856 77.7853698730 77.3839035034 77.0129165649 76.6864395142 75.6913986206 75.6351623535 75.6473922729 75.6396636963 75.8572769165 75.5113067627 75.8348846436 75.4283752441 75.0329360962 75.8415603638 75.8972320557 75.1645278931 75.0202865601 75.4726791382 75.7016296387 76.3106460571 76.0870971680 76.4755249023 77.2356643677 77.9372634888 77.5312805176 77.6478347778 77.4590301514
85.9258880615 85.2775726318 84.8958511353 83.7492523193 82.7224655151 82.5653915405 81.7840728760 81.8241271973 81.3121566772 80.3889770508 80.2449340820 81.1846694946 81.4394836426 82.0988006592 82.1916809082 81.6571731567 80.8852844238 80.3123703003 80.0245666504 79.9354553223 80.3624343872 79.6027984619 78.8214263916 78.2795867920 78.2501678467 76.6478576660 76.2567214966 76.6507110596 77.1422424316 77.3625640869 77.5854721069 77.6841354370 76.8249588013 76.8799667358 75.9449234009 76.2851638794 76.2768325806 76.6401748657 77.0823974609 76.8787078857 77.1432266235 77.3037338257 77.6736450195 79.2944793701 78.2789993286 77.9220733643 78.5938873291
88.6580886841 88.0637741089 87.1558914185 85.8131103516 85.1257629395 84.4292068481 84.3606185913 83.3898315430 83.4251937866 83.5149154663 83.5285186768 83.0184860229 83.0086669922 83.6308059692 83.4489517212 82.4578933716 82.6950073242 82.3919296265 82.0081024170 81.9978790283 81.5099563599 80.7179489136 80.5072708130 80.1728820801 78.6161575317 77.4919967651 76.7419815063 76.7151641846 77.0867233276 76.8790359497 77.3995132446 77.4210968018 77.1014404297 78.5605926514 78.5836334229 78.0485382080 78.2242507935 78.0740966797 79.0280303955 79.0972671509 78.8123779297 79.4912414551 79.7663497925 79.5782089233 78.6137313843 79.0796356201 79.8471908569
90.3662719727 89.5087661743 88.5690536499 87.8872680664 87.0147552490 86.0108489990 86.7012939453 86.3969345093 86.3762359619 85.7464065552 86.4283142090 86.1090393066 85.9069824219 85.7951354980 84.7575302124 84.8560638428 85.4025039673 84.7136459351 85.2240066528 84.4827804565 83.6099090576 82.9940872192 81.4596710205 80.8451995850 80.3850708008 79.4580383301 78.6153564453 78.5718078613 78.2697219849 78.5260925293 79.4421081543 79.2197418213 79.1902084351 80.0409317017 80.4346771240 80.8168258667 80.6023101807 81.0057678223 81.0896148682 80.4376678467 80.8425292969 80.6051635742 80.0542449951 81.3021011353 80.9011154175 80.8252182007 81.2158966064
90.5709152222 89.9058761597 89.7135162354 88.6546859741 88.3770828247 88.1747817993 88.6850891113 88.6001129150 88.2206954956 88.1189117432 87.4408569336 87.3607177734 87.5413513184 87.3349533081 87.0806808472 86.2419281006 86.3968429565 86.2398071289 85.8832931519 84.3251571655 83.5072555542 82.5398712158 82.5606689453 82.0043182373 81.7997894287 82.0862350464 82.4317321777 81.6447601318 81.5224380493 81.3054504395 82.1551589966 81.5888748169 81.8453445435 81.8226013184 81.8330459595 81.5441284180 81.5730667114 81.7978363037 81.4090652466 81.3365249634 81.2630920410 81.2226867676 81.1209564209 81.0955734253 80.4456939697 80.2633895874 79.9298248291
91.1396331787 90.4973678589 90.0547714233 89.9272689819 89.7280883789 90.3443450928 89.8625030518 89.6422424316 89.8607101440 89.1850585938 89.2445678711 89.0675430298 89.3938903809 89.3451538086 89.0050888062 88.4953994751 89.1323318481 89.0437316895 87.3608322144 85.5119400024 84.3369140625 84.9893951416 84.2189712524 83.5832672119 83.6507034302 83.3382034302 83.0140762329 82.6095352173 82.8355255127 82.1671295166 82.4644470215 82.1917724609 82.6282043457 82.8366241455 82.9171829224 82.5358352661 82.2382278442 82.3834609985 82.8095397949 82.5390167236 82.0689315796 82.0525512695 82.0399703979 81.0933914185 81.0333480835 79.8757476807 79.6891021729
91.6985397339 90.5059356689 90.7453918457 91.0018463135 90.7523117065 91.4949340820 91.3447265625 90.9179153442 91.0950775146 90.7406539917 91.1260223389 91.1307449341 91.3630371094 91.3679428101 91.2074737549 91.7955169678 91.5432815552 91.7300720215 90.3707199097 89.0027084351 88.9069747925 87.6705245972 86.8445129395 86.4378814697 86.3462600708 86.1567840576 85.6092224121 84.3941268921 84.0332717896 83.9145507812 83.3749084473 83.5369415283 83.6490936279 83.4311370850 83.3198623657 83.5048217773 83.4199676514 83.2006988525 83.1001205444 83.1401443481 83.0026473999 82.3949279785 82.3010330200 82.5882720947 82.1543655396 81.6020736694 81.0598907471
92.7071304321 92.1117553711 92.0478973389 92.2357482910 93.2912902832 93.1444625854 92.3064956665 92.5350570679 92.6455688477 92.9596862793 93.4345092773 93.4248275757 93.7068634033 95.0153045654 95.1531219482 94.6853332520 94.7121582031 94.3142166138 93.9476852417 93.4305343628 93.0294418335 92.9653244019 91.7369689941 90.9194946289 90.6066055298 89.9682998657 89.4056930542 88.5414123535 86.5176696777 9999.0000000000 85.5270843506 85.2433090210 85.2208175659 85.1560134888 85.0907211304 84.8334197998 84.5663757324 84.8507080078 84.2975387573 84.6813354492 84.5373153687 83.9921493530 83.9352340698 83.1523590088 82.5734024048 82.7255935669 82.1258621216
94.2729034424 93.8608398438 93.4184417725 93.2333831787 93.8784637451 93.7884674072 93.6500244141 93.7760086060 93.9174728394 94.5848159790 95.1953048706 96.7054672241 96.6907119751 97.8031997681 98.5937881470 98.1157836914 98.2240447998 97.7241287231 98.6305007935 98.8094024658 98.2283248901 97.7794952393 97.5818328857 96.9982757568 96.2609252930 95.2132339478 93.7760009766 92.0438766479 90.6586074829 88.3883056641 87.7359466553 87.1293640137 86.1501998901 85.8694915771 85.8372650146 85.6051025391 86.2402496338 86.2997283936 86.0017776489 86.0957183838 85.9426269531 84.6673965454 83.9158554077 83.7327499390 83.8368682861 84.8554306030 85.7827377319
95.7536239624 95.9706954956 96.0617828369 96.0331268311 96.8511886597 96.0587615967 96.0745391846 96.9309616089 96.4186706543 97.3563919067 97.0027160645 98.1348495483 99.3386993408 99.2166442871 100.7705459595 101.0811080933 9999.0000000000 9999.0000000000 9999.0000000000 9999.0000000000 9999.0000000000 99.4596099854 98.8176574707 97.6593170166 97.8534545898 97.1512222290 96.0218200684 9999.0000000000 9999.0000000000 91.5908203125 89.9089660645 89.1971359253 88.1473770142 87.5493698120 87.2185287476 87.1603012085 86.8204498291 86.9309005737 86.4330062866 86.4473648071 86.1475601196 86.3288269043 85.4719467163 85.5699996948 85.9808044434 86.9939346313 86.9649353027
97.6298294067 97.0669097900 97.5816497803 98.2063751221 98.4117736816 98.1869430542 97.7617645264 98.0164566040 97.9615097046 98.5525665283 98.9904098511 101.0215530396 101.0328445435 102.6314773560 9999.0000000000 9999.0000000000 9999.0000000000 9999.0000000000 9999.0000000000 9999.0000000000 9999.0000000000 101.2463150024 100.1800384521 100.2144927979 97.9188156128 9999.0000000000 9999.0000000000 96.1275177002 95.0382232666 93.9321212769 92.5201797485 91.6762847900 90.6040420532 90.7267990112 90.9736938477 90.8905181885 89.9200515747 88.6903915405 89.0297470093 88.5205001831 88.9926147461 88.9902191162 89.2380447388 88.0755004883 88.0298690796 88.1614532471 88.1433181763
100.5721817017 99.9839019775 98.8448104858 99.9722824097 99.1515655518 99.4763641357 99.7697601318 99.4156188965 100.6331939697 101.5064468384 103.4904403687 103.6579055786 103.7081680298 9999.0000000000 9999.0000000000 9999.0000000000 9999.0000000000 9999.0000000000 9999.0000000000 9999.0000000000 9999.0000000000 9999.0000000000 9999.0000000000 9999.0000000000 9999.0000000000 99.7349624634 98.8106689453 97.7648162842 97.3695526123 96.5939407349 95.9294281006 94.1630630493 93.6204681396 92.9992141724 92.6153335571 91.9011688232 93.5428314209 92.7002410889 9999.0000000000 9999.0000000000 92.4061050415 93.5350341797 94.7491683960 93.7528076172 9999.0000000000 9999.0000000000 9999.0000000000
100.7259445190 100.5553359985 100.5556640625 100.4464569092 101.2913436890 101.8739624023 102.1354217529 102.5455474854 102.7708740234 103.7648162842 104.4193878174 9999.0000000000 9999.0000000000 9999.0000000000 9999.0000000000 9999.0000000000 9999.0000000000 9999.0000000000 9999.0000000000 9999.0000000000 9999.0000000000 9999.0000000000 9999.0000000000 101.6065139771 101.1491317749 100.6513748169 99.5309906006 97.7283020020 97.4401550293 97.3544082642 96.8740081787 96.0823974609 95.3130035400 9999.0000000000 95.8642196655 9999.0000000000 9999.0000000000 9999.0000000000 9999.0000000000 9999.0000000000 9999.0000000000 9999.0000000000 97.7738952637 9999.0000000000 9999.0000000000 9999.0000000000 9999.0000000000
103.1204757690 9999.0000000000 9999.0000000000 104.5932312012 104.7863311768 104.9471206665 104.5842895508 104.2364349365 103.7277984619 104.7658920288 105.6458511353 106.0385055542 106.5610961914 9999.0000000000 9999.0000000000 9999.0000000000 9999.0000000000 9999.0000000000 9999.0000000000 9999.0000000000 9999.0000000000 104.5073699951 104.0283508301 103.3304672241 102.4962692261 100.8602981567 99.1010055542 98.9687347412 99.2643127441 9999.0000000000 98.6036224365 98.1615753174 9999.0000000000 9999.0000000000 9999.0000000000 9999.0000000000 9999.0000000000 9999.0000000000 9999.0000000000 9999.0000000000 9999.0000000000 9999.0000000000 9999.0000000000 9999.0000000000 9999.0000000000 9999.0000000000 9999.0000000000
9999.0000000000 9999.0000000000 9999.0000000000 9999.0000000000 107.1345825195 106.2527084351 105.5648574829 105.2181701660 9999.0000000000 9999.0000000000 9999.0000000000 9999.0000000000 9999.0000000000 9999.0000000000 9999.0000000000 9999.0000000000 9999.0000000000 9999.0000000000 9999.0000000000 9999.0000000000 105.3788604736 105.3864364624 104.6450958252 103.3030471802 101.4231414795 100.5325927734 100.9267120361 100.5241699219 9999.0000000000 100.4523468018 100.5688858032 100.0283279419 9999.0000000000 9999.0000000000 9999.0000000000 9999.0000000000 9999.0000000000 9999.0000000000 9999.0000000000 9999.0000000000 9999.0000000000 9999.0000000000 9999.0000000000 9999.0000000000 9999.0000000000 9999.0000000000 9999.0000000000
