model_inputs/inputs/rsds2.asc
ncols 720
nrows 360
xllcorner -180
yllcorner -90
cellsize 0.500000
NODATA_value 9999.000000
[rows 210 to 230 of 360, columns 611 to 657 of 720]
218.4058990479 218.5627288818 223.1177368164 228.9548797607 233.3946533203 237.1077575684 236.6761932373 233.9614562988 231.9381408691 230.5766601562 230.0997314453 231.3322601318 229.5585784912 229.1208038330 229.1799468994 227.6972503662 227.7204895020 226.6927337646 224.6413421631 223.7773437500 225.6283569336 227.5012512207 9999.0000000000 9999.0000000000 9999.0000000000 9999.0000000000 9999.0000000000 9999.0000000000 9999.0000000000 9999.0000000000 9999.0000000000 9999.0000000000 218.3669128418 217.1129760742 212.6687011719 207.5284729004 207.8782806396 209.4317016602 214.1227416992 222.3320770264 9999.0000000000 9999.0000000000 9999.0000000000 9999.0000000000 9999.0000000000 9999.0000000000 9999.0000000000
220.0094757080 217.9164123535 223.3535919189 232.3114776611 235.4585876465 238.4419250488 237.6531219482 237.6992645264 234.7884063721 235.6966705322 235.4645690918 236.1133575439 236.9323272705 235.3399200439 233.2477569580 232.4538726807 231.3931274414 231.1767425537 229.7539367676 228.1582489014 229.4859313965 230.3126678467 231.7018280029 232.4198760986 9999.0000000000 9999.0000000000 9999.0000000000 9999.0000000000 9999.0000000000 9999.0000000000 9999.0000000000 225.0411071777 223.7255096436 219.0854797363 216.1317443848 210.3164215088 209.2763977051 206.9423065186 214.1518554688 219.6016845703 237.4718170166 9999.0000000000 9999.0000000000 9999.0000000000 9999.0000000000 9999.0000000000 9999.0000000000
225.3255004883 224.2006683350 231.2850952148 235.5183410645 238.9485626221 241.6230926514 240.5567779541 240.2616119385 239.2940063477 239.9211578369 240.2600097656 240.5270843506 241.8607330322 242.8854675293 241.1062927246 239.7900848389 238.7049102783 237.7629089355 236.2080230713 234.2009429932 234.3556671143 234.5997009277 234.5477905273 235.5164489746 234.0477294922 243.5417785645 9999.0000000000 232.8339538574 231.8471832275 9999.0000000000 9999.0000000000 231.6800994873 229.7215881348 224.7039184570 218.6108093262 215.3888549805 211.8223876953 212.0375823975 214.3554382324 221.4009246826 238.0585937500 9999.0000000000 9999.0000000000 9999.0000000000 9999.0000000000 9999.0000000000 9999.0000000000
236.2651672363 236.7073516846 238.3441772461 241.5298767090 244.0610198975 246.6241302490 245.1170654297 243.4721069336 242.6439208984 243.6982879639 244.7134704590 245.3017425537 246.8774108887 246.2424926758 245.0110473633 245.1084136963 246.1753845215 243.3882141113 243.3494262695 241.7051239014 241.3757171631 240.3683471680 240.7442016602 237.9545288086 235.4644927979 233.9044952393 232.7396850586 231.1896667480 231.3284301758 9999.0000000000 9999.0000000000 232.6464691162 231.8626098633 229.3266448975 225.7092285156 221.6958007812 219.2377319336 218.5323486328 223.4424285889 226.9527893066 233.9564819336 245.1976776123 9999.0000000000 9999.0000000000 9999.0000000000 9999.0000000000 9999.0000000000
245.7940368652 244.9586181641 247.2201385498 250.0019226074 249.2639770508 247.9275817871 247.8074188232 247.2295837402 247.4865264893 247.8737792969 249.3090057373 251.0283508301 251.6278228760 252.4501953125 251.9277191162 253.0579223633 252.7887573242 251.6835174561 250.4958190918 249.8751220703 248.5260162354 245.5986938477 244.3074188232 241.3815460205 239.5751037598 236.0229187012 235.0393524170 231.9758758545 232.9758605957 9999.0000000000 233.0669708252 232.7374725342 232.0908203125 230.8548431396 228.5752258301 228.5078125000 228.6767425537 228.1641845703 227.2009124756 231.8248291016 233.8158569336 233.4362335205 9999.0000000000 9999.0000000000 9999.0000000000 9999.0000000000 9999.0000000000
254.1593475342 254.2276153564 252.9492340088 253.4884338379 252.6376953125 251.9826049805 251.9233245850 251.7290191650 251.6891326904 251.7536621094 254.3149871826 254.9309082031 255.5596771240 257.0009765625 257.3095703125 257.9305419922 257.4326782227 257.2608337402 256.8876647949 255.4913482666 253.6980285645 251.9406127930 250.1148834229 247.3718414307 244.2947845459 241.2050323486 235.8591156006 233.7148284912 232.9608764648 232.9162750244 235.3144989014 234.5283813477 235.0573577881 234.6393585205 234.6154632568 234.8583374023 233.5814514160 234.7753906250 232.9600372314 232.3313598633 233.3847198486 232.2788085938 9999.0000000000 9999.0000000000 9999.0000000000 9999.0000000000 9999.0000000000
259.5332946777 259.4437561035 259.2380065918 258.1647338867 257.8201904297 256.7667846680 256.6672973633 255.8984680176 255.5511016846 257.0306701660 258.0484924316 259.3970947266 260.4493103027 261.4959716797 262.3512878418 262.1657104492 262.8510437012 262.0934753418 261.7853393555 261.5007324219 260.1813049316 257.9947509766 256.3085327148 253.6871032715 249.2033996582 245.9650878906 243.2454528809 240.2689056396 239.0775909424 239.2079925537 240.2850952148 239.0322265625 239.8907318115 240.6459045410 240.0625000000 239.2904052734 239.1022796631 238.6167297363 235.8233032227 232.8051147461 231.8301696777 228.4347229004 9999.0000000000 9999.0000000000 9999.0000000000 9999.0000000000 9999.0000000000
262.2249145508 262.6574401855 263.1769409180 263.1678161621 262.4373168945 261.1309814453 260.0445861816 260.1866455078 260.7366333008 261.7226867676 263.3576965332 263.2585754395 264.0418090820 265.2888183594 266.7436828613 267.2875976562 266.9731750488 267.1586303711 266.6366577148 265.7643432617 264.7828369141 263.1717529297 261.6113891602 259.6723937988 255.8671112061 252.9726409912 251.1970367432 249.2288208008 247.4699401855 246.9333953857 247.3104095459 245.1929931641 245.7611846924 247.1495361328 245.5535430908 244.9953308105 243.0925750732 242.9658203125 240.3921508789 234.4797058105 229.4907836914 226.8548889160 228.7138824463 9999.0000000000 9999.0000000000 9999.0000000000 9999.0000000000
267.1193542480 266.9383544922 266.7107849121 266.6604003906 266.6109313965 266.2592163086 265.8596801758 264.1462402344 265.1500244141 265.4565734863 265.4863891602 266.7014160156 268.0172119141 269.3070983887 269.3282165527 269.9038391113 270.2364196777 270.5091247559 270.5929565430 270.2748413086 269.0152282715 267.0827636719 266.6402893066 264.8096008301 262.1165771484 260.3396911621 258.1954040527 255.3128509521 254.1281585693 254.6391906738 253.2541046143 252.3134460449 252.5526275635 252.4698638916 251.7075958252 251.6357574463 249.5587768555 248.1924285889 244.7319488525 237.3115234375 230.5607910156 227.3209228516 228.8896636963 233.9122161865 240.0803222656 9999.0000000000 9999.0000000000
270.2140808105 270.0600585938 269.7391967773 269.7125244141 269.3563232422 268.3586120605 268.6183166504 267.8781738281 268.4555969238 268.5841674805 268.5577087402 269.4309387207 270.2515869141 271.6755371094 271.7591247559 271.8719787598 272.1410522461 271.8699645996 271.5995483398 271.1954345703 270.9417114258 270.1359252930 269.8822937012 268.5101623535 266.6374511719 264.0118408203 262.0676269531 260.4402770996 259.5263977051 259.4601745605 258.8413085938 258.1226501465 258.0094909668 257.6757812500 257.3008117676 256.7272644043 255.5959930420 253.2270050049 249.1367645264 243.7177429199 236.9722442627 231.2528533936 232.3247222900 236.1847686768 242.3103332520 242.5279541016 259.7142333984
271.4298400879 271.5628662109 272.2499084473 272.1687927246 272.0444641113 272.8752441406 271.5025634766 272.8861999512 272.5787658691 271.5252075195 271.9756469727 271.7095947266 271.9570007324 272.8056030273 274.2969360352 274.1824035645 273.5315856934 274.0970153809 274.6162109375 273.7085876465 273.4779357910 273.6338806152 272.5912475586 271.6900329590 270.4850463867 267.6307983398 266.3087768555 264.7335510254 263.7626037598 262.7782287598 263.9684448242 263.4480285645 263.0566711426 261.7132568359 261.8339233398 261.1239318848 261.5225219727 259.2917480469 255.5816345215 250.5319824219 245.8849487305 240.8858032227 238.3657531738 239.0661926270 240.2276763916 243.7671203613 243.4692993164
272.5930175781 273.0179443359 273.4484252930 273.7424011230 274.1603088379 274.4217834473 276.1589050293 276.4463806152 277.0518188477 275.7608642578 273.7369995117 273.1051330566 273.4300231934 273.8668823242 274.8329467773 275.2653198242 276.1629943848 275.9507141113 275.5373535156 276.0661926270 276.3334350586 276.0764770508 276.3099975586 274.7959899902 274.0972290039 272.4630126953 271.0864868164 269.9882202148 268.2869567871 268.9727783203 267.8628845215 267.5539245605 267.8233947754 266.2470397949 267.2689819336 266.2586059570 266.1573791504 265.6966552734 262.6327514648 260.3052978516 254.3441772461 248.6482696533 245.2122192383 244.7557983398 243.1448059082 240.5366668701 243.6653289795
275.1626892090 274.7459411621 274.8516235352 275.5915222168 275.7940368652 277.2788085938 279.0184936523 279.6467285156 279.5039672852 279.4865417480 276.6292114258 275.7272338867 275.0666503906 275.5166320801 276.3297729492 278.4185180664 278.5045166016 278.3176269531 278.0330810547 278.7508850098 278.8411254883 279.1364746094 278.8532714844 278.7289733887 277.6466369629 277.3066711426 276.4148864746 274.8465576172 273.6390075684 273.3959350586 272.0193176270 271.8076477051 272.1783142090 271.8551635742 271.2888183594 271.1909790039 269.8469543457 269.8629760742 267.2539062500 264.3283081055 260.6712341309 256.9626464844 251.9456481934 246.9643707275 242.5822906494 241.1233673096 240.2352752686
276.2722473145 276.5028686523 276.6344604492 276.7754211426 277.6058959961 278.6611022949 280.0826416016 281.7198486328 281.7891845703 280.3922119141 277.8811645508 277.2478332520 276.4795227051 277.1540527344 278.1903076172 279.1887817383 280.0195617676 280.2861938477 280.7182312012 280.6125488281 281.0225830078 281.5126342773 281.4937133789 281.4462280273 281.4937438965 280.5106811523 279.1557312012 278.6593627930 277.7286376953 276.4959106445 276.1572570801 276.2258300781 275.3447875977 274.5055847168 274.0060119629 272.4922790527 272.7153930664 272.0828857422 270.1455993652 266.7682189941 263.4845886230 259.7984924316 255.3697967529 249.8924407959 245.6971130371 243.5613708496 241.8571777344
277.5087585449 277.0888671875 277.8189392090 278.3175354004 279.6690979004 280.3582458496 281.5612182617 282.8876037598 282.2192382812 281.0670776367 279.7921752930 279.2049255371 279.4285278320 279.6551208496 279.9596557617 280.1192932129 280.8327026367 281.6003417969 282.3156127930 282.3726196289 283.8272705078 283.7410278320 283.9083251953 284.5663146973 284.5061950684 284.7698669434 284.0781860352 283.1629638672 283.4685668945 281.6108703613 280.3978881836 279.5617065430 278.9520568848 276.8186035156 275.8179931641 275.2345886230 273.7728881836 273.0957641602 271.7340393066 268.8245239258 265.5964965820 262.6900024414 257.6815795898 254.8263702393 249.9514465332 246.2159576416 243.3339843750
278.3205566406 278.1222229004 279.1679077148 280.0942077637 281.4704895020 282.1279296875 282.7054443359 282.5709838867 282.4613342285 281.7911987305 281.1908874512 280.6212768555 281.3602294922 281.4799804688 282.0231933594 282.4132080078 282.8782348633 284.0902099609 284.5368041992 285.1737060547 285.3174438477 286.3338012695 287.0038452148 287.3656616211 287.4623413086 287.6846923828 288.2163391113 287.6635742188 286.9334106445 285.1156005859 283.1829528809 282.3581237793 280.8439025879 279.5228271484 277.4942321777 276.9054565430 275.4177856445 274.6598510742 272.6769104004 270.2859497070 266.1792602539 263.5310058594 262.6041259766 256.8746337891 253.2826232910 250.5816955566 247.5515899658
277.9396362305 278.6129150391 279.7216491699 281.3887634277 283.0220947266 283.2621765137 283.2864379883 283.6235961914 282.7304382324 282.7607421875 282.4996032715 282.7502441406 283.2261352539 283.5989990234 284.4130859375 284.9797668457 284.9226074219 285.7775268555 285.9181518555 287.1016540527 287.9313049316 288.9523010254 290.1793212891 290.0805664062 290.9989318848 290.8762207031 290.7691955566 290.2721862793 289.2169799805 287.9986267090 285.6956787109 283.8145141602 281.9148559570 279.3588562012 279.0688781738 277.1173095703 275.5621337891 274.9596252441 273.0017395020 271.0992126465 267.2252807617 264.3850708008 263.0565185547 259.5006103516 256.9573059082 253.4513092041 249.5531921387
277.1025695801 278.2071838379 279.6849670410 281.6614379883 283.3883361816 283.7298583984 283.7901306152 283.6606140137 283.7220153809 283.1474609375 284.0093383789 284.6941223145 285.5515747070 286.6394348145 286.9299316406 287.0484924316 288.0578918457 288.2804870605 288.5689086914 290.0913696289 290.8765258789 291.0364990234 291.5734558105 291.8432312012 292.3773803711 291.8921813965 292.0210876465 290.8831176758 290.7557983398 289.2899475098 287.0020141602 284.3583679199 282.4606018066 280.5257568359 279.0075073242 277.5699462891 276.3641662598 274.6746215820 272.8699951172 271.2519226074 268.7333374023 267.0694580078 264.5753479004 260.1386413574 256.6824035645 253.9360351562 251.7314453125
276.4333190918 278.0277709961 279.6888732910 281.9118041992 283.5395812988 284.1696472168 284.4055175781 284.2729187012 284.4668579102 284.9733581543 285.8164978027 286.3184204102 287.7844238281 289.0358886719 289.8065795898 290.1132507324 290.5018615723 291.5513000488 292.0204467773 292.5186767578 292.5099792480 293.3933715820 294.0129394531 293.7074279785 293.8184814453 293.3515625000 292.9128112793 292.3205261230 290.9185485840 289.5987854004 288.1798706055 285.4049987793 282.9561767578 281.1881103516 278.9447326660 277.9671325684 276.2427978516 275.6239929199 273.6905822754 271.7317504883 269.8018188477 268.4313049316 265.8609313965 260.9838256836 256.6079711914 254.1767272949 251.3436431885
276.6616210938 278.5631408691 280.4520568848 283.0797424316 284.4231262207 285.3747558594 284.9014892578 285.0997314453 285.9842834473 286.4475097656 287.4582824707 289.0713806152 290.3760070801 291.4769897461 292.2564392090 293.1067504883 293.5181274414 294.7811584473 294.7932128906 294.7012939453 294.4059448242 294.9275512695 295.6782836914 294.8262329102 294.7590332031 294.9749755859 294.9541931152 293.9469299316 291.8954467773 290.4117126465 288.0602111816 285.6112670898 283.4115905762 281.2213134766 279.6602783203 277.6713867188 276.1767578125 276.0794372559 274.7374877930 273.5044555664 271.4166259766 270.4830017090 266.2143249512 261.9218444824 259.3248901367 253.7028350830 253.2536926270
277.5219726562 279.3633117676 281.8921203613 283.8848876953 286.2811279297 286.0373535156 286.2664794922 286.9080505371 286.7606201172 287.5474548340 289.0067138672 290.7784118652 292.1975402832 293.6690368652 295.0646057129 295.2618408203 296.3128356934 296.7506713867 297.3174438477 297.7166748047 298.1262817383 296.9411315918 296.7502746582 296.0347290039 295.8662719727 296.0155029297 295.8582153320 294.9580993652 293.2650756836 291.2521362305 289.0098571777 286.9064941406 284.6356811523 282.5364685059 280.9601135254 279.1656494141 277.5651855469 275.9365844727 274.5725402832 273.3146972656 272.7785339355 271.0754699707 267.9140625000 263.0385742188 260.0233764648 256.8352355957 256.1102600098
