model_inputs/inputs/rsds9.asc
ncols 720
nrows 360
xllcorner -180
yllcorner -90
cellsize 0.500000
NODATA_value 9999.000000
[rows 189 to 209 of 360, columns 376 to 422 of 720]
9999.0000000000 9999.0000000000 9999.0000000000 9999.0000000000 9999.0000000000 9999.0000000000 9999.0000000000 211.3094024658 212.5701446533 211.5898742676 204.9838562012 203.0043182373 204.4836578369 207.1390075684 209.0771026611 210.9418029785 211.2062377930 205.7476654053 199.2625885010 196.7901458740 190.6389770508 185.1119232178 184.0026855469 185.7447662354 188.3459167480 190.3087615967 191.7464294434 194.2701110840 196.0576782227 197.8030395508 200.4688110352 203.0981903076 206.7078094482 207.2546691895 209.6829223633 212.0501861572 214.0885162354 219.1728668213 225.1250762939 231.9184570312 238.6824493408 245.7346649170 254.7090911865 257.2937011719 262.5400085449 266.8327331543 269.1148071289
9999.0000000000 9999.0000000000 9999.0000000000 9999.0000000000 9999.0000000000 9999.0000000000 9999.0000000000 9999.0000000000 212.6363830566 214.6652069092 209.2360687256 206.6319885254 209.9258422852 211.7081451416 214.2235107422 213.6128692627 213.1111907959 209.9300231934 202.7517852783 200.0641937256 197.3852996826 194.0378875732 191.8327636719 192.3162078857 194.2161254883 194.1622467041 196.0917510986 198.0265350342 201.0359191895 203.2544403076 205.8445281982 209.8528747559 211.3119354248 214.4769287109 216.4373474121 218.4177093506 220.8348541260 225.6132354736 230.5018310547 233.4363555908 237.9286346436 247.7972869873 257.3295288086 263.9491882324 268.4319152832 274.2397460938 275.8652648926
9999.0000000000 9999.0000000000 9999.0000000000 9999.0000000000 9999.0000000000 9999.0000000000 9999.0000000000 9999.0000000000 215.9794464111 217.8789672852 212.3952026367 210.2538909912 213.3711547852 216.3336486816 217.7171020508 215.9015655518 214.0977020264 210.9468994141 206.3877563477 203.3259277344 201.3636169434 200.9948272705 198.7914886475 197.3223571777 197.3052215576 198.2026977539 199.2748413086 200.9124755859 205.0253295898 208.2308502197 211.5765991211 214.1734161377 217.0058288574 219.7085113525 222.2102661133 224.2550201416 225.6105346680 227.6933898926 229.9387359619 232.2117919922 237.3803253174 247.8159179688 258.5185852051 267.8004455566 276.8836364746 280.7161254883 281.2738647461
9999.0000000000 9999.0000000000 9999.0000000000 9999.0000000000 9999.0000000000 9999.0000000000 9999.0000000000 9999.0000000000 222.3966217041 220.2483367920 216.6776885986 214.4563446045 217.5384521484 220.2935638428 219.9882202148 219.6358489990 217.4764709473 212.8703613281 208.2187042236 209.1788330078 205.4327545166 204.5888366699 202.1859436035 201.1186218262 201.8298797607 201.7021331787 203.3528442383 206.2607116699 208.6244201660 212.7118072510 216.3612670898 218.9362945557 222.0810394287 224.9158020020 226.4418945312 229.2074890137 228.0105590820 229.9701385498 231.4543609619 234.3404083252 236.8419342041 246.3113861084 261.3414611816 272.8950805664 279.7362365723 283.0360717773 285.7135925293
9999.0000000000 9999.0000000000 9999.0000000000 9999.0000000000 9999.0000000000 9999.0000000000 9999.0000000000 9999.0000000000 9999.0000000000 226.7099914551 227.3589935303 222.1823883057 225.7138977051 227.0191802979 226.4753265381 226.7308044434 221.9761657715 218.2993164062 216.0428771973 212.6375885010 212.0105590820 208.1846466064 205.3100128174 205.4958190918 206.4722290039 207.2537536621 208.1692047119 211.4360809326 215.1869354248 217.9411773682 220.7344055176 224.8826141357 228.2602386475 230.3764801025 233.7985382080 233.5189056396 235.5457458496 237.6932067871 238.3494873047 240.9644317627 242.7052001953 251.1297302246 264.5768432617 275.7112426758 281.2794494629 283.7772521973 287.1707458496
9999.0000000000 9999.0000000000 9999.0000000000 9999.0000000000 9999.0000000000 9999.0000000000 9999.0000000000 9999.0000000000 9999.0000000000 231.1539611816 238.8558349609 235.9557342529 235.5825653076 235.8656768799 233.6558074951 232.6333465576 229.7067260742 227.3619689941 223.6457519531 220.2540740967 215.5036163330 211.8317565918 208.5794830322 209.6744232178 210.9695281982 213.3953857422 215.3967742920 218.0407562256 218.8778839111 221.9651184082 226.3316650391 231.0781860352 234.7458190918 237.1409301758 240.4985198975 242.3665313721 243.3517303467 246.0357971191 248.5702209473 249.9225769043 253.1244354248 259.0110473633 267.3866577148 277.0766601562 281.7806701660 284.9191284180 288.1600036621
9999.0000000000 9999.0000000000 9999.0000000000 9999.0000000000 9999.0000000000 9999.0000000000 9999.0000000000 9999.0000000000 9999.0000000000 9999.0000000000 242.1182250977 245.8700561523 244.2428588867 241.6769409180 238.7156677246 236.9824371338 236.8644866943 234.8504791260 231.9212341309 226.8599548340 220.8815002441 213.9938964844 212.1524963379 213.5535278320 215.4724578857 219.6138458252 221.4898376465 222.6545257568 223.9544677734 226.4652252197 230.2540435791 235.4889984131 238.7773132324 242.8107604980 246.1264495850 248.1949615479 251.1208953857 253.0818176270 255.3754882812 259.3922424316 261.8709106445 266.4774475098 272.1787109375 276.4232177734 281.2184448242 284.6179809570 287.2772521973
9999.0000000000 9999.0000000000 9999.0000000000 9999.0000000000 9999.0000000000 9999.0000000000 9999.0000000000 9999.0000000000 9999.0000000000 9999.0000000000 245.3429412842 252.8372344971 249.8046417236 246.0599975586 243.9293518066 242.1806335449 242.4165496826 241.0746154785 237.1730651855 233.0425872803 225.4450683594 219.3244628906 216.7570190430 218.4982604980 220.9298095703 226.1584777832 227.5028076172 228.3066864014 229.7780761719 230.0154266357 233.1794281006 239.8894500732 244.5993804932 246.4113006592 249.4102325439 253.2236328125 256.2182617188 258.2622375488 262.3471984863 266.8627014160 268.8112487793 272.7899780273 274.8259582520 277.3893432617 279.7308654785 283.9183349609 287.1088867188
9999.0000000000 9999.0000000000 9999.0000000000 9999.0000000000 9999.0000000000 9999.0000000000 9999.0000000000 9999.0000000000 9999.0000000000 9999.0000000000 246.7875366211 256.8955383301 253.6277160645 249.2774047852 247.8649291992 247.8710784912 247.6779022217 247.3775482178 244.0800933838 237.9860076904 232.2493743896 225.4310455322 221.8899993896 224.6053466797 228.2909240723 232.6424865723 233.4878387451 234.4485931396 233.7715301514 234.4508056641 239.5072479248 244.2028198242 246.8122558594 250.6311798096 255.1391754150 259.1335449219 261.6613769531 265.2297058105 269.2767944336 271.4770507812 273.7401123047 274.9253234863 276.1640319824 277.7542724609 280.4442749023 283.4316406250 286.8654479980
9999.0000000000 9999.0000000000 9999.0000000000 9999.0000000000 9999.0000000000 9999.0000000000 9999.0000000000 9999.0000000000 9999.0000000000 9999.0000000000 249.7253570557 257.0118713379 255.3166503906 252.1547851562 250.5906982422 251.4206390381 251.2688598633 250.3263397217 248.7517852783 242.8340606689 235.8946990967 231.8479156494 228.2108459473 230.9227142334 234.1500549316 237.9012451172 238.1793975830 238.9709930420 238.5452575684 240.2637939453 243.0533447266 246.1244201660 250.0463867188 253.7031707764 258.5105590820 262.2384643555 266.4639282227 269.9322204590 272.5386047363 275.2039489746 276.8984069824 278.1451110840 278.9198913574 279.4155273438 280.7279968262 283.1797790527 286.5462646484
9999.0000000000 9999.0000000000 9999.0000000000 9999.0000000000 9999.0000000000 9999.0000000000 9999.0000000000 9999.0000000000 9999.0000000000 9999.0000000000 253.8976898193 256.7599792480 255.9103240967 254.1687316895 252.2073974609 253.0070495605 253.9467773438 253.5910644531 251.4870300293 247.2770843506 242.0540313721 237.3844757080 234.9190521240 238.1085662842 240.4809265137 242.8549346924 243.1867370605 243.6856079102 244.2893218994 242.4657592773 245.7807312012 248.6225280762 252.4395294189 256.1521911621 260.2364501953 265.3780822754 268.4501647949 271.1809387207 274.7234802246 277.4889221191 279.3314208984 279.9763183594 280.3294372559 280.5219421387 281.5356445312 283.5534362793 286.5675354004
9999.0000000000 9999.0000000000 9999.0000000000 9999.0000000000 9999.0000000000 9999.0000000000 9999.0000000000 9999.0000000000 9999.0000000000 9999.0000000000 256.9252624512 258.5292358398 255.0249938965 254.6298370361 253.8959350586 255.3151245117 255.7920074463 255.7984313965 254.8417816162 251.9866485596 249.1060333252 244.5955810547 243.0804138184 245.9852447510 248.4604187012 250.2734069824 249.4937896729 249.4746246338 248.2191162109 248.5242309570 249.8307952881 253.8359527588 255.8706970215 258.9215698242 262.5744323730 267.4714660645 270.4196777344 273.0163574219 276.5511169434 278.4099426270 279.8264160156 280.1391601562 281.2538146973 282.0743713379 283.2341003418 285.2207946777 286.5592346191
9999.0000000000 9999.0000000000 9999.0000000000 9999.0000000000 9999.0000000000 9999.0000000000 9999.0000000000 9999.0000000000 9999.0000000000 9999.0000000000 9999.0000000000 260.3417663574 254.2832336426 253.9207153320 254.5037384033 255.7001037598 257.1082763672 258.5154418945 257.3301086426 255.0022125244 253.6141204834 251.8368225098 251.0573120117 253.1708679199 255.0087280273 256.2487182617 256.4108276367 256.0717773438 255.2442932129 254.8011779785 255.9359130859 256.8378906250 259.3956604004 262.1140136719 265.0049438477 269.2638854980 272.1325073242 275.2854614258 277.9196472168 279.8734436035 281.6531066895 282.3349914551 283.2329406738 283.8091125488 285.0323791504 285.7636108398 287.0092468262
9999.0000000000 9999.0000000000 9999.0000000000 9999.0000000000 9999.0000000000 9999.0000000000 9999.0000000000 9999.0000000000 9999.0000000000 9999.0000000000 9999.0000000000 261.9595947266 253.7267150879 253.4084320068 253.9744262695 255.5806121826 257.9728088379 259.9041442871 259.8955688477 259.1399536133 257.7839050293 256.7235412598 257.1776733398 258.6990966797 260.3007812500 261.4321594238 261.3899841309 260.4103393555 259.9165344238 259.1136474609 259.5791625977 259.7759399414 262.6568298340 264.6397705078 267.7564086914 270.3488769531 273.4562988281 276.1883850098 279.0061950684 280.6275634766 282.0026855469 283.3956604004 284.4925842285 285.8572998047 286.4609680176 287.2351379395 287.8333129883
9999.0000000000 9999.0000000000 9999.0000000000 9999.0000000000 9999.0000000000 9999.0000000000 9999.0000000000 9999.0000000000 9999.0000000000 9999.0000000000 9999.0000000000 263.3136596680 255.7154388428 254.5495300293 255.1570434570 256.6848449707 258.7042541504 261.6908264160 262.5938110352 262.5209960938 261.5993957520 260.9335937500 262.0924987793 263.1781616211 264.9161682129 264.9374389648 265.6790161133 264.8828125000 264.4564208984 263.5561218262 263.6078186035 263.6556091309 266.0447998047 266.8500366211 269.6488952637 272.6161804199 275.0783996582 277.3274841309 279.7846069336 281.4899597168 282.2496032715 284.1997070312 285.5744323730 286.7541809082 287.6850891113 287.8608703613 287.6965637207
9999.0000000000 9999.0000000000 9999.0000000000 9999.0000000000 9999.0000000000 9999.0000000000 9999.0000000000 9999.0000000000 9999.0000000000 9999.0000000000 266.8546142578 264.1968994141 259.5095825195 258.8220520020 258.6017150879 258.2713928223 260.6548461914 263.0375671387 264.1045532227 264.4573669434 265.1512145996 265.5155334473 266.1260681152 267.5444030762 268.1390686035 268.6665649414 268.3335876465 268.2889404297 268.5444641113 267.8365783691 268.0946350098 268.2966613770 268.0573120117 269.4652709961 271.1638488770 274.1482849121 276.0751647949 277.9830627441 280.0543823242 281.9949340820 282.7279968262 284.5785217285 285.5576171875 286.6946411133 287.9098510742 286.9825439453 286.2012634277
9999.0000000000 9999.0000000000 9999.0000000000 9999.0000000000 9999.0000000000 9999.0000000000 9999.0000000000 9999.0000000000 9999.0000000000 268.9392089844 269.0764465332 267.9857482910 266.7383422852 264.5001831055 261.5471191406 260.7361755371 261.9025573730 264.5673217773 265.4346313477 265.7608032227 266.5025024414 267.9130554199 268.4918518066 269.9250183105 269.8460693359 270.7801818848 271.6464233398 272.4808349609 272.7507934570 272.2837829590 271.5177612305 271.0151062012 271.1874389648 272.0221557617 273.3320617676 275.4603271484 277.6774291992 279.1580505371 280.4888916016 281.8287963867 282.9823303223 284.3003540039 284.8984375000 285.8061523438 285.5224609375 285.0619201660 284.0111694336
9999.0000000000 9999.0000000000 9999.0000000000 9999.0000000000 9999.0000000000 9999.0000000000 9999.0000000000 9999.0000000000 9999.0000000000 270.5397033691 273.7697143555 275.1767272949 274.0345153809 270.6423950195 266.3305053711 265.9696960449 265.1317443848 265.3129577637 267.1320495605 267.5688476562 268.0233764648 268.8250427246 270.0834045410 271.2507629395 271.9566955566 272.1087646484 273.7796936035 275.3746337891 275.4284057617 276.0218200684 274.6144104004 274.2263488770 273.7868041992 274.1564331055 275.2434387207 276.9841003418 278.9589233398 279.9882507324 281.2240600586 282.1028442383 282.4887084961 283.6776123047 284.0312194824 284.1225280762 283.4960632324 283.0478515625 281.5178527832
9999.0000000000 9999.0000000000 9999.0000000000 9999.0000000000 9999.0000000000 9999.0000000000 9999.0000000000 9999.0000000000 267.6143188477 274.4157714844 280.0739135742 281.0316467285 279.8477172852 276.1768798828 272.7505493164 270.3278198242 269.2133483887 268.7890014648 268.1783752441 268.7445983887 269.7121582031 270.4144287109 271.4000244141 272.0951232910 273.3330993652 274.1343383789 275.4516601562 277.0387268066 277.3649902344 278.4089660645 277.7376403809 276.9062500000 275.7539367676 275.6291503906 276.6254272461 278.4257812500 279.4730834961 280.7542419434 281.5922241211 282.5223999023 282.7449035645 283.3251647949 283.3154296875 282.9186401367 282.1544189453 281.3648986816 280.3502807617
9999.0000000000 9999.0000000000 9999.0000000000 9999.0000000000 9999.0000000000 9999.0000000000 9999.0000000000 9999.0000000000 270.9875793457 278.6312866211 283.2620849609 285.1841735840 283.5003051758 280.4218750000 276.5143432617 273.9822692871 272.4257507324 271.2873840332 270.3197326660 270.5342102051 271.4977722168 272.5999755859 272.7867126465 273.3442382812 273.9062805176 274.8017272949 276.3197631836 278.0864868164 278.3178405762 278.6721496582 277.9108581543 277.5697021484 276.7642517090 276.3854370117 277.3756713867 279.0002136230 280.3818054199 281.6097717285 282.1988830566 282.6487426758 282.9897460938 283.0135803223 282.8899230957 282.1443481445 281.3977661133 280.4744262695 279.6660766602
9999.0000000000 9999.0000000000 9999.0000000000 9999.0000000000 9999.0000000000 9999.0000000000 9999.0000000000 9999.0000000000 273.8509521484 280.9014892578 283.8367004395 285.7933044434 284.8587951660 281.9736938477 279.1180114746 277.0555419922 274.7327575684 273.5106201172 272.6401062012 272.6134033203 273.0261230469 273.7539367676 274.2523498535 274.2665710449 274.8400268555 275.8722839355 276.9947509766 277.9952392578 278.9499206543 278.9574890137 277.8570556641 277.3641967773 276.9583129883 277.0079040527 278.0240173340 279.6302490234 280.9462280273 281.9231262207 282.4602355957 282.9233703613 282.8114013672 282.9941711426 282.5903015137 281.8625183105 281.2587890625 280.8858032227 280.3506164551
