model_inputs/inputs/rsds11.asc
ncols 720
nrows 360
xllcorner -180
yllcorner -90
cellsize 0.500000
NODATA_value 9999.000000
[rows 42 to 62 of 360, columns 188 to 234 of 720]
2.7034339905 2.7424249649 2.7432539463 2.7493488789 2.7221763134 2.7025985718 2.7324063778 2.7219500542 2.6696352959 2.5652194023 9999.0000000000 9999.0000000000 9999.0000000000 2.3990855217 2.3952023983 9999.0000000000 9999.0000000000 9999.0000000000 2.3311827183 2.4131815434 2.4255900383 2.4974539280 2.5453548431 2.5639269352 2.5493712425 2.6110453606 2.5916783810 2.6258988380 2.6433134079 2.6446568966 2.6287600994 2.6480619907 2.6027836800 2.5600402355 2.5615525246 2.5767564774 9999.0000000000 9999.0000000000 9999.0000000000 9999.0000000000 9999.0000000000 9999.0000000000 9999.0000000000 9999.0000000000 9999.0000000000 9999.0000000000 9999.0000000000
3.2277593613 3.2441902161 3.3120415211 3.3198113441 3.2168586254 3.1616079807 3.1242313385 3.0954082012 3.0650074482 9999.0000000000 9999.0000000000 9999.0000000000 9999.0000000000 2.8137187958 2.7840762138 9999.0000000000 9999.0000000000 9999.0000000000 2.7290885448 2.7391259670 2.8054134846 2.8478610516 2.9559669495 2.9710309505 2.9814305305 3.0508425236 3.0711257458 3.0921177864 3.1409325600 3.1593604088 3.1386077404 3.0989267826 3.1177523136 3.1356244087 3.0560681820 3.0899975300 3.1225857735 3.1505315304 3.1122896671 9999.0000000000 9999.0000000000 9999.0000000000 9999.0000000000 9999.0000000000 9999.0000000000 9999.0000000000 9999.0000000000
4.0160760880 4.0135974884 3.9183044434 3.7352881432 3.7446594238 3.6324720383 3.5393524170 3.4411909580 3.4198083878 9999.0000000000 9999.0000000000 9999.0000000000 9999.0000000000 9999.0000000000 9999.0000000000 9999.0000000000 9999.0000000000 3.1084458828 3.2000312805 3.1216607094 3.2397305965 3.3411035538 3.4366517067 3.4402904510 3.5068058968 9999.0000000000 3.6268184185 3.6402165890 3.6679613590 3.7279553413 3.7803142071 3.7151501179 3.7366945744 3.7580037117 3.7211971283 3.6688573360 3.7022695541 3.8039529324 3.8533976078 3.8533585072 3.9400134087 3.8193457127 3.9615523815 3.9543645382 9999.0000000000 9999.0000000000 9999.0000000000
4.7003016472 4.6154651642 4.5330443382 4.3399610519 4.1654424667 3.9631440639 3.9805874825 3.9992926121 3.9945938587 4.0041699409 9999.0000000000 9999.0000000000 9999.0000000000 9999.0000000000 9999.0000000000 9999.0000000000 9999.0000000000 3.8384385109 3.8280758858 3.7635462284 3.7533800602 3.7802433968 9999.0000000000 9999.0000000000 9999.0000000000 9999.0000000000 4.1962099075 4.2074189186 4.2792158127 4.2705988884 4.2734560966 4.2965841293 4.3306059837 4.3259863853 4.2815456390 4.2917261124 4.3584995270 4.3987822533 4.4356546402 4.5177001953 4.5832166672 4.6764988899 4.7883162498 4.7975640297 4.7455267906 4.7765188217 4.6867938042
5.5535244942 5.3399906158 5.1469044685 4.9989190102 4.8779125214 4.8780183792 4.8523459435 4.7234883308 4.5751218796 9999.0000000000 9999.0000000000 9999.0000000000 9999.0000000000 9999.0000000000 9999.0000000000 9999.0000000000 9999.0000000000 9999.0000000000 9999.0000000000 9999.0000000000 9999.0000000000 9999.0000000000 9999.0000000000 9999.0000000000 9999.0000000000 4.7624773979 4.7560925484 4.8428936005 4.9287495613 4.9242076874 4.9457268715 5.0037884712 5.0148110390 5.0157179832 4.9856367111 4.9835014343 4.9979519844 5.0392947197 5.0786056519 5.2515363693 5.3599109650 5.4990644455 5.5885453224 5.6592288017 5.7825703621 5.6588010788 5.4990558624
9999.0000000000 6.0107617378 5.8290591240 5.8946380615 5.8846354485 5.7285227776 9999.0000000000 9999.0000000000 9999.0000000000 9999.0000000000 9999.0000000000 9999.0000000000 9999.0000000000 9999.0000000000 9999.0000000000 9999.0000000000 9999.0000000000 9999.0000000000 9999.0000000000 9999.0000000000 9999.0000000000 9999.0000000000 9999.0000000000 5.1725053787 5.2122430801 5.3973011971 5.4752874374 5.4429974556 5.6102614403 5.5838828087 5.6241254807 5.5866661072 5.6598939896 5.6499004364 5.6442842484 5.7122802734 5.6990876198 5.7892751694 5.8698601723 5.8713560104 5.9813342094 6.1997218132 6.2226443291 6.3724598885 6.3855071068 6.3528060913 6.2600975037
6.8175287247 6.7016086578 6.7400941849 6.5585556030 6.7194957733 6.5890808105 9999.0000000000 9999.0000000000 9999.0000000000 9999.0000000000 9999.0000000000 9999.0000000000 9999.0000000000 9999.0000000000 9999.0000000000 9999.0000000000 9999.0000000000 9999.0000000000 9999.0000000000 9999.0000000000 9999.0000000000 9999.0000000000 9999.0000000000 5.9246425629 5.9775791168 6.1058883667 6.2356257439 6.3312716484 6.3389749527 6.4198293686 6.4196825027 6.3778829575 6.4479742050 6.4404020309 6.3623132706 6.4167084694 6.4316663742 6.4324622154 9999.0000000000 9999.0000000000 6.6988110542 6.8258299828 6.9565973282 6.9589204788 6.9298300743 6.9547100067 6.9118919373
7.4797539711 7.2899656296 7.3898625374 7.4427027702 7.4785909653 9999.0000000000 9999.0000000000 9999.0000000000 9999.0000000000 9999.0000000000 9999.0000000000 9999.0000000000 9999.0000000000 9999.0000000000 9999.0000000000 9999.0000000000 6.4095578194 6.2800917625 6.0847158432 5.9864668846 6.0241560936 6.1558585167 6.3153638840 6.5526504517 6.7079906464 6.8517923355 6.8001618385 6.9174618721 7.0865640640 6.9591102600 7.0094175339 7.0950536728 7.0454592705 7.0283446312 7.0965313911 7.1100721359 7.1068916321 7.1170897484 7.1738595963 9999.0000000000 9999.0000000000 7.4626979828 7.5505185127 7.6411967278 7.3807301521 9999.0000000000 9999.0000000000
8.1903133392 7.8546781540 8.0016365051 8.2657680511 8.2771701813 8.3862247467 8.4228687286 8.1298189163 9999.0000000000 9999.0000000000 9999.0000000000 9999.0000000000 9999.0000000000 9999.0000000000 9999.0000000000 7.3636636734 7.3029222488 7.2414283752 7.1593980789 6.8888392448 7.4761095047 7.6559033394 7.2117547989 7.5217280388 7.4268212318 7.4286637306 7.6376748085 7.6283822060 7.8130178452 7.8048419952 7.8629698753 7.8684315681 7.8988237381 7.8054566383 7.9058222771 7.9420242310 7.8425712585 7.9407129288 7.9420819283 7.9918112755 8.0339088440 9999.0000000000 9999.0000000000 9999.0000000000 8.3190107346 9999.0000000000 9999.0000000000
8.6039867401 8.4091749191 8.5121059418 8.6889753342 8.8298301697 9.0013589859 9.0742378235 9.1803321838 9.2038269043 9999.0000000000 9999.0000000000 9999.0000000000 9999.0000000000 9999.0000000000 9999.0000000000 9999.0000000000 8.3230581284 8.2167835236 8.0318088531 7.8227548599 8.4286670685 8.4270286560 8.1213455200 8.4402923584 8.5226049423 8.6107177734 8.7872781754 8.7889595032 8.7153768539 8.6779880524 8.6704645157 8.6121559143 8.6416797638 8.7421817780 8.6807899475 8.8688964844 8.9080085754 8.8304300308 8.9713754654 8.9798822403 8.8479995728 8.8362407684 9999.0000000000 9999.0000000000 9999.0000000000 9999.0000000000 9999.0000000000
9.3654651642 9.1643505096 8.9552001953 9.1400051117 9.3543701172 9.4366149902 9.5726890564 9.6718111038 9.6989822388 9.6792926788 9.6948318481 9.7568731308 9999.0000000000 9999.0000000000 9999.0000000000 9999.0000000000 9.1465721130 9.0085287094 8.7461194992 9999.0000000000 9999.0000000000 9999.0000000000 9999.0000000000 9999.0000000000 9999.0000000000 9999.0000000000 9.6419258118 9.4551143646 9.7215089798 9.6770172119 9.5731725693 9.4233894348 9.5312395096 9.6167488098 9.7070455551 9.7570161819 9.8029012680 9.8408994675 9.9179773331 9.9059610367 9.7789545059 9.7257175446 9.5787754059 9999.0000000000 9999.0000000000 9999.0000000000 9999.0000000000
10.9849767685 10.2364826202 10.6054830551 9999.0000000000 9999.0000000000 9999.0000000000 9999.0000000000 9999.0000000000 9999.0000000000 10.1885700226 9999.0000000000 9999.0000000000 9999.0000000000 9999.0000000000 9999.0000000000 10.1260738373 9.9631786346 9.8135404587 9.5651559830 9999.0000000000 9999.0000000000 9999.0000000000 9999.0000000000 9999.0000000000 9999.0000000000 9999.0000000000 9999.0000000000 9999.0000000000 10.5612401962 10.3767175674 10.2195777893 10.4077072144 10.3791542053 10.4624624252 10.6450233459 10.6877651215 11.0059919357 10.8841266632 10.9526538849 10.7733898163 10.6410436630 10.5121383667 10.9500617981 9999.0000000000 9999.0000000000 9999.0000000000 9999.0000000000
9999.0000000000 9999.0000000000 9999.0000000000 9999.0000000000 11.9591608047 11.7541980743 11.4415779114 11.4196624756 11.2528133392 9999.0000000000 9999.0000000000 9999.0000000000 9999.0000000000 9999.0000000000 9999.0000000000 10.8419809341 10.8039150238 9999.0000000000 9999.0000000000 9999.0000000000 9999.0000000000 9999.0000000000 9999.0000000000 11.1493816376 9999.0000000000 9999.0000000000 9999.0000000000 9999.0000000000 9999.0000000000 11.2796993256 11.5262947083 12.0122747421 12.0070762634 11.6311817169 11.8394575119 12.3096094131 12.0022726059 11.8838214874 11.9177579880 11.8754577637 11.6972742081 11.9209489822 12.0316677094 9999.0000000000 9999.0000000000 9999.0000000000 9999.0000000000
9999.0000000000 9999.0000000000 9999.0000000000 9999.0000000000 13.2130470276 13.0579662323 12.8987960815 12.7309589386 9999.0000000000 9999.0000000000 9999.0000000000 12.2179594040 12.2166204453 11.9411449432 9999.0000000000 12.0903053284 11.7849664688 11.4148492813 11.6387100220 11.8488721848 11.9488449097 12.1715879440 12.2166481018 12.2261142731 12.4864711761 12.4869050980 12.5340976715 9999.0000000000 9999.0000000000 9999.0000000000 9999.0000000000 9999.0000000000 9999.0000000000 13.0979938507 13.3818931580 13.1404275894 13.1818037033 12.6938781738 12.4282522202 12.7919073105 9999.0000000000 9999.0000000000 12.8707141876 13.2663831711 9999.0000000000 9999.0000000000 9999.0000000000
9999.0000000000 9999.0000000000 9999.0000000000 9999.0000000000 9999.0000000000 9999.0000000000 9999.0000000000 9999.0000000000 9999.0000000000 9999.0000000000 9999.0000000000 13.5000410080 13.2673845291 13.1130056381 9999.0000000000 13.1598796844 12.8241281509 12.9251432419 12.7908191681 12.9432983398 13.2605552673 13.3815479279 13.5297422409 13.7802038193 13.9049949646 14.1552848816 14.2681627274 14.2812662125 14.4577941895 9999.0000000000 9999.0000000000 9999.0000000000 9999.0000000000 9999.0000000000 9999.0000000000 9999.0000000000 9999.0000000000 9999.0000000000 13.2619123459 13.4498062134 9999.0000000000 13.9724693298 13.6304035187 9999.0000000000 9999.0000000000 9999.0000000000 9999.0000000000
9999.0000000000 9999.0000000000 9999.0000000000 9999.0000000000 9999.0000000000 9999.0000000000 9999.0000000000 9999.0000000000 9999.0000000000 9999.0000000000 9999.0000000000 9999.0000000000 9999.0000000000 9999.0000000000 9999.0000000000 9999.0000000000 14.2891387939 14.2064037323 14.3803253174 14.2897834778 14.7602081299 14.8633079529 15.2282667160 15.3077774048 15.5438442230 15.8611803055 15.7201871872 15.9591636658 15.9122333527 15.5924015045 9999.0000000000 15.4171524048 9999.0000000000 9999.0000000000 9999.0000000000 9999.0000000000 9999.0000000000 9999.0000000000 9999.0000000000 9999.0000000000 9999.0000000000 14.6037788391 14.2565269470 9999.0000000000 9999.0000000000 9999.0000000000 9999.0000000000
9999.0000000000 9999.0000000000 9999.0000000000 9999.0000000000 9999.0000000000 9999.0000000000 9999.0000000000 9999.0000000000 9999.0000000000 9999.0000000000 9999.0000000000 9999.0000000000 9999.0000000000 9999.0000000000 15.9720783234 15.6949424744 15.4025802612 15.3982782364 15.7376680374 15.9195642471 16.1413230896 16.5106258392 16.6764774323 16.7380905151 17.0365276337 17.1425075531 17.2269973755 17.2813053131 17.1559429169 17.1403446198 16.7747516632 16.5160770416 16.5945892334 16.4700794220 9999.0000000000 16.1706142426 16.0167732239 9999.0000000000 9999.0000000000 9999.0000000000 9999.0000000000 9999.0000000000 14.9276714325 9999.0000000000 9999.0000000000 9999.0000000000 9999.0000000000
9999.0000000000 9999.0000000000 9999.0000000000 9999.0000000000 9999.0000000000 9999.0000000000 9999.0000000000 9999.0000000000 9999.0000000000 9999.0000000000 9999.0000000000 9999.0000000000 9999.0000000000 9999.0000000000 9999.0000000000 9999.0000000000 17.1753139496 16.8227996826 17.0657501221 17.4891185760 17.6960735321 17.7338294983 17.7950210571 18.1223182678 18.2119159698 18.5200176239 18.2942256927 18.4145584106 18.2990798950 18.1902561188 17.9203929901 17.8673267365 17.5444450378 9999.0000000000 9999.0000000000 17.2218570709 17.0547313690 9999.0000000000 9999.0000000000 9999.0000000000 9999.0000000000 9999.0000000000 15.6867437363 16.7446842194 9999.0000000000 9999.0000000000 9999.0000000000
9999.0000000000 9999.0000000000 9999.0000000000 9999.0000000000 9999.0000000000 9999.0000000000 9999.0000000000 9999.0000000000 9999.0000000000 9999.0000000000 9999.0000000000 9999.0000000000 9999.0000000000 9999.0000000000 9999.0000000000 9999.0000000000 18.2570056915 18.1518745422 18.3327598572 18.7043704987 18.9866428375 18.9109439850 19.1117763519 18.9692344666 19.2161655426 19.5342063904 19.2330074310 19.3206157684 19.0651760101 18.9952564240 18.9508266449 19.2168674469 18.9811382294 9999.0000000000 9999.0000000000 9999.0000000000 9999.0000000000 9999.0000000000 9999.0000000000 9999.0000000000 9999.0000000000 16.6146507263 16.4159202576 17.7391662598 18.9253692627 9999.0000000000 9999.0000000000
9999.0000000000 9999.0000000000 9999.0000000000 9999.0000000000 9999.0000000000 9999.0000000000 9999.0000000000 9999.0000000000 9999.0000000000 9999.0000000000 9999.0000000000 9999.0000000000 9999.0000000000 9999.0000000000 9999.0000000000 19.5579814911 19.4341831207 19.3441581726 19.6786518097 19.7159118652 19.9475746155 20.2210159302 20.3067398071 20.3455162048 20.1865520477 20.1460895538 20.1698665619 20.0573329926 20.1447296143 20.1954269409 20.1784305573 20.1381397247 20.3051052094 20.0952110291 9999.0000000000 9999.0000000000 9999.0000000000 9999.0000000000 9999.0000000000 9999.0000000000 17.2182540894 16.9956188202 17.5000724792 18.4706554413 19.9733886719 20.2144508362 9999.0000000000
9999.0000000000 9999.0000000000 9999.0000000000 9999.0000000000 9999.0000000000 9999.0000000000 9999.0000000000 9999.0000000000 9999.0000000000 9999.0000000000 9999.0000000000 9999.0000000000 9999.0000000000 9999.0000000000 21.0551223755 20.9972743988 20.6703624725 20.4103393555 20.5307636261 20.8993263245 21.0571231842 21.2178916931 21.2877101898 21.1574115753 21.1294479370 21.0051937103 20.8966560364 20.7428398132 20.7947845459 20.9193992615 20.9904212952 21.1972770691 21.4117069244 21.3720607758 21.1829891205 20.6761531830 9999.0000000000 9999.0000000000 18.4750652313 17.7620067596 17.7117137909 18.4075183868 19.0219974518 20.1048259735 21.0964164734 21.5758094788 21.1507625580
