model_inputs/inputs/rsds8.asc
ncols 720
nrows 360
xllcorner -180
yllcorner -90
cellsize 0.500000
NODATA_value 9999.000000
[rows 42 to 62 of 360, columns 188 to 234 of 720]
134.2739715576 133.1898956299 133.9038696289 133.9970550537 135.4800720215 135.4740600586 136.1059112549 137.5590209961 138.9038391113 139.7233123779 9999.0000000000 9999.0000000000 9999.0000000000 141.0543518066 140.4944000244 9999.0000000000 9999.0000000000 9999.0000000000 137.7632751465 137.2471771240 136.1119995117 134.4696655273 135.3580474854 135.1633300781 133.6110534668 133.0853424072 133.1305999756 133.4487152100 134.6025390625 135.3540954590 137.6909179688 136.8853302002 137.7930297852 137.4876403809 138.7521820068 139.2296752930 9999.0000000000 9999.0000000000 9999.0000000000 9999.0000000000 9999.0000000000 9999.0000000000 9999.0000000000 9999.0000000000 9999.0000000000 9999.0000000000 9999.0000000000
131.5625000000 130.8658294678 132.1345214844 133.5264282227 135.1747283936 135.1096038818 137.9993286133 138.5419006348 138.6196594238 9999.0000000000 9999.0000000000 9999.0000000000 9999.0000000000 139.5338745117 139.2597045898 9999.0000000000 9999.0000000000 9999.0000000000 138.7810821533 137.8523559570 137.0773620605 135.5704498291 135.8102874756 133.6334381104 133.7548065186 134.3405456543 133.1640167236 132.6731414795 133.3754425049 133.9110717773 135.3779449463 134.9539184570 135.6068878174 136.2381439209 136.8951873779 137.0578460693 137.8589172363 139.7106781006 140.8764190674 9999.0000000000 9999.0000000000 9999.0000000000 9999.0000000000 9999.0000000000 9999.0000000000 9999.0000000000 9999.0000000000
131.4792327881 132.4201354980 133.2609710693 135.4565734863 137.3898315430 139.0762634277 139.5373535156 140.0054626465 139.7292327881 9999.0000000000 9999.0000000000 9999.0000000000 9999.0000000000 9999.0000000000 9999.0000000000 9999.0000000000 9999.0000000000 140.8156280518 140.2321014404 140.2460479736 139.7618408203 138.6452026367 135.9506988525 135.7806854248 134.5479125977 9999.0000000000 134.5361480713 133.9208374023 132.6758422852 132.7250671387 133.5628509521 134.2021636963 134.7305755615 135.0352783203 134.7752838135 134.2893524170 135.9873199463 136.6319580078 138.5449371338 140.8315124512 143.1744384766 143.1157226562 147.4382476807 149.1213989258 9999.0000000000 9999.0000000000 9999.0000000000
133.5995941162 135.1100006104 137.5921173096 138.7515563965 141.2774810791 143.2241973877 144.0365600586 142.8269195557 143.0859985352 143.1148986816 9999.0000000000 9999.0000000000 9999.0000000000 9999.0000000000 9999.0000000000 9999.0000000000 9999.0000000000 141.7123107910 142.1216430664 141.6640625000 141.0774230957 140.8334503174 9999.0000000000 9999.0000000000 9999.0000000000 9999.0000000000 134.8500518799 134.1968994141 132.3513946533 132.3420715332 132.1693572998 131.3731994629 129.8879547119 130.5571136475 129.9790496826 130.4284210205 131.1800537109 133.7526550293 136.8513793945 140.7198944092 145.3032684326 150.6210021973 156.4186859131 158.1866455078 160.0304565430 161.6504211426 159.9602355957
137.3684692383 138.5237121582 141.2869110107 143.4196014404 144.6673889160 145.1330566406 144.3840637207 144.9589843750 145.5401611328 9999.0000000000 9999.0000000000 9999.0000000000 9999.0000000000 9999.0000000000 9999.0000000000 9999.0000000000 9999.0000000000 9999.0000000000 9999.0000000000 9999.0000000000 9999.0000000000 9999.0000000000 9999.0000000000 9999.0000000000 9999.0000000000 139.3194580078 138.1921386719 134.4207000732 132.5210571289 132.2295379639 131.6603240967 130.2571716309 128.1138305664 126.2812500000 124.8340454102 125.7500839233 126.5405960083 128.0544128418 130.9962768555 139.8555450439 147.8633270264 154.2482604980 159.2661743164 165.8030700684 169.9872894287 168.1379241943 165.1656951904
9999.0000000000 142.7190551758 144.6327972412 144.6483764648 145.0467987061 145.5900573730 9999.0000000000 9999.0000000000 9999.0000000000 9999.0000000000 9999.0000000000 9999.0000000000 9999.0000000000 9999.0000000000 9999.0000000000 9999.0000000000 9999.0000000000 9999.0000000000 9999.0000000000 9999.0000000000 9999.0000000000 9999.0000000000 9999.0000000000 144.0276794434 142.8277587891 141.0774688721 136.9761199951 136.3494873047 132.1993865967 131.5819091797 131.0684356689 129.1144104004 126.7374267578 125.2863922119 123.6073989868 125.1980285645 125.6966094971 129.5189361572 132.4750518799 139.2820892334 144.1190643311 151.1166381836 157.1868286133 166.4913635254 169.8310852051 169.9630737305 165.7381744385
146.7889556885 147.2830505371 145.8533477783 144.7826843262 145.5342712402 145.6098632812 9999.0000000000 9999.0000000000 9999.0000000000 9999.0000000000 9999.0000000000 9999.0000000000 9999.0000000000 9999.0000000000 9999.0000000000 9999.0000000000 9999.0000000000 9999.0000000000 9999.0000000000 9999.0000000000 9999.0000000000 9999.0000000000 9999.0000000000 144.0108489990 142.1091918945 140.6541442871 137.4555053711 133.9754943848 131.8632659912 130.3998565674 128.9115295410 127.4709472656 127.5718765259 125.9521026611 124.4746704102 124.8438110352 127.5192413330 129.7377319336 9999.0000000000 9999.0000000000 146.5879211426 153.2328338623 158.2753601074 162.3079681396 161.5892028809 160.1657104492 161.9287261963
149.9519805908 150.3802947998 149.0628356934 146.7726135254 145.5674285889 9999.0000000000 9999.0000000000 9999.0000000000 9999.0000000000 9999.0000000000 9999.0000000000 9999.0000000000 9999.0000000000 9999.0000000000 9999.0000000000 9999.0000000000 153.9315643311 154.5735473633 154.7403564453 154.5123596191 150.3540802002 148.3976440430 147.2148895264 145.0533447266 143.3316040039 140.1602020264 137.2303771973 134.3680419922 132.2811126709 131.2605743408 130.2652893066 128.7662048340 128.3005676270 128.4084014893 126.3439788818 127.3528671265 128.3161315918 129.7335510254 134.9941558838 9999.0000000000 9999.0000000000 150.7864379883 151.1441040039 150.8730773926 155.1717071533 9999.0000000000 9999.0000000000
154.1767272949 153.9703674316 150.4174194336 148.2406005859 145.7878875732 143.6487426758 142.1707763672 144.0817108154 9999.0000000000 9999.0000000000 9999.0000000000 9999.0000000000 9999.0000000000 9999.0000000000 9999.0000000000 151.2140045166 152.8441772461 152.7557830811 151.6137084961 151.7628936768 151.6729278564 149.7891540527 148.4681701660 146.8314514160 144.5471038818 141.0322875977 137.1185302734 134.4901885986 130.7051239014 129.8673553467 130.0268554688 128.6508636475 128.8025512695 128.5936279297 129.0638427734 130.8799438477 131.2439270020 132.8982696533 134.5501098633 135.3903656006 139.9789733887 9999.0000000000 9999.0000000000 9999.0000000000 151.4410858154 9999.0000000000 9999.0000000000
157.6247863770 157.0298461914 155.2668762207 151.8131256104 149.2155303955 147.5840911865 146.2690582275 145.0117340088 144.6211395264 9999.0000000000 9999.0000000000 9999.0000000000 9999.0000000000 9999.0000000000 9999.0000000000 9999.0000000000 152.7076110840 152.1063995361 153.2032012939 152.4416198730 151.6582641602 150.5555419922 149.2385101318 148.5323028564 147.2095794678 144.0164184570 140.4420776367 137.2734527588 135.1862030029 134.7755126953 134.4971160889 133.7890777588 134.4669036865 134.9744110107 133.7534790039 134.3221435547 135.5468444824 136.4358825684 137.4622650146 137.4508666992 138.7573547363 138.4253540039 9999.0000000000 9999.0000000000 9999.0000000000 9999.0000000000 9999.0000000000
158.2119598389 158.6564788818 158.6802215576 158.4532165527 157.6392974854 156.2980804443 155.6110839844 154.6270446777 153.1396179199 150.9103546143 150.1307830811 149.1916809082 9999.0000000000 9999.0000000000 9999.0000000000 9999.0000000000 153.6421813965 154.1045684814 154.9583587646 9999.0000000000 9999.0000000000 9999.0000000000 9999.0000000000 9999.0000000000 9999.0000000000 9999.0000000000 139.7567596436 138.3571777344 139.9017639160 139.8735656738 140.1167755127 139.0420532227 139.5030212402 139.3054962158 141.0753479004 142.5001983643 142.0287475586 142.3746643066 141.4734039307 141.7586364746 141.3222656250 140.9289398193 139.6685028076 9999.0000000000 9999.0000000000 9999.0000000000 9999.0000000000
161.4012756348 160.2048492432 160.9983520508 9999.0000000000 9999.0000000000 9999.0000000000 9999.0000000000 9999.0000000000 9999.0000000000 158.5903015137 9999.0000000000 9999.0000000000 9999.0000000000 9999.0000000000 9999.0000000000 152.4897918701 153.2760467529 154.9869079590 155.3065490723 9999.0000000000 9999.0000000000 9999.0000000000 9999.0000000000 9999.0000000000 9999.0000000000 9999.0000000000 9999.0000000000 9999.0000000000 142.6217041016 142.5084533691 142.5670318604 144.8538360596 144.0932312012 145.2321929932 145.6674041748 145.2506713867 145.6119842529 145.8748016357 146.0264587402 144.4182891846 143.2921905518 143.0539093018 142.2851104736 9999.0000000000 9999.0000000000 9999.0000000000 9999.0000000000
9999.0000000000 9999.0000000000 9999.0000000000 9999.0000000000 162.3540954590 161.6081085205 160.4327850342 161.1179656982 161.0333862305 9999.0000000000 9999.0000000000 9999.0000000000 9999.0000000000 9999.0000000000 9999.0000000000 154.1366271973 153.6153564453 9999.0000000000 9999.0000000000 9999.0000000000 9999.0000000000 9999.0000000000 9999.0000000000 148.6782379150 9999.0000000000 9999.0000000000 9999.0000000000 9999.0000000000 9999.0000000000 146.8918914795 146.2338714600 147.1753845215 147.9804534912 148.4505004883 148.3157653809 149.5859832764 148.0496673584 147.2199096680 148.5029754639 147.5796203613 147.2693481445 144.4805908203 145.7170867920 9999.0000000000 9999.0000000000 9999.0000000000 9999.0000000000
9999.0000000000 9999.0000000000 9999.0000000000 9999.0000000000 163.3975524902 162.5865936279 161.9377593994 161.6437530518 9999.0000000000 9999.0000000000 9999.0000000000 161.1579437256 160.1362457275 159.0523223877 9999.0000000000 158.0402526855 156.4385223389 155.2077941895 153.7266693115 153.1813659668 152.9759826660 151.7054748535 149.8740081787 148.9579772949 147.7762908936 148.2718963623 148.5668945312 9999.0000000000 9999.0000000000 9999.0000000000 9999.0000000000 9999.0000000000 9999.0000000000 149.0056457520 148.8566894531 149.8344268799 151.1688385010 150.6290435791 149.6783752441 150.0354003906 9999.0000000000 9999.0000000000 147.6316833496 147.2447814941 9999.0000000000 9999.0000000000 9999.0000000000
9999.0000000000 9999.0000000000 9999.0000000000 9999.0000000000 9999.0000000000 9999.0000000000 9999.0000000000 9999.0000000000 9999.0000000000 9999.0000000000 9999.0000000000 161.6018981934 161.9464874268 161.0965728760 9999.0000000000 158.3859405518 158.1064758301 157.3887176514 155.9327850342 154.3726654053 151.6725463867 149.9039611816 147.7205352783 146.1960144043 146.7734527588 147.3797760010 146.1979522705 147.1027984619 146.7043151855 9999.0000000000 9999.0000000000 9999.0000000000 9999.0000000000 9999.0000000000 9999.0000000000 9999.0000000000 9999.0000000000 9999.0000000000 151.2137756348 150.6001281738 9999.0000000000 150.1045379639 149.5927429199 9999.0000000000 9999.0000000000 9999.0000000000 9999.0000000000
9999.0000000000 9999.0000000000 9999.0000000000 9999.0000000000 9999.0000000000 9999.0000000000 9999.0000000000 9999.0000000000 9999.0000000000 9999.0000000000 9999.0000000000 9999.0000000000 9999.0000000000 9999.0000000000 9999.0000000000 9999.0000000000 158.8564300537 157.8407897949 156.0371398926 155.8765411377 152.4035034180 148.9438476562 146.2382507324 145.4698028564 145.0160522461 144.8509368896 144.8509521484 144.2913208008 145.0406341553 147.9782104492 9999.0000000000 151.8570404053 9999.0000000000 9999.0000000000 9999.0000000000 9999.0000000000 9999.0000000000 9999.0000000000 9999.0000000000 9999.0000000000 9999.0000000000 151.8528442383 151.3210296631 9999.0000000000 9999.0000000000 9999.0000000000 9999.0000000000
9999.0000000000 9999.0000000000 9999.0000000000 9999.0000000000 9999.0000000000 9999.0000000000 9999.0000000000 9999.0000000000 9999.0000000000 9999.0000000000 9999.0000000000 9999.0000000000 9999.0000000000 9999.0000000000 161.8070831299 159.6658325195 159.2673492432 159.1905212402 157.2757263184 154.2023620605 150.9727935791 149.4058532715 146.4477691650 143.8282165527 143.9052734375 142.9394683838 142.8854827881 143.2326202393 144.4165496826 145.9799652100 148.9600219727 150.6883850098 154.3319702148 154.5919036865 9999.0000000000 155.3381042480 154.9037322998 9999.0000000000 9999.0000000000 9999.0000000000 9999.0000000000 9999.0000000000 152.8154144287 9999.0000000000 9999.0000000000 9999.0000000000 9999.0000000000
9999.0000000000 9999.0000000000 9999.0000000000 9999.0000000000 9999.0000000000 9999.0000000000 9999.0000000000 9999.0000000000 9999.0000000000 9999.0000000000 9999.0000000000 9999.0000000000 9999.0000000000 9999.0000000000 9999.0000000000 9999.0000000000 160.6000213623 158.8808898926 157.4683074951 154.5965270996 153.4560394287 151.2885437012 147.7164916992 147.3763427734 146.4048004150 146.0266571045 145.8963623047 145.6907348633 146.7499389648 148.1018066406 149.9549407959 152.0630950928 156.0745086670 9999.0000000000 9999.0000000000 156.0550384521 155.7991943359 9999.0000000000 9999.0000000000 9999.0000000000 9999.0000000000 9999.0000000000 154.3578643799 155.7533569336 9999.0000000000 9999.0000000000 9999.0000000000
9999.0000000000 9999.0000000000 9999.0000000000 9999.0000000000 9999.0000000000 9999.0000000000 9999.0000000000 9999.0000000000 9999.0000000000 9999.0000000000 9999.0000000000 9999.0000000000 9999.0000000000 9999.0000000000 9999.0000000000 9999.0000000000 160.6781463623 160.1288146973 158.0818176270 156.8525695801 153.6175842285 153.0910949707 151.1254577637 149.4346466064 150.2594146729 149.5626068115 149.9072113037 148.5256500244 149.6007385254 150.0772247314 151.1718292236 152.9581909180 155.2870788574 9999.0000000000 9999.0000000000 9999.0000000000 9999.0000000000 9999.0000000000 9999.0000000000 9999.0000000000 9999.0000000000 154.7013702393 155.0180664062 156.8723907471 157.6226043701 9999.0000000000 9999.0000000000
9999.0000000000 9999.0000000000 9999.0000000000 9999.0000000000 9999.0000000000 9999.0000000000 9999.0000000000 9999.0000000000 9999.0000000000 9999.0000000000 9999.0000000000 9999.0000000000 9999.0000000000 9999.0000000000 9999.0000000000 161.7338104248 161.4269714355 159.5734863281 157.9115142822 156.7047576904 154.9165039062 154.9546051025 152.2966156006 151.8594512939 151.7440795898 150.5974121094 150.1182403564 149.3281250000 149.6679534912 149.9525909424 151.4518432617 153.5508728027 154.0208129883 152.2781829834 9999.0000000000 9999.0000000000 9999.0000000000 9999.0000000000 9999.0000000000 9999.0000000000 150.5489654541 151.9532775879 154.2314758301 158.5660247803 159.9868011475 159.9866027832 9999.0000000000
9999.0000000000 9999.0000000000 9999.0000000000 9999.0000000000 9999.0000000000 9999.0000000000 9999.0000000000 9999.0000000000 9999.0000000000 9999.0000000000 9999.0000000000 9999.0000000000 9999.0000000000 9999.0000000000 164.8914489746 163.3804931641 160.8777770996 158.2829589844 158.9296417236 157.4549255371 157.6074676514 156.5446014404 154.9150390625 154.3996429443 154.2596588135 152.0002899170 151.8736267090 150.5130767822 150.6701660156 151.2449798584 151.4081726074 153.7131805420 154.1378631592 153.6325378418 153.0872955322 151.7808685303 9999.0000000000 9999.0000000000 147.6526641846 146.6201324463 146.1593627930 149.0428161621 151.9554595947 155.4155120850 158.0614929199 161.4777984619 162.1067199707
