model_inputs/inputs/rsds9.asc
ncols 720
nrows 360
xllcorner -180
yllcorner -90
cellsize 0.500000
NODATA_value 9999.000000
[rows 105 to 125 of 360, columns 141 to 187 of 720]
241.9663238525 239.7019195557 238.6069793701 237.5374908447 237.0513458252 236.1070709229 235.7203979492 234.5473937988 234.4443359375 234.6741943359 235.3997497559 234.3604736328 233.2598724365 231.0852355957 229.2749633789 227.0349121094 225.2393188477 223.3996582031 219.3525695801 216.7491760254 215.1315612793 213.8982543945 212.7858123779 211.2877349854 209.3257904053 207.6006317139 205.2646942139 203.6505584717 201.6930694580 200.9449462891 199.5684661865 199.3597412109 199.6179046631 199.8657073975 200.7390747070 201.3451995850 201.7277526855 202.8687744141 203.9476013184 204.4718322754 203.6594543457 202.0321502686 200.4059295654 199.0281524658 197.1799926758 195.8158874512 193.9071960449
241.6757202148 242.1103668213 242.0974884033 240.8230285645 239.3325042725 238.0732727051 236.1578216553 234.4401550293 233.3520050049 233.7176055908 232.6718444824 232.1027221680 231.2399444580 230.0670166016 228.6072082520 227.1645812988 224.9482421875 223.2231445312 219.3584594727 216.6940155029 215.4999084473 214.4443969727 213.6409149170 211.4764556885 209.8979339600 208.1260223389 205.1812438965 204.0443878174 202.2104187012 201.0110015869 199.6322174072 199.1998748779 199.3347778320 199.6695556641 200.7189788818 201.8321533203 203.4786071777 203.9395599365 205.0543975830 205.4246826172 203.9077453613 201.8811035156 200.5398712158 198.3926086426 196.9025115967 195.3795013428 193.4238739014
242.0895843506 242.3359222412 243.0318450928 241.9866943359 240.8310546875 238.8161315918 236.7445373535 234.2784729004 233.3924560547 233.5630950928 232.3432464600 231.7314300537 230.2205047607 228.8918914795 227.6900939941 226.4139709473 224.9893035889 222.4916076660 220.0332183838 217.6756744385 217.4042663574 215.9867248535 214.8259277344 212.7178802490 210.8512725830 208.9717559814 206.8277893066 204.4372253418 203.0143280029 201.2269897461 200.5620574951 200.1164398193 200.3329010010 201.5401000977 202.2728576660 203.5807800293 204.0858612061 205.0056915283 205.9057922363 205.8579864502 204.8306884766 202.9173431396 200.0103454590 198.4811706543 196.5430755615 195.1246337891 194.4087219238
242.1595001221 241.8149566650 242.2525329590 241.8117980957 240.0337982178 238.8588256836 237.9911956787 236.2930450439 235.0254516602 234.2728881836 233.0545501709 231.7366943359 230.0028991699 228.5548400879 226.8621063232 225.4814453125 224.7173919678 223.1436157227 221.5312194824 219.8898468018 218.4790344238 217.1352081299 214.8591918945 213.0143280029 211.3193969727 209.6009063721 208.2681579590 205.8884735107 203.6579742432 203.3378143311 202.4525146484 202.6286773682 202.5594329834 203.2800750732 204.5895233154 205.3688354492 206.3770141602 206.9195098877 207.1733245850 207.0434875488 205.7419891357 203.0094146729 200.5646057129 197.7173919678 196.5686492920 195.6677703857 194.6824493408
241.9958038330 241.8756256104 241.4776916504 240.4309844971 239.9387207031 238.2217864990 237.9302978516 236.4342803955 235.8590393066 234.5176086426 234.2002410889 232.2789154053 230.6137084961 228.3553924561 226.8452606201 225.3565368652 223.4520263672 222.9868164062 221.4913787842 220.2320404053 218.8114471436 216.8747711182 215.3694000244 213.5086364746 211.4419403076 210.6586761475 208.5010986328 206.1736907959 205.0030822754 203.7245635986 204.0708312988 204.1798858643 204.4501495361 204.7446594238 206.3000640869 207.1402740479 207.4960327148 208.0898284912 208.4270935059 206.4513549805 205.0068817139 203.0205993652 200.3531951904 198.3562774658 196.4736022949 195.9066162109 194.9591827393
242.1225891113 242.1013946533 240.8458709717 239.5693359375 238.9774627686 239.0027008057 238.2725830078 237.4260559082 236.2288665771 235.3227539062 233.8562622070 232.4722900391 230.3225097656 228.3547363281 226.8372955322 224.8154449463 223.5952606201 223.5063781738 222.3269348145 221.0623626709 219.3413238525 217.5447845459 216.0653533936 214.4174652100 211.9716796875 210.4570617676 208.4536590576 206.6245727539 206.1124114990 206.0773010254 205.7186889648 206.0464782715 206.0085906982 207.0538330078 208.2135314941 208.6835021973 208.8372039795 207.9127197266 207.9364776611 207.2895812988 205.3751831055 203.3969421387 200.8545379639 198.9942016602 198.3786010742 197.0429992676 195.9407501221
243.2341003418 242.3497009277 241.0190277100 239.7811279297 239.6367340088 238.6771545410 238.3421173096 237.8319549561 236.4327392578 235.0121459961 234.3949279785 233.1985473633 231.3443450928 229.6905364990 227.8495788574 225.8849487305 224.8957672119 224.2062377930 222.9314727783 221.9517364502 220.6874542236 219.0298309326 217.2064666748 215.3279418945 213.3459167480 211.7074432373 210.1036682129 208.2790679932 207.6791534424 208.1160736084 207.6827087402 207.7593536377 208.0440521240 209.9081115723 210.4434661865 210.6255798340 210.0315246582 209.7424468994 209.1034851074 207.0601959229 205.8503723145 204.4509887695 201.8330993652 199.5355377197 198.6221313477 198.0932769775 197.3066558838
244.1901550293 242.9782257080 241.5747528076 240.4922027588 239.9187774658 239.0442352295 238.4755706787 237.1440277100 236.1682891846 235.3910827637 234.6774902344 233.4188995361 232.0467681885 230.2824554443 228.7982940674 226.8983306885 226.0089569092 225.0327606201 224.0986938477 221.8159332275 221.2068634033 219.5564117432 218.1443481445 215.9297180176 214.5294036865 213.4781951904 211.9830322266 210.6552276611 210.6253509521 209.9896697998 209.8699035645 209.8619842529 211.0547180176 211.2882537842 211.1594848633 211.2604522705 210.4309997559 210.0507965088 208.8880310059 207.7832946777 206.3332977295 204.9069366455 202.4972229004 200.7413940430 199.8000640869 199.8325042725 199.4314880371
244.7685546875 243.7309875488 242.3365020752 240.7303771973 240.5392303467 239.6289978027 239.0206756592 237.2752838135 236.2420501709 235.5039978027 234.1900634766 233.5266876221 232.5917816162 231.0319671631 229.4711914062 228.3833312988 226.1061096191 225.1216125488 222.9661560059 221.2242584229 220.4598083496 219.0040435791 217.9667510986 216.5726470947 216.0945739746 215.4102020264 214.0425872803 212.6666412354 212.6919403076 211.8045959473 211.5870819092 212.1564178467 211.6520080566 212.2374725342 211.9976501465 210.6333923340 210.0381011963 209.3547210693 209.0518493652 208.0855102539 206.6794586182 205.4497222900 203.7236328125 201.9786682129 201.1480865479 201.1161651611 200.9795379639
245.0617980957 244.1511383057 243.1709899902 241.6053924561 241.0179290771 240.1669616699 239.0580139160 238.1279144287 236.8379058838 235.8548736572 234.5097351074 233.3373870850 232.5332794189 232.0891723633 230.8639678955 229.3758239746 227.0286865234 225.2246856689 223.3799743652 221.4079742432 220.4693145752 219.2349700928 218.2298431396 217.7549743652 216.9080810547 216.0648803711 216.0446014404 214.1693878174 214.3582611084 213.7395019531 213.2892608643 212.3383331299 211.8259429932 211.2901611328 210.5137634277 209.9393920898 209.6469268799 209.1971282959 208.7944183350 208.0318908691 206.9169006348 205.4038238525 203.9038848877 202.7204742432 202.2031707764 202.2315521240 202.4112091064
245.3312530518 244.2475585938 243.8204498291 242.7874908447 242.3392028809 242.7204742432 241.7172546387 240.5367736816 239.3500671387 238.1131134033 236.1344451904 234.4781646729 232.7279968262 232.4604034424 231.4924316406 229.9685058594 228.0592346191 226.5595550537 224.4079132080 222.4042358398 222.0404052734 220.0506744385 219.2649688721 218.3523559570 217.5909118652 216.9321594238 216.6849975586 216.5920715332 215.0668029785 214.0672302246 213.2865295410 212.3322906494 211.6300354004 211.1495513916 210.0567932129 209.7159881592 209.1636047363 208.4272460938 207.8610992432 207.3394470215 205.9661102295 204.8302307129 203.5809326172 202.5948791504 202.2292175293 202.3356628418 202.9689178467
244.8713531494 245.1048278809 244.5131835938 244.6413421631 244.7514495850 244.5038909912 244.0029907227 242.8678283691 241.1229248047 239.2684783936 237.9522399902 235.0396118164 233.4729766846 232.7583465576 231.6525573730 230.5466918945 228.7383728027 226.9641113281 224.6337280273 222.6852416992 221.3561706543 220.1651916504 219.3858795166 218.2210845947 217.7486114502 217.2104644775 216.7962799072 216.2172241211 215.5022735596 214.0310058594 213.0997619629 212.2341003418 211.3184356689 211.2066650391 209.3713836670 208.6501617432 208.0935363770 207.6766204834 207.1603088379 206.5039825439 205.5570983887 204.3736419678 203.4916687012 202.8128662109 202.2416687012 202.6573638916 203.6722106934
244.5612640381 244.7643737793 244.5126647949 244.6700439453 245.4042510986 245.9485321045 245.1438598633 243.5048522949 241.8564758301 240.2999725342 238.7414550781 235.9874114990 233.9070281982 233.0861358643 231.5225067139 230.4424285889 228.5192260742 225.7665252686 223.9747924805 222.5663299561 220.6494750977 219.8755493164 218.8516693115 217.9479370117 217.2248992920 217.4782562256 216.2174835205 215.9441833496 215.5616760254 214.2055511475 213.5043640137 213.0242004395 212.1010437012 211.6343841553 210.1994171143 209.3138885498 208.5337829590 208.0743713379 207.2166595459 206.5199279785 205.6377563477 204.8999176025 203.9662017822 203.2457427979 202.8420257568 202.6253356934 202.9828796387
243.6524505615 244.0613555908 244.3272857666 243.8123779297 244.4647369385 244.7735900879 245.0897064209 243.9585571289 243.6648406982 240.9346466064 238.4723052979 236.0565948486 233.9189300537 232.8682098389 231.1996459961 229.7741546631 226.8655395508 224.4986572266 222.6646423340 221.5571289062 220.7159729004 219.5305786133 218.8703918457 217.9772186279 217.4854736328 216.5631256104 215.4931488037 214.5844116211 214.8049316406 214.5136260986 214.0879058838 213.7616577148 212.5727691650 212.2623596191 211.3259887695 210.6454467773 209.7525177002 209.0415649414 208.2837219238 207.7677917480 206.9017333984 205.8748626709 205.8902893066 205.6291656494 204.9970550537 204.2422027588 204.3307342529
241.8679351807 242.4788513184 242.4580993652 241.4528808594 241.6506958008 242.2917480469 241.0436553955 241.8218078613 242.5749969482 241.3302459717 239.7468414307 237.4116516113 235.2843780518 233.7046203613 231.4466400146 226.4388580322 223.5167846680 220.9028625488 219.6551818848 219.6797790527 219.8081207275 219.4240264893 218.5068511963 216.7595214844 216.0270385742 214.8334655762 213.9195098877 213.0344390869 213.9327697754 214.5249481201 215.7868652344 215.4356079102 214.5444641113 214.5504302979 214.8225402832 213.7687835693 213.4257812500 212.4122924805 211.8196563721 211.3918151855 209.2761383057 208.0534515381 206.9080963135 205.6528930664 205.6035003662 206.2173919678 207.1318817139
239.7725219727 240.6595916748 239.9396362305 239.0186004639 238.8323059082 237.0287475586 237.2476806641 238.5769042969 239.2722625732 240.6762695312 239.0667877197 238.1053161621 236.6154632568 234.2434387207 228.2428436279 222.7552947998 218.1805419922 215.1534271240 216.0621795654 217.0746002197 217.6624450684 218.5554962158 217.4561462402 215.8276062012 214.4009857178 213.6734466553 212.3459472656 211.1074676514 212.2260437012 214.1125793457 214.5348815918 214.6802368164 215.0883789062 216.1818084717 216.4034729004 216.3129577637 215.3513793945 213.9677734375 212.6278228760 210.8607940674 209.0644989014 9999.0000000000 9999.0000000000 9999.0000000000 9999.0000000000 9999.0000000000 9999.0000000000
239.4413757324 238.1945648193 237.2391052246 235.9219055176 234.2779083252 233.7128448486 233.6826324463 235.7325897217 237.7701263428 239.5770111084 239.5657653809 238.6239471436 237.4342498779 233.2588500977 227.9174804688 220.4093017578 215.0897216797 211.8413696289 213.3171997070 214.9150238037 216.2123718262 217.2488403320 216.5390625000 215.7177429199 213.6597137451 212.9302673340 211.6153411865 211.4553985596 213.0153350830 214.3738708496 9999.0000000000 9999.0000000000 9999.0000000000 9999.0000000000 9999.0000000000 9999.0000000000 216.0952606201 214.1820373535 212.6367034912 211.4006652832 209.6690521240 9999.0000000000 9999.0000000000 9999.0000000000 9999.0000000000 9999.0000000000 9999.0000000000
239.7615051270 236.6266632080 235.2930145264 233.8923797607 232.4639129639 232.3873443604 232.3570861816 234.3193969727 236.1472930908 238.0096740723 239.2458038330 238.9026184082 237.4107055664 233.6816406250 227.1662902832 220.0213470459 214.0627899170 211.5284881592 212.4312591553 214.5842742920 215.5929107666 217.2253112793 217.0587005615 216.4837188721 215.8739776611 215.0695190430 214.6575622559 215.7655639648 215.9031066895 9999.0000000000 9999.0000000000 9999.0000000000 9999.0000000000 9999.0000000000 9999.0000000000 9999.0000000000 9999.0000000000 9999.0000000000 9999.0000000000 9999.0000000000 9999.0000000000 9999.0000000000 9999.0000000000 9999.0000000000 9999.0000000000 9999.0000000000 9999.0000000000
240.2263641357 237.5641784668 232.9181671143 231.8593597412 230.5899810791 229.9952392578 230.9758148193 233.5500183105 235.2173919678 235.7480163574 237.0095977783 237.2692718506 236.3029174805 232.6035003662 227.1202392578 220.0731201172 213.7650756836 209.7827453613 210.3240356445 212.5965881348 215.3727722168 216.9251251221 217.5841064453 218.4435882568 218.9689941406 217.0670928955 218.0375366211 9999.0000000000 9999.0000000000 9999.0000000000 9999.0000000000 9999.0000000000 9999.0000000000 9999.0000000000 9999.0000000000 9999.0000000000 9999.0000000000 9999.0000000000 9999.0000000000 9999.0000000000 9999.0000000000 9999.0000000000 9999.0000000000 9999.0000000000 9999.0000000000 9999.0000000000 9999.0000000000
241.2833099365 235.2372741699 230.7888488770 229.7376403809 228.5202484131 228.0808410645 228.7678375244 230.3383331299 232.0778808594 231.9382781982 233.2630615234 235.9163818359 235.5249633789 232.8045349121 225.9716033936 220.6193542480 214.3230438232 210.3304290771 210.2729339600 213.1003265381 214.4899291992 216.7608032227 218.7288665771 220.8612823486 221.3182373047 9999.0000000000 9999.0000000000 9999.0000000000 9999.0000000000 9999.0000000000 9999.0000000000 9999.0000000000 9999.0000000000 9999.0000000000 9999.0000000000 9999.0000000000 9999.0000000000 9999.0000000000 9999.0000000000 9999.0000000000 9999.0000000000 9999.0000000000 9999.0000000000 9999.0000000000 9999.0000000000 9999.0000000000 9999.0000000000
242.1009674072 234.7861175537 229.8807678223 228.3486633301 227.5968017578 226.7098693848 226.8159179688 227.8918914795 228.5442657471 227.6619110107 230.7345581055 233.3001403809 233.5628814697 231.9825286865 227.5968017578 221.3228607178 215.3551025391 211.9861602783 211.7252807617 212.6899108887 214.3055877686 216.4397888184 219.4520568848 221.5395660400 222.5156555176 9999.0000000000 9999.0000000000 9999.0000000000 9999.0000000000 9999.0000000000 9999.0000000000 9999.0000000000 9999.0000000000 9999.0000000000 9999.0000000000 9999.0000000000 9999.0000000000 9999.0000000000 9999.0000000000 9999.0000000000 9999.0000000000 9999.0000000000 9999.0000000000 9999.0000000000 9999.0000000000 9999.0000000000 9999.0000000000
