model_inputs/inputs/rsds1.asc
ncols 720
nrows 360
xllcorner -180
yllcorner -90
cellsize 0.500000
NODATA_value 9999.000000
[rows 84 to 104 of 360, columns 94 to 140 of 720]
9999.0000000000 9999.0000000000 9999.0000000000 9999.0000000000 9999.0000000000 9999.0000000000 9999.0000000000 9999.0000000000 9999.0000000000 9999.0000000000 9999.0000000000 9999.0000000000 9999.0000000000 9999.0000000000 9999.0000000000 9999.0000000000 35.3194465637 33.9223251343 31.8436031342 32.5021209717 33.3097114563 35.0815849304 37.4070205688 40.2419471741 44.3866729736 47.4958305359 51.5293045044 52.6525192261 53.8130798340 51.4948883057 49.6613044739 46.5088500977 45.0414314270 43.9723167419 44.5345153809 44.6906623840 46.8934707642 50.0113105774 53.7440872192 57.7750625610 62.3888435364 65.7105255127 66.2312469482 66.4499893188 65.4763870239 64.3668289185 63.7496223450
9999.0000000000 9999.0000000000 9999.0000000000 9999.0000000000 9999.0000000000 9999.0000000000 9999.0000000000 9999.0000000000 9999.0000000000 9999.0000000000 9999.0000000000 9999.0000000000 9999.0000000000 9999.0000000000 9999.0000000000 9999.0000000000 9999.0000000000 36.2990760803 34.4112358093 34.7182579041 35.3394126892 37.3668479919 39.8646736145 42.7938575745 45.8935661316 49.1586608887 52.5502815247 54.3852920532 55.8672142029 54.7793502808 52.1362380981 49.6534271240 47.9010581970 47.6575508118 46.9172935486 48.2260322571 50.3795089722 52.2704391479 57.3374824524 60.6328163147 64.9110412598 67.9260025024 69.4315490723 69.1102294922 68.3853683472 67.8290481567 67.4835662842
9999.0000000000 9999.0000000000 9999.0000000000 9999.0000000000 9999.0000000000 9999.0000000000 9999.0000000000 9999.0000000000 9999.0000000000 9999.0000000000 9999.0000000000 9999.0000000000 9999.0000000000 9999.0000000000 9999.0000000000 9999.0000000000 9999.0000000000 37.5475540161 36.8219223022 37.3409233093 37.5705413818 40.3867607117 41.5290641785 44.5773429871 47.4049415588 50.8594551086 53.3517990112 56.4144630432 57.4652481079 56.9832038879 54.6696586609 53.7749557495 51.5013275146 51.0554199219 50.8883323669 52.1296348572 53.8703117371 56.7747459412 60.9024810791 64.2302627563 67.6726760864 70.6674880981 72.2453460693 72.0538177490 72.0551376343 71.0722808838 70.5661392212
9999.0000000000 9999.0000000000 9999.0000000000 9999.0000000000 9999.0000000000 9999.0000000000 9999.0000000000 9999.0000000000 9999.0000000000 9999.0000000000 9999.0000000000 9999.0000000000 9999.0000000000 9999.0000000000 9999.0000000000 9999.0000000000 9999.0000000000 39.3515930176 38.6614112854 38.8428382874 39.8526954651 41.7945861816 43.9018745422 47.1993827820 49.4248771667 52.5597152710 55.7044219971 57.6950874329 59.2554893494 58.9761199951 57.2647972107 56.0452575684 54.8803329468 55.5439414978 55.4005165100 56.1941223145 57.5838851929 60.5088157654 63.5288543701 67.2241363525 70.5577697754 73.1393356323 74.1818161011 74.6268615723 74.2830200195 73.8155670166 73.1271286011
9999.0000000000 9999.0000000000 9999.0000000000 9999.0000000000 9999.0000000000 9999.0000000000 9999.0000000000 9999.0000000000 9999.0000000000 9999.0000000000 9999.0000000000 9999.0000000000 9999.0000000000 9999.0000000000 9999.0000000000 9999.0000000000 9999.0000000000 9999.0000000000 40.9804992676 41.1052055359 42.2984199524 44.7475357056 47.3726425171 49.6337814331 52.8260192871 55.5899200439 57.9579086304 59.6520805359 61.5523452759 61.4639625549 60.5099182129 59.7636871338 58.8804244995 58.9623413086 59.5009498596 60.3703613281 61.7018890381 63.6010932922 66.7254943848 69.6320419312 72.7014083862 75.1044158936 75.8896255493 76.1813812256 75.7570648193 75.4188919067 75.3575897217
9999.0000000000 9999.0000000000 9999.0000000000 9999.0000000000 9999.0000000000 9999.0000000000 9999.0000000000 9999.0000000000 9999.0000000000 9999.0000000000 9999.0000000000 9999.0000000000 9999.0000000000 9999.0000000000 9999.0000000000 9999.0000000000 9999.0000000000 43.7275581360 42.8177413940 43.6050872803 45.1623039246 47.7848587036 50.3377799988 53.3210945129 55.6417808533 59.0094375610 60.8879737854 62.4395370483 63.7020378113 64.1662139893 64.1528244019 63.2981491089 63.0483093262 62.8241615295 63.0210800171 63.9317054749 64.9355773926 66.5300292969 68.6207275391 71.9131851196 75.1221313477 77.0259704590 77.4857177734 77.2876892090 77.3194427490 76.8313980103 77.3430862427
9999.0000000000 9999.0000000000 9999.0000000000 9999.0000000000 9999.0000000000 9999.0000000000 9999.0000000000 9999.0000000000 9999.0000000000 9999.0000000000 9999.0000000000 9999.0000000000 9999.0000000000 9999.0000000000 9999.0000000000 9999.0000000000 9999.0000000000 46.0537910461 44.8243751526 45.9253349304 48.1134796143 50.4147796631 53.9340400696 56.3531227112 60.0229148865 61.9481620789 64.2766113281 65.6176834106 67.0866088867 67.1356811523 67.5711898804 67.3155517578 66.3717346191 66.2829132080 66.8484344482 67.6389160156 68.1355972290 69.3274536133 71.5519256592 73.7291564941 76.0399856567 77.8994903564 78.2882080078 78.3549957275 78.0633773804 78.0162734985 78.6680068970
9999.0000000000 9999.0000000000 9999.0000000000 9999.0000000000 9999.0000000000 9999.0000000000 9999.0000000000 9999.0000000000 9999.0000000000 9999.0000000000 9999.0000000000 9999.0000000000 9999.0000000000 9999.0000000000 9999.0000000000 9999.0000000000 9999.0000000000 48.2181777954 46.8796463013 48.2644195557 49.9413528442 53.7204627991 56.9930191040 60.3118515015 62.9159622192 65.7473220825 68.0298995972 69.2555465698 70.2616119385 70.4875869751 70.9091720581 70.3377838135 70.3388748169 69.9093551636 70.3358764648 70.9683380127 71.6330718994 72.2087631226 73.6362075806 75.5287933350 77.1046752930 78.5922775269 78.8004074097 78.9514312744 78.9188613892 79.5143966675 80.9499740601
9999.0000000000 9999.0000000000 9999.0000000000 9999.0000000000 9999.0000000000 9999.0000000000 9999.0000000000 9999.0000000000 9999.0000000000 9999.0000000000 9999.0000000000 9999.0000000000 9999.0000000000 9999.0000000000 9999.0000000000 9999.0000000000 9999.0000000000 49.4066047668 50.3503646851 50.8603401184 53.8341560364 56.1275329590 60.3315010071 63.9223785400 66.3985671997 69.4254150391 71.5519943237 73.5525436401 73.3652725220 74.8753585815 74.2675781250 74.2950515747 74.1494827271 73.8930358887 74.3878631592 75.1433258057 75.0605545044 75.7406158447 77.3903427124 77.5906295776 78.4740371704 79.6853942871 79.9956207275 81.0216903687 80.7319869995 82.4253921509 84.4302673340
9999.0000000000 9999.0000000000 9999.0000000000 9999.0000000000 9999.0000000000 9999.0000000000 9999.0000000000 9999.0000000000 9999.0000000000 9999.0000000000 9999.0000000000 9999.0000000000 9999.0000000000 9999.0000000000 9999.0000000000 9999.0000000000 9999.0000000000 53.2508544922 52.2668190002 53.6034355164 55.9955253601 59.3038711548 64.3833236694 67.5932540894 70.6282653809 73.1392745972 75.2586441040 76.7626190186 77.8977050781 78.8346557617 78.6889648438 79.0559005737 78.2806701660 79.1564788818 78.9144821167 79.7410430908 79.7822036743 79.7173156738 80.1470031738 79.8909988403 80.5531463623 81.6237411499 82.7389068604 83.9102554321 85.7479171753 87.5785598755 89.1701965332
9999.0000000000 9999.0000000000 9999.0000000000 9999.0000000000 9999.0000000000 9999.0000000000 9999.0000000000 9999.0000000000 9999.0000000000 9999.0000000000 9999.0000000000 9999.0000000000 9999.0000000000 9999.0000000000 9999.0000000000 9999.0000000000 57.2898674011 54.7808647156 55.0539627075 56.0333061218 58.9038276672 62.2787399292 66.5616378784 70.9185409546 73.9245071411 76.4067687988 78.5744171143 81.0065917969 82.1476287842 82.5706176758 82.7628173828 82.7962799072 82.4836654663 83.2482070923 83.5703430176 83.5662841797 83.6294784546 83.5637817383 82.9794311523 82.4824905396 82.6246719360 82.5471801758 84.8065185547 86.7695159912 89.4701080322 91.5811691284 93.7255859375
9999.0000000000 9999.0000000000 9999.0000000000 9999.0000000000 9999.0000000000 9999.0000000000 9999.0000000000 9999.0000000000 9999.0000000000 9999.0000000000 9999.0000000000 9999.0000000000 9999.0000000000 9999.0000000000 9999.0000000000 9999.0000000000 9999.0000000000 57.8838958740 57.5876884460 58.8895988464 61.7033004761 65.0802917480 69.5814056396 73.3060226440 76.5888137817 79.4167098999 82.7675704956 84.6887893677 85.7687149048 86.5047149658 86.9127883911 86.6716690063 87.1644134521 87.6354675293 88.3250274658 87.9837265015 88.9059143066 87.5023498535 86.3668441772 85.8131790161 84.5194702148 84.7665557861 86.7824935913 90.4873275757 92.2957534790 96.1573562622 98.1721267700
9999.0000000000 9999.0000000000 9999.0000000000 9999.0000000000 9999.0000000000 9999.0000000000 9999.0000000000 9999.0000000000 9999.0000000000 9999.0000000000 9999.0000000000 9999.0000000000 9999.0000000000 9999.0000000000 9999.0000000000 9999.0000000000 9999.0000000000 61.5401535034 60.3089027405 61.0548858643 63.4861831665 67.6308364868 71.0616989136 75.1218948364 78.5573425293 82.3290710449 85.4527053833 88.0510635376 89.9228515625 90.6562423706 91.1054611206 91.6048507690 91.2871170044 91.9535217285 92.8514175415 93.6194534302 93.5534057617 93.5149841309 91.8315048218 89.4892120361 88.6767654419 88.3920745850 90.5881729126 94.0157165527 97.3787918091 100.0273895264 102.5381469727
9999.0000000000 9999.0000000000 9999.0000000000 9999.0000000000 9999.0000000000 9999.0000000000 9999.0000000000 9999.0000000000 9999.0000000000 9999.0000000000 9999.0000000000 9999.0000000000 9999.0000000000 9999.0000000000 9999.0000000000 9999.0000000000 9999.0000000000 64.1864776611 63.0855255127 63.3239631653 66.1819992065 69.4792404175 73.0960540771 76.5407791138 80.4637298584 84.2478713989 87.9724349976 90.6554489136 93.2937469482 94.4553756714 94.6787490845 94.7433471680 94.9892807007 95.9463806152 96.7584228516 98.6596221924 98.8897018433 98.7471237183 96.2242355347 94.0622558594 92.6275177002 92.9312896729 94.5354232788 97.3397140503 100.6984481812 103.5791320801 104.8387985229
9999.0000000000 9999.0000000000 9999.0000000000 9999.0000000000 9999.0000000000 9999.0000000000 9999.0000000000 9999.0000000000 9999.0000000000 69.2373580933 9999.0000000000 9999.0000000000 9999.0000000000 9999.0000000000 9999.0000000000 9999.0000000000 9999.0000000000 66.5874176025 66.1971054077 66.4479980469 67.9701843262 71.2009811401 74.3623733521 78.0276107788 81.6293029785 85.4252700806 90.3907699585 93.4555587769 96.6631469727 97.3883056641 97.6254653931 98.6354064941 98.7106170654 100.3071746826 101.4497070312 102.8475723267 104.0542068481 103.0457305908 101.1290664673 99.0301513672 97.7309188843 97.0248565674 98.9113464355 101.1169204712 104.3515319824 106.4079208374 107.8972854614
9999.0000000000 9999.0000000000 9999.0000000000 9999.0000000000 9999.0000000000 9999.0000000000 9999.0000000000 9999.0000000000 9999.0000000000 9999.0000000000 9999.0000000000 9999.0000000000 9999.0000000000 9999.0000000000 9999.0000000000 9999.0000000000 9999.0000000000 69.5638427734 70.2440719604 70.2715225220 72.3558578491 73.5657806396 76.2101974487 80.1714248657 83.5782470703 88.2576904297 92.2973937988 95.4658966064 99.1503372192 100.5692138672 102.1945571899 102.7675552368 103.4713211060 105.0875320435 104.6867141724 106.1471557617 107.1919784546 106.7762985229 105.2669677734 104.8999481201 102.8486862183 101.3851470947 103.4246597290 106.4107818604 107.6124572754 109.2247085571 110.6168060303
9999.0000000000 9999.0000000000 9999.0000000000 9999.0000000000 9999.0000000000 9999.0000000000 9999.0000000000 9999.0000000000 9999.0000000000 9999.0000000000 9999.0000000000 9999.0000000000 9999.0000000000 9999.0000000000 9999.0000000000 9999.0000000000 9999.0000000000 75.5232925415 76.0635757446 74.3598556519 75.4211044312 76.7422790527 79.4243621826 82.8576660156 86.4445724487 91.0377578735 94.6994171143 98.6147384644 102.8114852905 104.6622009277 107.7883453369 107.6230010986 109.4006042480 109.2494506836 110.3765029907 111.2139358521 110.5999755859 110.1399078369 109.6767807007 109.2394485474 108.7642745972 107.7376556396 109.6408309937 111.1224288940 112.2098999023 112.4393234253 112.9753417969
9999.0000000000 9999.0000000000 9999.0000000000 9999.0000000000 9999.0000000000 9999.0000000000 9999.0000000000 9999.0000000000 9999.0000000000 9999.0000000000 9999.0000000000 9999.0000000000 9999.0000000000 9999.0000000000 9999.0000000000 9999.0000000000 9999.0000000000 9999.0000000000 80.6589050293 79.8245773315 79.7318115234 80.9192123413 82.9286956787 85.3129806519 88.6437606812 92.6076812744 97.1232376099 101.6990432739 105.1767349243 108.9364089966 112.6290969849 113.1674804688 114.2690658569 114.3802795410 113.7961807251 113.7072906494 113.8278198242 112.8522720337 112.9669494629 112.7611770630 112.5400314331 113.4000091553 113.8705139160 114.9100494385 115.2077178955 115.1200485229 115.1069717407
9999.0000000000 9999.0000000000 9999.0000000000 9999.0000000000 9999.0000000000 9999.0000000000 9999.0000000000 9999.0000000000 9999.0000000000 9999.0000000000 9999.0000000000 9999.0000000000 9999.0000000000 9999.0000000000 9999.0000000000 9999.0000000000 9999.0000000000 9999.0000000000 81.9756469727 81.7542953491 84.4713058472 85.1224136353 86.5696716309 89.6095504761 91.2527770996 95.3567047119 99.2425079346 103.2117996216 109.3340759277 113.5754165649 116.3040542603 118.5462265015 117.9683761597 117.6633987427 116.5383911133 115.6399688721 115.6822052002 115.3673248291 115.8767166138 116.8115310669 116.6071166992 118.1471481323 118.4453582764 119.3559570312 118.6093750000 118.2745437622 117.7571105957
9999.0000000000 9999.0000000000 9999.0000000000 9999.0000000000 9999.0000000000 9999.0000000000 9999.0000000000 9999.0000000000 9999.0000000000 9999.0000000000 9999.0000000000 9999.0000000000 9999.0000000000 9999.0000000000 9999.0000000000 9999.0000000000 9999.0000000000 9999.0000000000 9999.0000000000 84.6846313477 87.9511871338 91.5098648071 90.7313842773 93.1992797852 94.4884567261 96.8544998169 100.5937194824 106.2980346680 111.7181472778 115.7456588745 119.9837875366 121.3298645020 120.9858322144 120.1795196533 118.8172836304 118.0503540039 117.6337814331 117.4209136963 118.2953720093 118.8968048096 120.2898788452 121.5981140137 122.0682601929 122.1865768433 122.4035644531 121.8544235229 121.2957916260
9999.0000000000 9999.0000000000 9999.0000000000 9999.0000000000 9999.0000000000 9999.0000000000 9999.0000000000 9999.0000000000 9999.0000000000 9999.0000000000 9999.0000000000 9999.0000000000 9999.0000000000 9999.0000000000 9999.0000000000 9999.0000000000 9999.0000000000 9999.0000000000 9999.0000000000 9999.0000000000 91.9070053101 94.6624526978 95.9599533081 96.5826339722 97.7045669556 99.3594131470 101.5340728760 107.2031784058 112.1719512939 117.7856292725 121.1843872070 123.2518386841 122.6662902832 121.6118316650 120.4282836914 119.6651687622 119.0782928467 118.8923263550 118.9192962646 120.0928649902 121.7265625000 123.3861389160 124.5307922363 125.0272216797 124.4614410400 124.1978530884 124.7076950073
