model_inputs/inputs/rsds6.asc
ncols 720
nrows 360
xllcorner -180
yllcorner -90
cellsize 0.500000
NODATA_value 9999.000000
[rows 105 to 125 of 360, columns 141 to 187 of 720]
349.8153381348 348.1180419922 345.2690429688 340.3244323730 338.2585754395 334.0567321777 331.6482849121 328.0361022949 324.2533874512 321.6541748047 318.8594665527 315.7596435547 313.6594238281 310.4105834961 307.4319152832 304.0553894043 301.0933227539 297.8260498047 292.6742553711 290.0351867676 288.3314208984 286.9930725098 285.4158935547 282.9170532227 280.9138488770 278.6161804199 275.9945068359 272.5976562500 269.9040527344 268.4998474121 267.9076538086 267.2909545898 267.7155761719 269.1662292480 270.7846069336 272.5546875000 274.5686950684 276.3092956543 276.6724548340 277.4883728027 276.2543945312 274.1934204102 271.3966674805 269.3063659668 266.4860229492 264.5394287109 262.1260986328
349.7563476562 349.2809143066 347.3474426270 343.0676879883 340.0631408691 336.2760925293 331.5495910645 328.3638000488 324.0635375977 320.6921997070 317.1341247559 313.6881408691 311.2918395996 308.8882141113 306.3667297363 303.9772033691 300.5596008301 298.6461791992 293.6624450684 290.9266357422 289.0410156250 286.9635925293 286.0916442871 283.7352294922 281.5538330078 278.9081420898 275.3850402832 273.2586059570 270.5148620605 268.8402099609 267.8479919434 267.4863281250 267.9227905273 269.4028625488 271.0303039551 272.0876770020 274.3990173340 275.3848876953 275.9487915039 276.3992004395 273.9835205078 271.3275146484 268.9045715332 265.6180419922 263.4941101074 261.9852600098 259.5335693359
349.4252624512 348.6546936035 347.0739746094 344.0522766113 341.2317199707 337.7767639160 334.0025329590 327.6729431152 323.9882202148 320.1104431152 316.1008911133 313.2599182129 311.1101379395 308.5957641602 305.8317565918 303.2808532715 300.3715209961 297.6302185059 294.3106384277 291.6996765137 290.4163818359 288.3957214355 286.9093933105 284.7270812988 281.8399047852 279.5829162598 276.0744934082 272.8151550293 270.9640808105 268.9557800293 268.0649719238 267.3253173828 267.6376037598 269.1627807617 270.9592895508 272.3781127930 273.3592224121 274.8461914062 275.1682128906 275.1318054199 272.7225952148 269.8878784180 266.2232055664 263.4915466309 261.3565063477 259.6315917969 258.4571838379
348.1292114258 346.6907653809 344.6917114258 342.4403381348 339.3453979492 336.9368286133 333.8817443848 328.9456481934 325.3243713379 321.3530578613 317.6989135742 314.0006408691 311.7000732422 309.0399475098 306.3504028320 303.4755249023 300.4739685059 298.2472839355 295.2981262207 293.3682861328 291.1596679688 289.1569824219 287.3544921875 285.2796325684 282.4339904785 279.2283020020 276.0470581055 273.0789489746 271.0771484375 269.2150573730 268.1068115234 268.4264221191 269.2074584961 270.2066040039 271.4010314941 272.7042541504 273.4524536133 274.1336059570 274.3109436035 273.4453735352 271.6949157715 268.3035278320 265.0534362793 260.9810180664 259.3287658691 258.1908569336 257.3695068359
346.7447204590 345.4089660645 342.2845153809 339.9550476074 337.9207763672 334.3667297363 332.2131347656 329.0246276855 325.5131530762 322.6272277832 318.6582336426 314.9440917969 312.0703735352 308.5617980957 305.8222961426 302.6702575684 299.2584228516 297.9113464355 295.1568603516 292.9989929199 291.0145263672 289.0903015137 287.5998229980 284.8177185059 281.9665527344 279.0644531250 275.5043029785 272.3818664551 270.2946166992 269.1702880859 268.5608520508 268.2575073242 268.7409057617 269.8145751953 271.3079223633 272.5024108887 272.8055114746 273.2961120605 272.7029418945 270.9760437012 269.1770629883 266.5639953613 262.5425109863 258.9388732910 257.8153076172 256.9831542969 256.0949401855
345.3941650391 343.3866577148 340.3878784180 337.5816955566 335.6573486328 333.6550292969 331.4108886719 328.5158691406 326.0395202637 322.9484863281 319.5751342773 315.9925231934 312.9518432617 308.7320556641 305.7274475098 302.2391662598 299.7995300293 298.4395446777 295.3882446289 292.7319641113 291.3271484375 288.9447937012 287.2675170898 284.9353637695 282.2214965820 279.4466247559 274.6626892090 271.3774414062 270.0954589844 268.7300415039 268.3172607422 268.9341430664 269.3893737793 270.7163391113 271.7211303711 272.6948852539 272.1909179688 271.6750183105 270.5447082520 268.8439331055 266.4680175781 264.1476135254 261.2735900879 259.3170471191 257.8171997070 256.3676147461 255.7103881836
344.3052978516 341.7915649414 339.1996459961 336.2608337402 334.3685913086 332.5568847656 330.3771362305 328.2235107422 326.0841674805 323.1432189941 320.3047180176 317.4439086914 313.7548522949 310.1083984375 306.1540527344 303.1903991699 301.6264953613 299.1148986816 295.5138854980 293.6230773926 291.3821105957 289.3491821289 287.7087707520 285.4096374512 282.1827392578 278.7363891602 274.5599365234 271.4114990234 270.1754150391 269.2283020020 269.0512084961 269.7540283203 270.4881286621 271.4136047363 271.7495727539 271.7195129395 270.8609313965 270.0574035645 268.9104003906 267.3154602051 265.5455932617 263.6196289062 261.7920227051 260.0100402832 258.9191894531 257.6679687500 256.7856750488
343.0254211426 340.3311462402 338.1301879883 335.2894287109 333.3458862305 331.5933837891 329.4696044922 327.2398681641 325.1328430176 322.9446411133 320.3290405273 317.9520263672 314.7146606445 310.3632507324 307.8006591797 304.0890808105 302.1170349121 299.8015136719 296.7652893066 294.6352539062 291.8651428223 289.7610778809 288.8061523438 285.3367919922 282.1825561523 278.1149902344 274.9160156250 271.8352355957 270.6820983887 270.2083740234 269.8818969727 270.0385742188 271.2040405273 271.3573303223 271.5599060059 270.4513854980 269.9824218750 268.9335937500 268.0986328125 266.9446105957 265.2782897949 263.8061523438 262.3493957520 261.1971740723 259.6751098633 258.1286010742 257.3976440430
341.6672363281 340.0032348633 336.7958068848 334.7509155273 332.6821289062 330.3549499512 328.5874633789 326.0978393555 323.7929382324 322.0642700195 319.5625000000 317.1179809570 314.7291259766 310.8231506348 308.3747558594 305.0754699707 302.6345214844 300.5791625977 296.7160034180 294.4198608398 291.7172851562 289.9573059082 286.4868774414 283.1456909180 280.2377624512 277.5541992188 273.9739990234 271.3910522461 270.4360961914 268.9763793945 268.6158447266 268.9322204590 268.6549682617 268.1243286133 267.9387207031 268.0858459473 267.7550354004 267.0341491699 267.2129516602 266.1679382324 264.5714111328 263.5361022949 262.2409362793 261.0281982422 260.0383911133 258.5105895996 257.8825073242
340.7296752930 338.1794738770 336.0182495117 333.7474060059 331.9178771973 330.0610046387 328.0699157715 325.6425781250 323.0603942871 321.0271606445 318.6104736328 316.3423461914 313.8379211426 311.4577941895 308.4312744141 305.9046325684 303.2971496582 300.1659545898 296.9528503418 294.2936096191 291.0073547363 288.2055664062 285.2514953613 281.8484191895 278.9071350098 275.4219360352 272.6078186035 270.3721923828 269.1426696777 267.9749145508 268.1396484375 267.6661682129 266.2775573730 265.8155517578 265.2204284668 265.3713989258 265.1218566895 264.7473449707 265.0578918457 264.2064819336 263.2705383301 262.5660400391 261.9857788086 260.8679809570 259.6106262207 259.4573974609 258.6247863770
339.5263671875 337.2798767090 335.4659729004 332.9571533203 331.5043029785 329.7955322266 328.2436828613 326.4504089355 323.8155517578 321.2377319336 318.0982971191 315.2377319336 312.4429016113 311.6351013184 308.5754699707 305.6890258789 302.3211669922 299.4600830078 296.1307067871 292.9135742188 289.8316650391 286.1497497559 282.9174499512 280.5441284180 277.4175415039 274.1772155762 271.1609497070 268.3548278809 267.4225158691 266.5852966309 265.1198425293 263.9913330078 262.9765319824 262.5321960449 261.8613281250 261.0288696289 261.6311340332 261.0614013672 260.9973754883 261.3664855957 260.3667297363 259.6085510254 258.9183349609 258.0512695312 258.5885009766 257.7347717285 256.9698181152
337.7288818359 335.7168579102 333.3800048828 331.3722839355 330.7834472656 329.1480712891 328.1236877441 327.0246887207 324.1773071289 320.8392333984 317.9545288086 314.0827331543 311.6489562988 310.5002136230 307.2920837402 305.3542785645 302.1181640625 298.0403747559 294.5250854492 290.9775390625 287.1572570801 283.7377319336 281.4583435059 278.7053527832 275.4681091309 272.1251831055 269.1905517578 266.6739807129 266.5961914062 264.7081298828 262.1873474121 261.3753967285 260.1489562988 259.0003967285 259.6412048340 259.2679443359 258.3767700195 258.2304077148 258.2748413086 258.3683166504 258.0217895508 257.0324707031 256.5914001465 256.6837768555 255.8524627686 255.3041992188 254.8255767822
335.3759155273 333.3655090332 331.0563049316 329.0408020020 328.3740234375 328.6199951172 327.8775939941 326.0405883789 323.2039489746 320.5000610352 316.9423217773 313.6675415039 310.9805603027 309.7234497070 306.0624084473 303.5879211426 299.9140625000 295.3257141113 292.3413085938 288.3300781250 283.5582885742 281.3334655762 278.7526245117 275.9079895020 272.5009460449 269.5623168945 266.8379516602 265.2935485840 264.0474243164 262.0047607422 261.3179931641 260.8779296875 260.0997009277 259.0068969727 259.7900695801 259.3853759766 257.1115112305 257.4809875488 257.4809570312 257.6126403809 257.4130554199 257.1547546387 256.5953979492 256.6102905273 256.4751892090 256.0099487305 255.4447021484
332.4796752930 330.1345520020 327.6870422363 325.8594665527 326.2078857422 326.2831420898 325.9616088867 324.6524353027 322.5534973145 319.6187744141 316.2451782227 313.3839416504 310.7150878906 308.5627136230 304.8325805664 301.0311279297 296.2474670410 292.1596374512 288.5205383301 284.6100769043 281.6875305176 278.6694946289 275.6547241211 273.1424560547 270.2979125977 267.8736572266 265.1623840332 263.1744079590 262.2901306152 262.0690002441 261.4662475586 261.4569702148 261.4785461426 261.9536437988 261.2649230957 260.9720458984 260.4728393555 260.7139892578 260.2587280273 260.1261901855 259.8511352539 259.4946289062 259.4161376953 259.9977111816 259.8845214844 259.7468261719 259.2438964844
329.5359191895 325.0816650391 322.9372253418 320.5900878906 321.5300292969 321.1603698730 321.8153076172 321.0915222168 320.4530944824 318.7774353027 317.4183349609 314.1174316406 312.0263366699 308.9855957031 304.6843872070 296.9938659668 292.2420959473 286.1933593750 282.5782165527 281.2903442383 278.8956909180 276.5127563477 274.1425170898 271.3538208008 268.3931579590 266.3356018066 263.4756774902 261.5980834961 261.9278564453 265.3089904785 266.6632385254 265.8701782227 267.2616577148 267.9049987793 269.0919799805 268.3001403809 269.1092834473 268.0696105957 268.0408325195 267.4843750000 264.3217468262 262.9227294922 261.5297241211 260.1234130859 260.2580261230 262.3587951660 263.9330444336
326.4246826172 322.5309448242 317.5156250000 315.2763061523 316.3843078613 314.5514831543 315.7437438965 317.1753234863 316.7893371582 317.6434631348 317.1047973633 315.7256469727 313.6544189453 309.0221862793 301.9274291992 293.7016296387 285.6546630859 279.8457031250 278.2104187012 277.6137390137 275.8271484375 274.7377319336 272.0160522461 268.5745239258 265.5974731445 264.1809387207 262.3180541992 260.9582824707 264.2892456055 266.8080749512 268.4505004883 269.8191223145 270.3642883301 272.6479797363 272.7998046875 271.8881225586 271.1878051758 270.7561340332 268.4563293457 266.0605468750 264.1911926270 9999.0000000000 9999.0000000000 9999.0000000000 9999.0000000000 9999.0000000000 9999.0000000000
323.9693298340 317.9224243164 313.0937194824 311.0299682617 309.9909667969 309.0649414062 309.8536987305 313.0598144531 315.0981140137 316.1837463379 318.2025756836 317.1152038574 314.1480407715 309.0845031738 302.0774230957 292.0441894531 283.9602355957 277.7764892578 275.6644592285 276.1075744629 275.8097229004 273.8790283203 271.8764648438 269.5830688477 265.7918090820 264.7029113770 263.0764160156 263.8373413086 267.2430114746 269.5163574219 9999.0000000000 9999.0000000000 9999.0000000000 9999.0000000000 9999.0000000000 9999.0000000000 271.1657409668 269.0554809570 269.2379150391 266.3677673340 264.5805358887 9999.0000000000 9999.0000000000 9999.0000000000 9999.0000000000 9999.0000000000 9999.0000000000
321.2324218750 314.4453125000 309.9834594727 307.5290527344 306.2464294434 305.2943725586 305.6200866699 309.2227172852 312.4856262207 315.2245788574 317.8023681641 316.8316345215 314.7438049316 309.8945922852 300.3161926270 292.4907836914 283.8333129883 279.3065490723 277.3765869141 277.3703308105 277.5794677734 276.0168762207 274.3013000488 272.2858581543 270.5019531250 269.4244384766 269.4544982910 272.0482482910 272.8298950195 9999.0000000000 9999.0000000000 9999.0000000000 9999.0000000000 9999.0000000000 9999.0000000000 9999.0000000000 9999.0000000000 9999.0000000000 9999.0000000000 9999.0000000000 9999.0000000000 9999.0000000000 9999.0000000000 9999.0000000000 9999.0000000000 9999.0000000000 9999.0000000000
319.6113281250 313.9718627930 307.8768005371 304.0408325195 301.8812561035 301.6357116699 302.1654968262 305.3634338379 309.6262817383 312.0297241211 314.2057189941 314.8294982910 313.9277038574 308.7898254395 300.8958740234 294.6768493652 288.1857299805 283.6364135742 282.1835632324 281.2972412109 280.4163208008 280.9729614258 279.1406860352 278.2125854492 277.8216247559 274.3593750000 275.9263000488 9999.0000000000 9999.0000000000 9999.0000000000 9999.0000000000 9999.0000000000 9999.0000000000 9999.0000000000 9999.0000000000 9999.0000000000 9999.0000000000 9999.0000000000 9999.0000000000 9999.0000000000 9999.0000000000 9999.0000000000 9999.0000000000 9999.0000000000 9999.0000000000 9999.0000000000 9999.0000000000
318.9346008301 312.6686096191 306.6071777344 302.5121459961 299.8473510742 298.1359863281 298.6285400391 301.3129272461 305.3261718750 308.9333496094 310.5928344727 313.0366516113 312.6947937012 308.2984008789 302.4527587891 297.3338623047 293.4220581055 288.5533752441 286.8285217285 285.0850219727 284.1574096680 284.3404541016 283.4229431152 284.2905883789 283.0129089355 9999.0000000000 9999.0000000000 9999.0000000000 9999.0000000000 9999.0000000000 9999.0000000000 9999.0000000000 9999.0000000000 9999.0000000000 9999.0000000000 9999.0000000000 9999.0000000000 9999.0000000000 9999.0000000000 9999.0000000000 9999.0000000000 9999.0000000000 9999.0000000000 9999.0000000000 9999.0000000000 9999.0000000000 9999.0000000000
318.9016723633 311.4438476562 305.9123840332 301.0318908691 297.0672607422 295.0063781738 295.2738647461 298.7587585449 303.1738281250 305.9716796875 307.9809570312 310.3331604004 310.7270202637 307.9980468750 304.9267578125 300.7470397949 296.2604675293 293.2104797363 290.7889709473 288.3287353516 286.6298217773 285.7903747559 286.9766540527 287.1853637695 285.3500671387 9999.0000000000 9999.0000000000 9999.0000000000 9999.0000000000 9999.0000000000 9999.0000000000 9999.0000000000 9999.0000000000 9999.0000000000 9999.0000000000 9999.0000000000 9999.0000000000 9999.0000000000 9999.0000000000 9999.0000000000 9999.0000000000 9999.0000000000 9999.0000000000 9999.0000000000 9999.0000000000 9999.0000000000 9999.0000000000
