model_inputs/inputs/rsds10.asc
ncols 720
nrows 360
xllcorner -180
yllcorner -90
cellsize 0.500000
NODATA_value 9999.000000
[rows 105 to 125 of 360, columns 141 to 187 of 720]
185.8412780762 184.7981567383 183.6088409424 183.6222991943 183.9210357666 184.2142181396 185.4577178955 185.4968109131 186.0355529785 185.4763793945 184.9005889893 183.3382568359 182.8953399658 180.7200927734 178.9811248779 175.9914398193 173.7958984375 171.5696563721 168.7291870117 166.8687133789 164.9961242676 162.9034118652 161.3442535400 158.9856567383 157.5072784424 155.3175354004 153.6921844482 152.2839050293 150.7240447998 149.7665405273 148.7982788086 148.1250915527 148.0268096924 148.1470489502 148.4315032959 148.6982269287 149.9676208496 150.4092559814 150.9664306641 151.1787414551 150.8370056152 150.5034027100 149.9661407471 149.1173706055 148.7280273438 147.9201202393 147.2930603027
188.1233215332 188.1268157959 188.4269104004 187.8302764893 187.0806732178 186.6810150146 187.0448303223 186.6649627686 186.7194671631 185.9243621826 185.5426177979 184.4896087646 183.6634674072 181.5752563477 180.0062866211 177.6219482422 175.2257385254 173.3111572266 170.5677185059 168.4175109863 166.7037200928 164.4867553711 163.6602630615 161.1059722900 159.4405212402 157.5216979980 155.4546966553 154.0811157227 152.3932952881 151.0707092285 150.3980865479 149.8350830078 149.6734924316 149.7126617432 149.9282684326 150.9108734131 151.5868377686 152.1272125244 152.9154968262 153.3858032227 153.0152587891 152.2468109131 151.7820739746 150.8682098389 150.2131195068 150.0051269531 149.2378387451
190.8683166504 190.9674987793 190.1977386475 189.9010162354 189.5696105957 189.3068237305 188.5009613037 187.5031890869 187.1499938965 186.8087615967 186.3228302002 185.3588867188 184.1601257324 182.4306945801 180.8631286621 178.8136291504 176.4620819092 174.2425842285 171.9194946289 169.7539672852 168.4485931396 166.4977874756 165.0658721924 162.7049255371 160.3025970459 158.6146392822 156.7793121338 155.3211517334 154.3109283447 152.7674255371 151.7409057617 151.1688232422 150.8188781738 151.1198425293 151.6304168701 152.4879455566 154.0281219482 155.0958404541 155.1105346680 155.2754669189 154.8333129883 154.2527465820 152.8011474609 152.3048400879 151.9102020264 151.5630187988 151.2660827637
192.2034149170 192.4347229004 192.2573394775 192.1380767822 191.2241516113 190.6708068848 190.0206146240 189.5382232666 188.5159454346 188.0800781250 187.2067413330 186.1376037598 184.6445007324 183.0888061523 181.5289916992 179.7212066650 177.4532623291 175.3647003174 173.2789764404 171.0072021484 169.0757598877 167.4716339111 165.4044036865 163.6879730225 161.6504516602 159.3156738281 157.8749084473 156.4398498535 155.1329803467 153.9718322754 153.3856964111 152.8070068359 152.4847106934 152.8899993896 153.7227020264 154.4229431152 155.6780700684 156.7399291992 156.8883514404 157.0407714844 156.5749664307 155.8188781738 154.5098876953 153.8437805176 153.9024963379 153.5346832275 153.2622070312
194.0788421631 194.4208068848 193.5847473145 193.6828765869 192.8843841553 191.9277191162 191.6356506348 191.0490722656 190.0859985352 189.0765838623 188.2740936279 186.7306976318 185.3270263672 183.3063049316 182.0119018555 179.9894561768 177.9347534180 176.2215423584 173.5710449219 171.8443908691 170.1121978760 168.0354156494 166.6260986328 164.5621948242 162.3774108887 161.0141601562 158.7205047607 157.0496826172 156.5955505371 155.5496063232 155.0234222412 154.5798339844 154.6575012207 154.6539154053 155.4520416260 156.2787780762 157.6540527344 158.6617126465 158.5144195557 158.4747161865 158.0637207031 157.4123535156 156.5566558838 155.9009857178 155.8031311035 155.4040679932 155.5414428711
195.4191894531 196.0056457520 195.2644958496 194.6535339355 194.0293273926 193.6884155273 193.6945343018 193.4419555664 192.3516845703 190.6667175293 189.2660217285 187.6061401367 185.8845977783 183.8553009033 182.8421173096 180.5335083008 178.5799255371 177.1986236572 174.8198547363 172.7938537598 171.1242675781 168.8541107178 167.5140075684 165.4782714844 163.1261596680 162.1713867188 160.0183105469 158.5237579346 158.1385498047 157.4387817383 157.0910949707 157.2545013428 156.7547302246 157.3189392090 158.2606353760 158.7464447021 159.7953491211 160.6130676270 161.3957672119 161.1036224365 160.4646453857 159.6672668457 159.3025665283 158.6394958496 158.8443298340 158.4785003662 157.9864044189
196.7854309082 196.5603790283 195.6813812256 195.2749786377 195.4984130859 195.2505187988 195.2967987061 194.8618469238 194.0692596436 192.5045471191 191.2035369873 189.3445587158 187.0161437988 185.1253814697 183.3891296387 181.2831115723 179.5075073242 177.7487640381 175.9293212891 173.9711151123 172.2813110352 170.0775451660 168.4816131592 166.7339935303 164.5759429932 163.0316314697 161.4593963623 160.1346740723 159.6391296387 159.3041381836 158.9228363037 158.9660949707 159.1034851074 159.7421875000 160.1382141113 160.8730773926 161.8055725098 162.9379272461 163.4478912354 162.9499969482 162.8523254395 162.6081085205 162.2187042236 161.5257568359 161.2622680664 161.2570343018 161.2368469238
197.7868041992 196.9001007080 196.6038970947 196.0763549805 196.2637634277 196.6621398926 196.7470855713 196.6167602539 195.6399688721 194.6767883301 192.7178649902 190.4170684814 188.6945037842 186.0609741211 184.5582733154 182.2842559814 180.4859008789 179.0052490234 177.3076934814 175.4604187012 173.2837066650 171.4444580078 170.2574768066 167.9812011719 165.9174804688 164.7631378174 163.4679412842 162.6735687256 161.9544525146 161.7406768799 161.6098175049 160.8679046631 161.2802734375 161.8378143311 162.2849426270 162.7890014648 163.5907897949 165.0039520264 165.8016204834 164.7845306396 165.1325988770 165.1263885498 164.5061340332 164.4185180664 164.1916809082 164.1760864258 164.5914306641
199.4174194336 198.8283386230 198.3113250732 197.1721801758 198.0227661133 198.1829376221 198.3802032471 198.4012603760 197.3115844727 195.7966766357 193.9186859131 192.0160827637 190.0523529053 187.2885437012 185.7197570801 183.6486968994 181.4514160156 180.0617828369 178.3760681152 177.1804046631 175.1465148926 172.6539611816 171.4036865234 169.4775695801 168.1726379395 166.8639373779 165.6046447754 164.8061981201 164.3591308594 163.9292755127 163.7521057129 163.2564697266 163.7489166260 164.2245178223 164.4278259277 165.1566009521 166.0626220703 167.1529693604 166.9266052246 167.6132354736 168.0062103271 167.5737609863 167.6648406982 167.5496978760 167.6343688965 167.8138580322 168.2178649902
200.6181030273 199.9699401855 199.9711608887 198.9721984863 199.3030090332 199.5263519287 199.6078491211 199.2535247803 198.7255249023 197.1339874268 195.3795471191 193.0287933350 190.5750122070 188.4519195557 186.3215179443 184.0590972900 182.2891387939 180.2401885986 178.6587524414 177.1979522705 174.8911285400 173.5434875488 171.7436981201 170.4823608398 169.1960449219 167.7562255859 167.7422637939 166.4706726074 166.3440093994 165.9558563232 165.5712585449 165.5303039551 165.8121643066 166.0392608643 166.5535125732 167.0588836670 168.1523437500 169.0018463135 169.3003540039 169.7445678711 170.2961273193 170.4111175537 170.3801574707 170.6614837646 171.0562438965 170.9844055176 171.0452423096
202.5107574463 202.2053985596 201.6415710449 201.5633087158 201.3289489746 201.4909210205 201.3599090576 200.7112426758 199.8527832031 198.3012390137 196.1480407715 193.8660278320 191.5551452637 189.1559753418 185.8436279297 183.5879211426 181.9772338867 180.8613281250 179.0835418701 177.3408203125 175.5622253418 173.6215972900 172.0063629150 170.8403930664 169.0110168457 168.4944000244 168.1952972412 167.8395385742 167.4685974121 167.1337432861 166.5621643066 166.9898529053 167.7769317627 168.1790161133 168.4228973389 169.0703887939 170.0706024170 171.1776428223 171.7077026367 172.2025299072 172.6253204346 172.4148712158 172.5412750244 172.9443664551 173.0735931396 173.1851806641 173.2722167969
204.6817321777 204.7010498047 204.1368865967 204.3089294434 204.0454559326 203.7382202148 203.1669006348 202.2088012695 201.0233001709 199.2932586670 197.3572998047 194.6147003174 191.6965332031 189.1606903076 185.9676818848 184.0960540771 182.5573730469 181.0369110107 179.1286468506 177.3148803711 175.3600311279 173.9094848633 172.5012359619 171.0458068848 170.2504119873 169.4901275635 169.4228057861 169.2583770752 168.6729888916 168.4326324463 168.1399841309 168.1446533203 169.2488555908 169.8807678223 170.0120697021 171.2379150391 172.2998352051 173.1148529053 174.0968933105 174.5941619873 174.7885131836 174.8949890137 174.5691986084 174.4965515137 174.6905059814 175.2398529053 175.7019195557
206.4622650146 206.2785339355 206.6512908936 206.6109161377 206.8265533447 205.8391571045 205.2589263916 204.2129974365 202.7959136963 201.0748138428 199.5898742676 195.8061676025 193.1466522217 190.4203338623 187.1401824951 184.4145507812 182.5271911621 180.5778656006 178.9798583984 177.5283355713 175.0206909180 174.1113433838 172.4784240723 171.5560455322 170.8415985107 170.3948059082 170.4795837402 170.3359375000 170.5127716064 170.4149017334 169.9999084473 170.5207519531 171.1530609131 171.8990325928 173.0821838379 174.3144378662 174.7024230957 176.4027404785 176.5562133789 176.9130554199 177.0390472412 177.1010894775 177.0569915771 177.1135406494 177.0228271484 177.4616699219 178.1884460449
208.3265228271 208.5009918213 208.7769927979 208.8925018311 208.5283508301 207.5979614258 206.8027801514 205.6937408447 204.8989715576 203.1852264404 202.1566009521 198.4041442871 195.7966613770 192.2990570068 188.6392059326 184.8531494141 182.3796997070 179.8320770264 177.9948120117 176.6980285645 175.7659759521 174.4317169189 173.1492614746 172.2449798584 171.3750915527 170.8970642090 171.2824859619 171.4979858398 171.4665374756 171.9071350098 172.4840087891 172.2005920410 173.8498229980 175.2118377686 176.1636962891 177.4392089844 178.2900695801 178.8202667236 178.8283081055 179.0681762695 178.8042907715 178.7467498779 179.2293395996 179.3125152588 179.4941864014 179.8388366699 180.2800598145
209.5229949951 209.7621459961 210.2056732178 210.5186462402 209.8884887695 209.4418487549 209.1388092041 208.1807403564 207.1399993896 206.3320007324 205.4825744629 202.5722656250 199.5319213867 195.4877929688 191.4702453613 184.9320220947 181.3751983643 177.6126251221 176.0912780762 175.9447479248 176.0463256836 175.4021453857 174.3678131104 173.1911926270 172.6100311279 172.1346740723 172.0838317871 171.9916687012 172.7075958252 173.7841949463 175.0850067139 176.2437744141 177.5618591309 178.4592285156 180.8107910156 181.7722625732 182.7497863770 182.6093597412 182.5660400391 182.8148345947 181.5965423584 181.0437469482 180.6013946533 179.8337402344 179.9518585205 180.9854125977 181.9879150391
210.9436035156 210.8033752441 211.1665649414 211.1058502197 211.0208587646 211.0944824219 210.8473510742 210.8219757080 209.9652404785 209.4961700439 208.5783996582 207.0966949463 204.4842376709 199.5804138184 192.7724151611 185.4884948730 178.9343261719 175.1817016602 174.9927368164 176.1819000244 177.0698547363 177.4398651123 176.5313415527 175.1496124268 174.2443695068 173.8134460449 173.6033935547 173.1538391113 174.3912963867 175.7136383057 177.9726867676 179.3957977295 180.7527313232 183.0205535889 183.4760437012 183.8715667725 184.9646453857 184.4815521240 184.1297149658 183.2065734863 182.5076599121 9999.0000000000 9999.0000000000 9999.0000000000 9999.0000000000 9999.0000000000 9999.0000000000
212.9096221924 212.8867950439 212.4441223145 212.2046051025 212.4879302979 212.5983886719 212.4950714111 212.4762268066 212.4401702881 212.0776977539 212.6540222168 210.9822845459 208.7832183838 203.1260986328 195.5986938477 185.9897766113 179.6951141357 175.3302154541 175.3212432861 177.3890380859 179.2668609619 179.8063507080 179.1651611328 177.4387817383 176.1695251465 175.7209320068 174.4393920898 174.7122039795 177.2331542969 179.5937347412 9999.0000000000 9999.0000000000 9999.0000000000 9999.0000000000 9999.0000000000 9999.0000000000 185.7064666748 185.0403137207 184.5679931641 183.8078918457 183.2513885498 9999.0000000000 9999.0000000000 9999.0000000000 9999.0000000000 9999.0000000000 9999.0000000000
214.5186004639 213.5570678711 213.3647460938 213.9848480225 213.7976837158 214.0138854980 213.8914184570 213.5008392334 213.2915954590 214.0180816650 214.7162933350 213.8104400635 212.2843170166 206.2348785400 197.8833770752 189.3621215820 181.1542205811 177.6095733643 177.7993011475 179.8491516113 182.0825195312 182.9502563477 181.5406036377 180.9419250488 180.3934173584 179.9784240723 179.3699645996 181.9330596924 182.7836914062 9999.0000000000 9999.0000000000 9999.0000000000 9999.0000000000 9999.0000000000 9999.0000000000 9999.0000000000 9999.0000000000 9999.0000000000 9999.0000000000 9999.0000000000 9999.0000000000 9999.0000000000 9999.0000000000 9999.0000000000 9999.0000000000 9999.0000000000 9999.0000000000
216.3345336914 215.3163757324 214.4589843750 215.2407989502 216.0285949707 215.7429046631 215.4144439697 214.9213562012 214.9912567139 215.0137023926 215.6891021729 215.8507080078 214.6869964600 210.2248687744 202.0996246338 193.9048309326 187.0423431396 182.0039062500 182.7726135254 184.5058288574 185.6112365723 186.5271453857 185.5264434814 185.6989593506 184.8463897705 183.8481903076 185.8202819824 9999.0000000000 9999.0000000000 9999.0000000000 9999.0000000000 9999.0000000000 9999.0000000000 9999.0000000000 9999.0000000000 9999.0000000000 9999.0000000000 9999.0000000000 9999.0000000000 9999.0000000000 9999.0000000000 9999.0000000000 9999.0000000000 9999.0000000000 9999.0000000000 9999.0000000000 9999.0000000000
218.4304962158 217.2638092041 216.8269348145 216.9346923828 217.5896759033 217.4087219238 217.3066558838 216.5186462402 216.1311950684 215.9693298340 216.7241516113 218.0171508789 217.1524047852 213.8262786865 206.3167877197 198.9639892578 193.9122772217 188.9109802246 187.4973754883 189.7398529053 190.0297393799 189.7320709229 189.9376678467 189.7977905273 189.0679779053 9999.0000000000 9999.0000000000 9999.0000000000 9999.0000000000 9999.0000000000 9999.0000000000 9999.0000000000 9999.0000000000 9999.0000000000 9999.0000000000 9999.0000000000 9999.0000000000 9999.0000000000 9999.0000000000 9999.0000000000 9999.0000000000 9999.0000000000 9999.0000000000 9999.0000000000 9999.0000000000 9999.0000000000 9999.0000000000
220.3933715820 218.5431518555 217.5939941406 218.2770843506 218.7890625000 218.9898529053 218.8543853760 217.6717224121 217.2701416016 216.2665100098 217.3625335693 218.3697967529 218.6376342773 215.2185821533 210.5449218750 203.5140228271 198.2109832764 194.2720336914 193.5093231201 193.2776794434 192.8396301270 192.5671386719 192.6500549316 192.5546569824 191.0926055908 9999.0000000000 9999.0000000000 9999.0000000000 9999.0000000000 9999.0000000000 9999.0000000000 9999.0000000000 9999.0000000000 9999.0000000000 9999.0000000000 9999.0000000000 9999.0000000000 9999.0000000000 9999.0000000000 9999.0000000000 9999.0000000000 9999.0000000000 9999.0000000000 9999.0000000000 9999.0000000000 9999.0000000000 9999.0000000000
