model_inputs/inputs/rsds3.asc
ncols 720
nrows 360
xllcorner -180
yllcorner -90
cellsize 0.500000
NODATA_value 9999.000000
[rows 147 to 167 of 360, columns 423 to 469 of 720]
298.5083618164 297.5918579102 296.9204101562 296.2127075195 295.1058959961 293.7783813477 292.2724304199 290.8630981445 289.1156311035 287.1714782715 284.8868408203 282.1538696289 276.6676940918 272.0377502441 266.0096740723 257.4596862793 9999.0000000000 9999.0000000000 9999.0000000000 9999.0000000000 9999.0000000000 9999.0000000000 263.0522460938 262.9466857910 262.2514953613 261.0790710449 261.9210510254 263.9801940918 268.2421569824 273.4871826172 278.1418151855 280.0232238770 281.1004638672 280.7419738770 279.9963378906 279.2773742676 278.3731994629 277.1907348633 276.1072998047 275.4160766602 274.6622924805 274.1831359863 275.5138244629 9999.0000000000 9999.0000000000 9999.0000000000 9999.0000000000
298.3871154785 297.8849792480 296.9385681152 296.0623168945 294.8799438477 293.1268920898 291.4972534180 289.8144531250 288.0769958496 285.5009460449 284.0437011719 281.3598937988 275.9607238770 271.0837402344 265.5069580078 255.7695922852 252.2066650391 254.8486785889 9999.0000000000 9999.0000000000 9999.0000000000 262.9615783691 263.3873901367 264.5982360840 263.3522338867 262.6679382324 262.4567260742 263.5125427246 267.5467834473 273.5385437012 278.1734008789 280.5412597656 281.2991027832 280.8017272949 279.8921508789 277.9092407227 276.4652709961 275.3509216309 273.9367675781 272.6658020020 272.4445190430 274.5353393555 9999.0000000000 9999.0000000000 9999.0000000000 9999.0000000000 9999.0000000000
297.6831359863 297.2023010254 296.3335571289 295.2468872070 293.7666931152 292.1547241211 290.3613891602 288.2434997559 286.2023010254 284.4028625488 282.6636047363 279.2903442383 275.3194274902 270.2344360352 263.8547973633 257.9157104492 252.6044616699 255.3023071289 9999.0000000000 9999.0000000000 9999.0000000000 264.5498046875 265.7710266113 266.4843139648 265.3936767578 265.2534484863 264.8084411621 264.3836059570 268.0850219727 272.8745727539 277.2778015137 280.3554992676 280.5427856445 279.5328674316 277.9168090820 276.1789855957 274.6623840332 274.0563049316 272.4877624512 273.1036376953 275.5775756836 9999.0000000000 9999.0000000000 9999.0000000000 9999.0000000000 9999.0000000000 9999.0000000000
297.4671325684 297.0498046875 295.9886779785 294.1575317383 292.6033630371 291.0802307129 289.1801452637 286.5870666504 284.6151733398 282.8200378418 280.4912109375 277.7506103516 274.4256896973 268.9181823730 264.0900878906 258.5298767090 254.4763946533 255.7084960938 258.9260253906 262.0529785156 9999.0000000000 9999.0000000000 266.6855468750 268.1294860840 269.1521301270 267.7643432617 267.1885375977 268.7203369141 268.9297790527 273.6395263672 276.8544921875 278.6980285645 278.7608337402 277.9230651855 276.2608032227 275.5922546387 275.6226806641 276.5613403320 9999.0000000000 9999.0000000000 9999.0000000000 9999.0000000000 9999.0000000000 9999.0000000000 9999.0000000000 9999.0000000000 9999.0000000000
297.0105895996 296.1016235352 294.7166137695 293.0435791016 292.0913391113 288.9529418945 287.0046997070 285.1877441406 283.4152526855 280.2606201172 277.6167297363 274.8714904785 270.2668151855 266.3168029785 262.7963256836 258.1320800781 255.0460815430 255.9653472900 259.5997314453 262.2989807129 265.0824584961 9999.0000000000 268.0248107910 267.8287048340 269.5248107910 270.3712463379 268.5439147949 267.5463867188 270.1842956543 273.6277770996 276.6279602051 277.8851318359 277.7504577637 277.2984924316 278.6628723145 9999.0000000000 9999.0000000000 9999.0000000000 9999.0000000000 9999.0000000000 9999.0000000000 9999.0000000000 9999.0000000000 9999.0000000000 9999.0000000000 9999.0000000000 9999.0000000000
295.9464416504 294.7752380371 293.5650329590 290.7329711914 289.0722045898 286.6798706055 285.4078063965 283.4167175293 280.9237365723 277.6299438477 275.0321350098 271.4319458008 267.7160034180 264.5539550781 261.9488830566 257.1829528809 253.5679321289 256.3359375000 258.4299621582 261.7691955566 264.6685180664 266.4080505371 267.9081726074 267.8720397949 269.8487854004 269.5732116699 270.3771972656 270.1237487793 272.2340698242 275.0352478027 276.5014648438 278.4861755371 279.8767700195 9999.0000000000 9999.0000000000 9999.0000000000 9999.0000000000 9999.0000000000 9999.0000000000 9999.0000000000 9999.0000000000 9999.0000000000 9999.0000000000 9999.0000000000 9999.0000000000 9999.0000000000 9999.0000000000
295.3878784180 294.1603393555 291.2346801758 288.9140625000 286.6892089844 285.3992919922 283.5520019531 281.5741271973 278.7552185059 275.4053039551 272.3084716797 267.6062011719 264.8265380859 261.4769287109 258.8474426270 256.5545959473 252.5972595215 255.3595733643 259.0452270508 261.3545837402 263.0851135254 263.6672363281 265.0173645020 265.4927368164 266.5418090820 268.7800598145 270.8374938965 272.6086120605 274.0077819824 276.0426025391 277.9393920898 9999.0000000000 9999.0000000000 9999.0000000000 9999.0000000000 9999.0000000000 9999.0000000000 9999.0000000000 9999.0000000000 9999.0000000000 9999.0000000000 9999.0000000000 9999.0000000000 9999.0000000000 9999.0000000000 9999.0000000000 9999.0000000000
294.1482543945 292.8763427734 289.2223510742 286.8087158203 285.0716857910 282.6765441895 281.1422729492 279.6419372559 276.1417846680 272.1182250977 268.6480712891 263.8021850586 261.5870666504 257.8807678223 257.6618347168 253.8659667969 252.0139923096 255.0520935059 259.0402221680 261.5397949219 262.3672790527 262.0694580078 262.3979187012 262.2548217773 265.1504211426 267.8584289551 270.3345031738 273.8292236328 9999.0000000000 9999.0000000000 9999.0000000000 9999.0000000000 9999.0000000000 9999.0000000000 9999.0000000000 9999.0000000000 9999.0000000000 9999.0000000000 9999.0000000000 9999.0000000000 9999.0000000000 9999.0000000000 9999.0000000000 288.1658020020 287.7111206055 287.0539550781 9999.0000000000
290.7057495117 289.2484436035 287.2766113281 284.8706054688 282.2131958008 279.3559570312 278.4325866699 276.4085388184 272.6571350098 269.8956298828 264.8053588867 260.6238098145 257.4754028320 254.9458618164 254.6188201904 252.8664093018 251.3983764648 253.8820037842 258.2664489746 261.2396850586 262.3160400391 262.0815734863 261.7377014160 262.3138732910 9999.0000000000 9999.0000000000 9999.0000000000 9999.0000000000 9999.0000000000 9999.0000000000 9999.0000000000 9999.0000000000 9999.0000000000 9999.0000000000 9999.0000000000 9999.0000000000 9999.0000000000 9999.0000000000 291.4532775879 9999.0000000000 9999.0000000000 288.4803466797 9999.0000000000 288.3171997070 287.7513122559 286.7537536621 9999.0000000000
286.2356567383 285.0339965820 282.6749572754 281.2847900391 277.1773986816 275.7683105469 274.0274353027 271.7128601074 269.4287109375 266.1779785156 261.6007080078 257.8071594238 255.6118469238 252.1177673340 252.2185211182 248.6653594971 247.9351806641 251.9896240234 258.3113098145 261.2748413086 263.2850036621 262.8107604980 262.6974792480 262.3741760254 9999.0000000000 9999.0000000000 9999.0000000000 9999.0000000000 9999.0000000000 9999.0000000000 9999.0000000000 9999.0000000000 9999.0000000000 9999.0000000000 9999.0000000000 9999.0000000000 9999.0000000000 293.2305297852 293.4661865234 291.2220764160 9999.0000000000 9999.0000000000 9999.0000000000 9999.0000000000 9999.0000000000 9999.0000000000 9999.0000000000
282.6297912598 281.1018066406 278.5631713867 275.7213439941 274.2031555176 272.0216674805 268.6024169922 267.2110900879 264.7766113281 261.6615295410 258.7045593262 255.8237762451 253.8535766602 251.5590057373 250.0302429199 247.8638000488 245.7214355469 251.2174987793 257.8610229492 262.0198364258 264.5679931641 264.5406494141 263.8792114258 264.3440551758 266.3170776367 9999.0000000000 9999.0000000000 9999.0000000000 9999.0000000000 9999.0000000000 9999.0000000000 286.4963378906 288.4903869629 290.7590026855 292.9244384766 293.5650024414 294.0815429688 294.1218261719 293.0366516113 290.5942382812 9999.0000000000 9999.0000000000 9999.0000000000 9999.0000000000 9999.0000000000 9999.0000000000 9999.0000000000
276.4243469238 275.0440979004 271.5215759277 269.4963989258 266.7820129395 263.2775573730 261.5649414062 258.9044189453 257.7444152832 255.6804656982 254.0180969238 252.3786010742 250.5424194336 248.1571807861 248.1056671143 245.7561950684 245.5968627930 251.1235504150 257.1836853027 261.8771667480 264.5850219727 264.8935852051 266.2105712891 266.8528137207 268.2837219238 270.8505554199 9999.0000000000 276.5002136230 280.2180175781 282.1707458496 284.4228515625 288.0282287598 291.5928039551 293.2306518555 295.3439331055 295.8422851562 295.4125061035 293.9545898438 291.5948181152 289.7015991211 9999.0000000000 9999.0000000000 9999.0000000000 9999.0000000000 9999.0000000000 9999.0000000000 9999.0000000000
270.1029357910 267.8652648926 265.2124633789 263.7383728027 259.2981872559 257.1202697754 254.7355041504 252.9992065430 247.7734222412 247.3207550049 248.9612579346 246.5937805176 245.5129241943 245.2644348145 245.6481628418 244.5197601318 247.5300903320 251.4273529053 255.5554199219 259.8290405273 263.2044677734 264.7801818848 266.6372070312 268.0901184082 269.3491516113 273.0699768066 275.1168823242 277.5810546875 281.2977905273 284.6236877441 287.7709960938 290.3460083008 293.8537292480 295.7929687500 297.2002563477 297.2673339844 296.3255004883 293.9750671387 291.3213195801 288.5824890137 9999.0000000000 9999.0000000000 9999.0000000000 9999.0000000000 9999.0000000000 9999.0000000000 9999.0000000000
263.3139038086 260.9773864746 258.9661865234 255.8962554932 252.6864624023 250.1124725342 246.0234832764 241.9494171143 238.4256439209 237.7693634033 240.2169799805 242.0827331543 240.5180511475 243.5017700195 245.0849761963 247.4889526367 250.5572357178 253.8383331299 255.6344757080 258.5621948242 261.1582336426 262.6776428223 265.1408081055 267.1895141602 269.9459533691 273.1295166016 277.1799316406 280.1956176758 283.9699096680 286.8715209961 290.0182189941 293.0411376953 296.1333923340 298.6914978027 299.6907958984 298.4816589355 296.5921630859 293.3680114746 289.5792846680 9999.0000000000 9999.0000000000 9999.0000000000 9999.0000000000 9999.0000000000 9999.0000000000 9999.0000000000 9999.0000000000
257.1678771973 254.9193115234 252.5988159180 248.7414703369 246.6803436279 242.1600646973 238.3069915771 230.9683074951 229.9444580078 230.7577667236 232.2568664551 235.9887847900 235.0934143066 242.1766357422 244.8402709961 250.6257476807 253.6669616699 254.4276428223 256.0310974121 257.2991638184 258.0475463867 261.2015380859 263.7038269043 267.7857971191 270.8881835938 274.2178955078 278.9786987305 282.8224792480 285.9461669922 288.9027404785 292.6888732910 294.8397521973 298.0613098145 300.3458251953 300.6180114746 299.1203613281 296.0336303711 292.6257934570 289.0619201660 9999.0000000000 9999.0000000000 9999.0000000000 9999.0000000000 9999.0000000000 9999.0000000000 9999.0000000000 9999.0000000000
251.2929077148 249.0481414795 246.0183563232 242.4917907715 240.0018310547 234.6526641846 229.2646942139 224.7461242676 219.6827392578 220.9423370361 224.0956420898 228.7260131836 234.5289001465 239.9790191650 244.7716674805 251.4194335938 255.3982849121 255.2324981689 254.9201507568 255.4387207031 256.8934326172 259.1988525391 263.5571289062 267.9236145020 271.2391662598 275.9554748535 281.9653625488 284.9453735352 288.2600402832 291.8408813477 294.6119384766 296.8075866699 298.7533569336 300.5266113281 301.0950317383 299.4328613281 295.1920471191 291.6865539551 9999.0000000000 9999.0000000000 9999.0000000000 9999.0000000000 9999.0000000000 9999.0000000000 9999.0000000000 9999.0000000000 9999.0000000000
246.7222595215 244.8454132080 241.6856689453 239.4956359863 234.9551849365 228.8280792236 222.3360137939 219.4123687744 214.8786163330 215.2862548828 220.2811279297 225.3396606445 231.7614746094 236.6755371094 244.8529968262 248.8372039795 253.0157470703 253.4653625488 253.7956542969 254.3050537109 255.4049377441 258.7684631348 263.2499694824 267.0712280273 272.2461242676 277.4801635742 282.0737609863 286.5765380859 289.7371215820 293.2798461914 295.5825500488 297.5669250488 299.3745422363 300.3811035156 301.0120849609 298.1567077637 294.6292114258 290.8388366699 9999.0000000000 9999.0000000000 9999.0000000000 9999.0000000000 9999.0000000000 9999.0000000000 9999.0000000000 9999.0000000000 9999.0000000000
244.6921386719 241.2464752197 238.1132202148 234.3803253174 231.6604461670 227.0444946289 222.0908203125 217.8106842041 213.7997283936 214.3433227539 219.8635406494 226.1146545410 231.8957214355 237.8002777100 241.1829071045 246.1586914062 248.3622894287 250.3165435791 252.3684539795 254.4310607910 256.0335998535 259.9263305664 263.6550292969 268.5611267090 272.6009521484 277.4253845215 283.2230529785 286.7679748535 290.2049865723 293.1821289062 295.4048767090 296.6465148926 298.6256408691 298.8474426270 298.4782409668 296.6289672852 292.2082824707 9999.0000000000 9999.0000000000 9999.0000000000 9999.0000000000 9999.0000000000 9999.0000000000 9999.0000000000 9999.0000000000 9999.0000000000 9999.0000000000
240.3054046631 237.5943450928 235.8540039062 233.4703216553 230.7073822021 226.0135650635 221.4298400879 217.9788818359 215.9777832031 217.2773895264 221.7375335693 226.5029449463 232.4494628906 233.7857971191 240.1000823975 242.0752868652 245.6835327148 247.8811340332 251.8270416260 254.9909667969 257.5220947266 260.6189880371 264.2565612793 270.1372985840 273.4650878906 278.4350585938 283.3879089355 287.0700988770 290.1906433105 293.4034729004 295.7341003418 296.5034179688 297.4113159180 296.7528076172 296.1463317871 293.6822814941 290.2936401367 9999.0000000000 9999.0000000000 9999.0000000000 9999.0000000000 9999.0000000000 9999.0000000000 9999.0000000000 9999.0000000000 9999.0000000000 9999.0000000000
238.2196960449 236.7659759521 234.8670501709 234.0217132568 233.2660522461 228.8547515869 225.1697387695 221.0337066650 221.3632354736 223.0102081299 226.2343597412 230.5779876709 232.9273529053 235.3239898682 238.9158782959 241.4814147949 244.2863006592 247.3997192383 251.1351470947 256.0324096680 258.6277770996 263.1143798828 267.0853881836 270.7015075684 274.0552062988 279.4058227539 284.1322021484 288.1006164551 291.0476989746 293.7177124023 295.2184143066 295.9840698242 295.4473266602 295.9491577148 293.6686096191 292.2863769531 9999.0000000000 9999.0000000000 9999.0000000000 9999.0000000000 9999.0000000000 9999.0000000000 9999.0000000000 9999.0000000000 9999.0000000000 9999.0000000000 9999.0000000000
236.6572570801 237.2036895752 237.1476135254 237.2160186768 235.9710235596 235.2407989502 233.4523315430 230.3870697021 229.0302429199 229.9272155762 232.1864624023 234.5080261230 238.6408538818 240.5143432617 242.3110351562 245.4520874023 246.6225128174 250.5048522949 254.1806640625 256.2850036621 258.6848449707 264.5327453613 266.8807067871 271.2301330566 276.3564147949 281.8602294922 286.3655395508 290.0843200684 292.5487365723 294.5158081055 295.6126708984 295.5890808105 294.4973449707 293.4097290039 291.5959167480 290.4001159668 9999.0000000000 9999.0000000000 9999.0000000000 9999.0000000000 9999.0000000000 9999.0000000000 9999.0000000000 9999.0000000000 9999.0000000000 9999.0000000000 9999.0000000000
