model_inputs/inputs/rsds2.asc
ncols 720
nrows 360
xllcorner -180
yllcorner -90
cellsize 0.500000
NODATA_value 9999.000000
[rows 63 to 83 of 360, columns 188 to 234 of 720]
9999.0000000000 9999.0000000000 9999.0000000000 9999.0000000000 9999.0000000000 9999.0000000000 9999.0000000000 9999.0000000000 9999.0000000000 9999.0000000000 9999.0000000000 9999.0000000000 9999.0000000000 9999.0000000000 9999.0000000000 60.8886299133 60.3546028137 59.8811836243 58.9175491333 58.3012809753 57.7386550903 57.2156410217 56.7407226562 56.2085914612 56.2252655029 56.0984916687 55.9193916321 55.9606399536 55.9458312988 55.9732589722 56.1163444519 56.5397109985 56.3299446106 56.2850074768 56.4474945068 55.6179122925 54.8179321289 53.6384086609 53.4919509888 53.0567512512 52.2100028992 53.0060272217 54.7133369446 55.3000221252 56.4031066895 56.7654533386 56.5489807129
9999.0000000000 9999.0000000000 9999.0000000000 9999.0000000000 9999.0000000000 9999.0000000000 9999.0000000000 9999.0000000000 9999.0000000000 9999.0000000000 9999.0000000000 9999.0000000000 9999.0000000000 9999.0000000000 9999.0000000000 9999.0000000000 9999.0000000000 61.8905410767 61.0073509216 60.6129264832 59.6419868469 58.7686729431 57.8191680908 57.7781829834 57.7292861938 57.4728775024 57.6413002014 57.4198379517 57.6330108643 57.4061622620 57.6263313293 57.4943962097 57.3785438538 57.2821731567 56.5547866821 56.7532768250 56.1254005432 55.5849800110 54.9004592896 55.1206016541 54.5950546265 55.7526512146 56.0119209290 57.2401657104 58.3572463989 58.8615303040 58.8876876831
9999.0000000000 9999.0000000000 9999.0000000000 9999.0000000000 9999.0000000000 9999.0000000000 9999.0000000000 9999.0000000000 9999.0000000000 9999.0000000000 9999.0000000000 9999.0000000000 9999.0000000000 9999.0000000000 9999.0000000000 9999.0000000000 9999.0000000000 9999.0000000000 63.6779518127 63.6770629883 61.6351776123 60.6720733643 59.9329719543 59.5306167603 59.3632202148 59.1834526062 59.1684722900 59.3107337952 59.1936073303 59.3081970215 59.2825660706 58.9983825684 59.1250267029 58.3060798645 58.3411979675 58.2682304382 58.2003059387 57.6032028198 57.6155967712 57.5871047974 57.2911796570 57.8603515625 58.8830757141 59.5704689026 60.4540596008 60.9978981018 61.3524856567
9999.0000000000 9999.0000000000 9999.0000000000 9999.0000000000 9999.0000000000 9999.0000000000 9999.0000000000 9999.0000000000 9999.0000000000 9999.0000000000 9999.0000000000 9999.0000000000 67.1199798584 66.2598571777 9999.0000000000 9999.0000000000 9999.0000000000 9999.0000000000 65.5262374878 65.3860015869 64.0037460327 62.2901535034 61.7534294128 61.5780754089 61.2416076660 61.2308006287 61.1796798706 61.2933616638 61.3279304504 61.2225761414 61.3426475525 60.8003578186 60.7164688110 60.5997009277 60.8037376404 61.0419349670 60.7370223999 60.3532447815 60.2297668457 60.1820373535 60.0168685913 60.5027008057 61.1497230530 61.9102134705 62.5802307129 63.2407341003 63.8691139221
9999.0000000000 9999.0000000000 9999.0000000000 9999.0000000000 9999.0000000000 9999.0000000000 9999.0000000000 9999.0000000000 9999.0000000000 9999.0000000000 9999.0000000000 9999.0000000000 68.4387969971 68.3028640747 68.2625732422 9999.0000000000 9999.0000000000 9999.0000000000 67.4349670410 67.1362762451 65.2119369507 64.7945480347 64.1962432861 63.7575454712 63.4504661560 63.5487747192 63.6920776367 63.3694801331 63.6187973022 63.3198776245 63.1290626526 63.0731086731 63.5625343323 63.3199691772 63.4125442505 63.6018791199 63.1522369385 63.2668762207 63.0406036377 63.0176734924 62.9141120911 63.5227241516 64.1969146729 64.4888839722 64.9532775879 65.7801666260 66.5691375732
72.5973510742 9999.0000000000 9999.0000000000 9999.0000000000 9999.0000000000 9999.0000000000 9999.0000000000 9999.0000000000 9999.0000000000 9999.0000000000 9999.0000000000 9999.0000000000 71.0371017456 70.8648681641 9999.0000000000 9999.0000000000 9999.0000000000 68.7584075928 68.6700286865 68.3063659668 67.8515777588 67.1057128906 66.6650390625 66.7387924194 66.5347290039 66.0462265015 65.9606704712 66.1768798828 65.9599838257 66.0375823975 65.8071899414 66.0348663330 66.4227600098 66.3402252197 66.1977157593 65.9969329834 66.3451004028 66.4072723389 66.4497451782 66.1029968262 66.2891082764 66.5982360840 66.5844039917 67.3519973755 67.9311676025 68.4884262085 68.8455276489
73.2615814209 73.0743484497 73.6347351074 73.5518035889 73.9949188232 74.5779571533 74.8496093750 74.7704010010 9999.0000000000 9999.0000000000 9999.0000000000 9999.0000000000 9999.0000000000 9999.0000000000 9999.0000000000 71.2754745483 71.0533218384 70.6421356201 70.2108764648 69.9257736206 69.6113662720 69.0564727783 68.9460144043 68.7934951782 68.7910766602 68.5986404419 68.4635162354 68.5325469971 68.2600555420 68.6744079590 68.5002441406 68.5817565918 68.7059097290 68.8070526123 68.5226440430 68.7488403320 69.2736663818 69.1655502319 69.4795913696 69.4753417969 69.4497756958 69.1571273804 69.3623504639 69.8201751709 69.8825149536 70.3778381348 70.7904891968
74.1733245850 74.2975234985 74.6793670654 74.8281784058 74.6822509766 74.9465255737 75.9659347534 76.0726852417 9999.0000000000 9999.0000000000 9999.0000000000 9999.0000000000 74.5115737915 74.2973709106 74.1797866821 73.5172348022 72.4573059082 71.5079345703 70.9877853394 70.7462387085 70.6118164062 70.4912719727 70.1298522949 70.0299987793 70.0800476074 70.1070175171 70.2601242065 70.1491394043 70.4195632935 70.3268203735 70.6058731079 70.4005508423 70.5701980591 70.7207565308 70.6192016602 71.2772216797 71.1376495361 71.5559692383 71.3959121704 71.6984176636 71.5623550415 71.5464248657 71.3434677124 70.9368591309 71.0817718506 71.1073608398 71.3423614502
75.7686157227 75.3718109131 75.4661865234 75.5730667114 75.5235366821 75.9990463257 76.6325607300 77.8110733032 9999.0000000000 9999.0000000000 9999.0000000000 9999.0000000000 9999.0000000000 76.3854293823 76.1244125366 74.6510086060 73.8333587646 72.4205627441 71.9637680054 71.7160415649 71.5782165527 71.0540008545 71.0172729492 71.1370773315 71.2671051025 71.3159484863 71.2446365356 71.5120773315 71.5186996460 71.8109207153 72.3276062012 72.6537399292 72.9088516235 72.9584197998 73.3284683228 73.6877288818 73.6391525269 73.6506729126 73.8756637573 74.1450729370 73.4346160889 73.4689178467 73.3657379150 72.6079254150 72.2409667969 72.1045684814 71.9317169189
77.2327575684 76.4405136108 76.6120986938 76.4861984253 77.0795898438 77.1480331421 77.8502120972 78.7146911621 9999.0000000000 9999.0000000000 9999.0000000000 9999.0000000000 9999.0000000000 78.2504653931 77.7591094971 76.3575363159 74.5965499878 73.0446319580 72.3217163086 71.7992706299 72.0134277344 71.7360839844 71.8039398193 71.9552917480 72.2593688965 72.2023010254 72.5512542725 72.8753280640 72.8502502441 73.1526336670 73.3518600464 74.1554641724 74.6002883911 75.5926589966 75.5650253296 75.8120574951 75.9884185791 76.1874237061 76.2421417236 76.1564254761 75.8553161621 75.1571578979 74.8386077881 74.6805267334 73.4484405518 72.9658126831 71.9783706665
77.9667358398 78.3211898804 78.0478515625 78.0579299927 77.9880142212 78.5097045898 78.3685455322 79.5779647827 79.9965057373 80.0822372437 9999.0000000000 9999.0000000000 80.2821197510 79.6747589111 79.0607299805 78.0562896729 75.2863159180 74.0485382080 72.7398452759 72.5303115845 72.1970748901 72.3611526489 72.4435119629 72.8580780029 73.0808181763 73.1675643921 73.0172729492 73.5783615112 73.9370117188 74.3040084839 74.7977066040 75.6286010742 76.7085876465 76.9166259766 77.2002410889 77.4813308716 77.7440643311 77.9555130005 78.0855102539 77.9616165161 77.7191467285 77.2682800293 76.6880035400 75.9083862305 74.8860015869 73.6502075195 72.7572631836
79.4860687256 79.5833816528 79.5312118530 79.3756790161 79.4857254028 79.6774368286 79.6254653931 80.4471206665 81.2216949463 82.8813552856 82.8180389404 9999.0000000000 9999.0000000000 9999.0000000000 80.1279067993 78.7014007568 76.6075363159 75.0501632690 73.8118362427 73.6925125122 73.6151885986 73.5996246338 73.8893737793 73.8606033325 74.2225265503 74.0352859497 74.2848358154 74.4052124023 75.0427246094 75.2800827026 75.8760070801 76.4764251709 77.5043716431 77.5795135498 78.5466766357 78.7437591553 79.1494522095 79.2796707153 79.5667495728 79.3744354248 79.5955734253 78.9960403442 78.4243545532 77.5452041626 76.8799896240 75.8201293945 75.3186340332
81.2356109619 81.1541976929 81.0035629272 81.0362701416 80.8856506348 81.3954849243 81.3895339966 82.1689605713 82.4717407227 83.1124114990 9999.0000000000 9999.0000000000 9999.0000000000 9999.0000000000 81.3410949707 79.4959106445 77.8678131104 76.8091125488 75.7008743286 75.6152191162 75.2815322876 75.2762985229 75.2557907104 75.7302017212 75.6429138184 76.0358886719 75.7581710815 75.9427719116 76.2320404053 76.7881469727 77.1721038818 77.7425537109 78.2316207886 79.1027755737 79.3339080811 79.8329238892 80.4676055908 80.5576324463 80.7626495361 81.0512542725 80.9832229614 81.6726303101 81.2982406616 80.8242797852 80.3254852295 78.1990509033 77.2926483154
83.1753768921 83.1079635620 82.8628158569 83.6162490845 82.7934570312 82.9377441406 82.8818817139 83.6576080322 83.3640518188 84.6340332031 85.0415725708 9999.0000000000 83.7402572632 83.2770462036 82.7319412231 81.4513015747 79.6002731323 78.7877273560 77.7568817139 77.7413024902 76.7719345093 76.7618484497 76.6397247314 77.2442169189 77.1228561401 77.2368545532 77.1282577515 77.4076385498 77.5611267090 78.0954437256 78.4730834961 78.7195892334 80.6293106079 81.1467971802 81.3822937012 81.8232650757 82.0313796997 82.5132446289 82.0817337036 82.4084548950 83.1446380615 83.2652969360 83.2137451172 82.9106445312 82.4878540039 80.4413833618 79.2367782593
85.2218399048 84.9564514160 85.2129898071 85.2931137085 84.8229370117 84.8608474731 84.6964035034 84.8174438477 84.6932678223 85.1919250488 85.8297348022 85.7104034424 85.5652694702 84.7119064331 83.6658096313 82.2515716553 80.8164138794 80.2933731079 79.5157241821 78.9080657959 78.9399261475 78.7260360718 78.7146606445 78.5082626343 78.6644821167 78.4798660278 78.6169738770 78.7682571411 79.1730804443 78.9141845703 79.6305084229 81.3447113037 82.0066299438 82.2236938477 82.8965225220 83.1396942139 83.6478118896 83.7168884277 83.6805572510 83.3724288940 83.6245498657 83.2746658325 83.0196533203 83.0751724243 82.8080673218 82.1295623779 81.1856002808
87.4673080444 87.8827590942 87.8405227661 87.5829772949 86.8186798096 86.4876327515 86.4355697632 86.4301605225 85.8629837036 85.7945709229 85.9764404297 85.9598236084 86.0275192261 85.2960815430 84.3665466309 83.1243133545 82.3949356079 82.0869750977 81.3876724243 81.1573028564 81.0032653809 80.9121475220 80.8254165649 80.3624649048 80.1827850342 80.1346130371 80.1577987671 80.3926620483 80.9831008911 81.1130218506 81.3653640747 82.9733123779 83.5625534058 84.1139755249 84.6128311157 84.9465255737 84.6660995483 84.6739501953 84.8190383911 85.0360794067 84.9567031860 85.1752395630 85.1192703247 83.9271316528 83.8426589966 83.1944885254 82.2296066284
90.3751068115 89.4844589233 88.8169784546 89.4959411621 88.4887008667 87.9762802124 87.2956314087 87.4566116333 86.4026489258 86.4323196411 86.7725143433 86.5586547852 86.7666931152 85.7090148926 85.1648483276 84.6256256104 83.6039886475 83.5757827759 82.9261627197 82.8769760132 82.4356307983 82.4168090820 82.0242233276 81.8414840698 81.5338592529 81.6386489868 81.4748153687 81.9328613281 82.2717819214 82.6433181763 82.7618942261 83.7220001221 85.2133255005 85.1866760254 85.4150314331 86.6944046021 86.3957977295 86.3723526001 86.2403335571 86.9877929688 87.1099700928 85.9675292969 86.2617568970 85.1744689941 84.0232925415 84.9517135620 84.4414825439
91.4057693481 90.5478668213 89.7375488281 90.3309478760 90.3101348877 89.3737945557 88.9816360474 88.7028808594 87.6538391113 87.4637527466 87.1662216187 87.1687850952 87.1209259033 86.7904129028 86.2261962891 85.7395477295 85.1796875000 85.1785583496 84.6954116821 84.4179382324 84.1371154785 83.9151535034 83.6037292480 83.3307495117 83.1963729858 83.2100982666 83.6024322510 83.8140563965 83.6115112305 84.3919143677 84.4573211670 85.1402664185 85.7528915405 87.3096084595 87.8373184204 87.9680786133 87.9565811157 88.0719909668 87.8306427002 9999.0000000000 9999.0000000000 9999.0000000000 9999.0000000000 87.6125793457 86.5561218262 85.8338775635 85.2743911743
89.7273025513 89.9649963379 90.7026824951 90.6645584106 90.5784988403 91.0368728638 90.5617599487 89.9484252930 89.3934249878 89.0643539429 88.7714157104 88.4063415527 88.3009338379 87.8529739380 87.4638595581 87.5264129639 86.8218460083 86.5314331055 86.4080734253 85.8053359985 85.8190383911 85.4855422974 85.5182571411 85.9016799927 85.9436874390 85.8457794189 85.8781204224 86.0119934082 85.9724349976 86.0618743896 86.6119613647 87.4292678833 87.8680343628 88.2125549316 88.7758865356 89.0673828125 89.1577835083 89.2551422119 90.3057632446 90.2979888916 90.2301940918 89.8915328979 90.0362319946 89.4081115723 89.3538055420 88.4751052856 87.9219360352
89.9884567261 89.6283569336 90.5180892944 90.7304077148 91.4546432495 91.5953140259 91.8175430298 91.5672683716 91.0608291626 90.9641571045 90.4841842651 90.0716247559 89.8668212891 89.6182556152 89.8121490479 89.1043930054 88.7447433472 88.2601013184 88.4757385254 88.4202499390 87.7067794800 87.7678146362 88.1794509888 88.5392761230 88.5167694092 88.3173904419 87.7148208618 87.8986663818 87.7993927002 88.3600845337 88.8386077881 89.8760223389 89.5120239258 90.2127380371 90.4677276611 90.2480850220 91.1259765625 89.9643859863 90.1388549805 90.4106597900 90.7631607056 91.6244888306 91.5484008789 90.5039520264 9999.0000000000 9999.0000000000 9999.0000000000
90.5949172974 89.7769470215 90.2226104736 91.0690460205 91.9874877930 92.6128005981 92.9308624268 93.6665725708 93.0888977051 92.7853775024 92.6084823608 91.7762985229 91.5861206055 91.2815780640 90.6568450928 90.6925964355 89.7919921875 89.7942886353 89.5772781372 89.9913558960 90.7822494507 90.8424530029 90.7433471680 90.6782684326 90.6437530518 90.0965499878 89.4337081909 89.5909194946 89.2735061646 90.6822662354 90.5202636719 91.1473159790 91.4105453491 91.6127243042 91.4070358276 91.3372421265 91.2906951904 90.9156265259 91.3116912842 92.1336669922 92.7865142822 93.9508438110 93.1256256104 93.9785614014 9999.0000000000 9999.0000000000 9999.0000000000
