model_inputs/inputs/rsds2.asc
ncols 720
nrows 360
xllcorner -180
yllcorner -90
cellsize 0.500000
NODATA_value 9999.000000
[rows 126 to 146 of 360, columns 517 to 563 of 720]
213.2264251709 211.6778411865 211.2057342529 210.1111297607 209.6474151611 209.1630096436 208.8166656494 208.8206176758 209.2521667480 208.7070922852 208.3379211426 208.3949279785 209.0057678223 210.3881225586 211.2499847412 210.4263916016 202.6398010254 191.4491119385 178.7610321045 165.4608917236 161.5436553955 160.5786285400 163.4821777344 165.2232971191 162.6307525635 164.3373260498 163.1496887207 165.9317016602 170.0894317627 176.3273773193 180.4317779541 183.6202087402 187.1636657715 185.9780426025 182.9527130127 181.2760314941 176.2301025391 169.6296081543 165.6569976807 167.9277496338 174.8973999023 181.9636688232 188.0155487061 196.7059020996 202.3151245117 204.8141937256 203.8490295410
216.3684082031 214.9179992676 214.3223266602 213.2008819580 212.1617431641 211.7313079834 211.3246917725 211.0711212158 211.4592895508 210.8564453125 210.9165802002 210.3778228760 210.8374633789 210.9019470215 212.4393615723 212.3053436279 206.0317840576 200.6787872314 196.5949554443 187.0722045898 182.0939178467 184.5877532959 185.5769805908 183.2664337158 183.3709716797 177.2900238037 176.3651580811 177.5840454102 179.5959777832 185.4777374268 189.0540924072 191.0354614258 189.9129638672 187.9408111572 186.0940246582 184.0338592529 181.3375091553 182.9750366211 180.4199218750 182.3502807617 186.9737091064 186.9521484375 190.6777648926 198.0115203857 203.0968627930 203.5710601807 203.8904266357
218.3085021973 217.3760986328 216.0995025635 215.2437133789 214.8720092773 214.1665039062 213.9174652100 213.8789520264 213.5936889648 213.3924102783 213.3092041016 213.0179290771 213.1780700684 213.5186157227 214.3563232422 214.1976776123 213.0912475586 209.6094665527 207.0985107422 204.8846588135 202.3689270020 202.8221740723 203.6225433350 202.0067443848 199.3073425293 195.9359893799 192.5943450928 191.9431457520 192.2689819336 194.4436798096 196.3878784180 195.7091979980 193.0160827637 190.5870361328 188.5246887207 188.7705535889 191.3813476562 193.4892120361 195.1340637207 194.7443847656 194.2132415771 193.2523345947 195.6830596924 197.7295379639 200.5391998291 202.7111206055 203.3412170410
220.4285125732 219.4679107666 219.0650482178 217.6901855469 217.2641754150 216.6845397949 216.0803985596 216.1437988281 216.0414276123 215.8341522217 215.6992492676 215.8483123779 215.5021209717 216.3786163330 216.7046508789 216.7194366455 217.0063476562 216.7445678711 215.8212127686 216.0130157471 216.1984710693 215.3096160889 214.3736419678 213.4386749268 210.4757843018 206.9270782471 204.1156768799 201.5271606445 200.9636688232 201.3958129883 201.4533386230 199.7850341797 196.7373352051 193.5919647217 190.6084442139 193.7740478516 197.4203948975 202.9454193115 203.8506164551 204.1080932617 201.6480712891 198.7056579590 197.1963043213 197.8434143066 199.9046478271 201.2579040527 201.5124816895
222.5211334229 221.5563354492 220.4957733154 219.5105590820 218.9259796143 218.1606903076 218.1048126221 218.1203918457 217.7989959717 217.5474090576 217.3572235107 217.5585784912 217.3788299561 217.5672760010 217.7721252441 218.2368927002 218.3973846436 219.1341705322 220.1030578613 220.4556121826 220.5453643799 219.7966156006 219.3398742676 217.3131561279 215.9071960449 214.0681762695 209.5142517090 208.1051788330 206.7490234375 206.8686065674 205.9679870605 204.7079010010 200.7625885010 198.1911315918 197.6048583984 199.6566162109 202.8823089600 205.9455108643 207.1931915283 207.2411041260 205.7364807129 202.6772308350 200.9224548340 199.6249694824 197.9715270996 198.9497985840 195.9053192139
224.3275146484 223.8457946777 222.4841461182 221.1147308350 220.9045867920 220.3403472900 220.2501983643 220.2006072998 219.7355804443 219.3347778320 218.7994384766 218.3451690674 218.2620849609 218.5838012695 219.0372467041 219.4382934570 219.7167510986 220.1079406738 220.9458312988 221.4093170166 221.0430297852 220.7656097412 220.2476806641 219.1825256348 217.9856414795 216.0000610352 215.0577545166 212.3805389404 212.3132171631 212.2022094727 210.8345184326 208.9597167969 208.3474121094 206.6118621826 204.7088012695 206.4953002930 208.7873687744 209.4262084961 210.6159515381 210.8723754883 208.5427398682 206.0523986816 202.8917999268 201.1087036133 197.5930786133 193.2319030762 188.8150939941
226.2858581543 225.0165863037 223.8398284912 222.7534484863 222.1522369385 221.8213043213 221.5287475586 221.3720855713 220.9505004883 220.4850158691 219.6410980225 219.1233520508 218.7868041992 219.0851440430 219.7897949219 220.1148986816 220.3848419189 220.4803771973 220.6118469238 220.5232238770 220.4414672852 220.0212707520 219.8492584229 219.5586090088 219.1883544922 218.0402069092 217.2269439697 216.1968688965 215.2247467041 214.6485290527 213.6398925781 213.0061187744 212.3569793701 212.3866577148 211.8959197998 211.3138275146 211.7961273193 212.1876525879 212.5867462158 212.8423767090 212.5328521729 209.7029113770 206.1965332031 202.1072845459 195.8644256592 188.6717834473 180.8564910889
227.0061340332 225.9130096436 224.5781250000 223.5897064209 223.6544036865 222.6750183105 222.7000274658 222.4399871826 222.0462188721 221.7695617676 221.4262847900 220.7916412354 220.4204101562 220.2326965332 219.5953826904 219.9929962158 220.4893951416 220.3365631104 220.4244689941 220.7070922852 221.0867004395 221.2355346680 221.3211212158 221.4110870361 221.1726074219 220.8306427002 220.4624328613 220.2649230957 219.0124511719 218.4700927734 217.7493133545 217.3493347168 216.9395904541 217.8730468750 217.5520629883 217.0594329834 217.1330566406 216.7324829102 216.2329711914 216.4444274902 215.1879425049 212.1166534424 208.2818756104 201.2139434814 195.1899261475 185.3771057129 175.9264831543
227.7323150635 226.4939422607 225.9534606934 224.4666290283 224.5367736816 224.0612945557 223.4150695801 223.4450836182 223.4963378906 223.2309417725 222.7742767334 222.5982971191 221.3287353516 220.7592010498 219.8465118408 219.7398681641 219.8281555176 220.6775207520 221.4123535156 221.4256134033 221.8945465088 222.6697692871 223.3050384521 223.4679718018 223.3538055420 223.8938293457 225.0067138672 224.2226715088 223.8208923340 223.1343688965 222.5211181641 222.9457855225 222.4942932129 223.0096893311 222.5265045166 222.2721862793 222.8523101807 221.7095947266 220.7122650146 219.2254791260 218.2461700439 214.0238342285 208.1506042480 201.6457061768 193.3645324707 180.4006652832 171.4267425537
228.6800384521 227.7156982422 225.9306945801 224.9905853271 224.5114593506 224.0305023193 223.9192810059 224.0233917236 224.3372802734 224.5002593994 224.0521240234 223.9712219238 223.0641479492 221.4047393799 220.1544799805 219.0383148193 219.1736145020 220.3644104004 221.5402832031 222.3513183594 223.5759124756 224.5623626709 225.9091339111 226.7603454590 226.4719543457 226.4593811035 226.8898010254 227.2518920898 227.3228759766 227.5357055664 228.2033386230 228.7121429443 228.9892578125 228.2162322998 228.5060119629 228.3827972412 227.9872894287 226.8495178223 224.8271484375 223.0378723145 220.7798461914 214.8048400879 209.2843475342 200.5127868652 190.1918640137 178.8081207275 168.6363830566
229.2846221924 227.4644927979 226.2857666016 225.3731079102 224.3993682861 224.4108886719 224.4429473877 224.8912506104 225.1703033447 225.1215972900 225.2176818848 224.7459411621 223.4359436035 222.0548553467 220.4184722900 218.6487579346 218.7584991455 221.4433898926 222.9062805176 222.7541351318 224.0263519287 226.3992767334 227.8519897461 228.3739471436 9999.0000000000 9999.0000000000 230.5545349121 231.3309326172 230.8533782959 231.6540527344 232.2020263672 231.8277130127 232.8405914307 232.5215606689 232.0495147705 231.8927612305 232.3670349121 230.2468109131 228.2936248779 226.1771697998 221.3405761719 215.7440795898 207.6002502441 198.7901458740 187.6261596680 176.7367858887 167.8791198730
229.8876647949 228.4161834717 226.9649047852 225.7418670654 225.3499145508 225.2115020752 225.6495971680 225.7649536133 226.4505157471 225.9654998779 225.6983795166 224.9744567871 223.7139434814 222.6233215332 221.7773132324 220.7900848389 221.3596801758 223.0309753418 9999.0000000000 9999.0000000000 9999.0000000000 9999.0000000000 9999.0000000000 9999.0000000000 9999.0000000000 9999.0000000000 233.8733367920 234.7455444336 234.8763122559 235.8477325439 234.7354278564 235.7698822021 236.5962066650 236.2870330811 235.5876770020 235.5352783203 235.7860107422 233.8388824463 231.7537994385 227.5954895020 222.1119995117 213.0047912598 205.2039642334 197.3336486816 187.5031890869 177.7114105225 169.9553680420
231.0103607178 229.7400360107 227.9763641357 226.7726135254 226.1830596924 226.6921386719 226.7164916992 227.2550354004 227.2268371582 226.7376708984 225.5991516113 224.5620574951 223.5044403076 222.9613342285 222.1021423340 222.2311553955 223.1816253662 9999.0000000000 9999.0000000000 9999.0000000000 9999.0000000000 9999.0000000000 9999.0000000000 9999.0000000000 9999.0000000000 9999.0000000000 9999.0000000000 235.3887786865 236.4768066406 238.5936737061 238.9691009521 239.3808288574 239.0886383057 238.8801269531 238.8755493164 238.5487518311 238.7956237793 236.6422882080 233.2320709229 227.2215576172 220.4761657715 210.4532623291 201.5906066895 195.3696289062 189.3387908936 180.0293121338 174.7541961670
232.4606170654 231.5710144043 229.4627685547 228.4651794434 227.7159271240 227.7040863037 227.9757690430 227.7046508789 227.7707214355 226.6618499756 224.7301635742 223.6187286377 223.2558135986 223.6875762939 224.2149200439 225.2453613281 226.9102478027 9999.0000000000 9999.0000000000 9999.0000000000 9999.0000000000 9999.0000000000 9999.0000000000 9999.0000000000 9999.0000000000 9999.0000000000 9999.0000000000 9999.0000000000 237.9355773926 239.5580596924 241.0141296387 241.4993743896 241.8967895508 241.3790130615 241.2477264404 240.8355712891 241.4819335938 239.4287719727 235.0259552002 228.7705078125 218.5736236572 208.7445831299 199.9722595215 193.8770141602 188.5059051514 183.8529663086 179.8909759521
234.5004272461 232.7862701416 230.4659729004 229.1769561768 228.4681701660 228.2262268066 228.3400573730 228.4032135010 228.0735626221 227.5522460938 225.6611938477 224.5903930664 224.4884796143 225.5250091553 226.7449188232 227.6378784180 9999.0000000000 9999.0000000000 9999.0000000000 9999.0000000000 9999.0000000000 9999.0000000000 9999.0000000000 9999.0000000000 9999.0000000000 9999.0000000000 9999.0000000000 9999.0000000000 9999.0000000000 241.1611785889 242.6936645508 243.5215759277 244.0461425781 243.6049499512 242.8170776367 242.2954254150 243.2637786865 241.0544128418 237.0633239746 228.9885711670 219.7182922363 208.0584869385 199.4761505127 195.7709197998 191.5940093994 188.0099792480 186.0275573730
235.5375366211 234.3345794678 231.7263488770 230.0418395996 230.0200347900 229.2586669922 227.8538665771 227.6078948975 226.5405883789 226.8216705322 225.9878997803 226.4964599609 226.6439819336 228.1241149902 9999.0000000000 9999.0000000000 9999.0000000000 9999.0000000000 9999.0000000000 9999.0000000000 9999.0000000000 9999.0000000000 9999.0000000000 9999.0000000000 9999.0000000000 9999.0000000000 9999.0000000000 9999.0000000000 9999.0000000000 9999.0000000000 243.9098663330 245.5579833984 246.1294555664 245.9210968018 245.2052154541 244.6682891846 245.0343780518 242.8871154785 237.7885131836 230.3538208008 221.2821960449 211.2439727783 201.1641693115 197.6191406250 195.5281829834 194.3384552002 191.2248382568
236.5695343018 234.9627838135 233.1737823486 231.6492614746 229.6507263184 228.3987426758 226.1505889893 225.6519927979 225.0030975342 225.2016448975 226.1851043701 227.7416381836 228.7741394043 9999.0000000000 9999.0000000000 9999.0000000000 9999.0000000000 9999.0000000000 9999.0000000000 9999.0000000000 9999.0000000000 9999.0000000000 9999.0000000000 9999.0000000000 9999.0000000000 9999.0000000000 9999.0000000000 9999.0000000000 9999.0000000000 9999.0000000000 244.4484252930 246.3809661865 247.8351898193 247.6733856201 247.5782165527 246.9887390137 246.8518371582 244.6045379639 239.7022399902 232.5883636475 222.8580169678 212.2489013672 204.9031219482 201.9550628662 201.3981018066 200.3502807617 196.2172393799
238.6844329834 236.3379364014 234.1899871826 231.6360015869 229.5957794189 227.7480773926 225.7092742920 224.6575164795 223.7300262451 224.9906463623 227.9761657715 228.8107604980 9999.0000000000 9999.0000000000 9999.0000000000 9999.0000000000 9999.0000000000 9999.0000000000 9999.0000000000 9999.0000000000 9999.0000000000 9999.0000000000 9999.0000000000 9999.0000000000 9999.0000000000 9999.0000000000 9999.0000000000 9999.0000000000 9999.0000000000 9999.0000000000 9999.0000000000 247.4276428223 249.5058746338 249.2610015869 248.9604797363 248.5159149170 248.0411529541 246.5416412354 240.6154937744 233.9216918945 225.3314514160 215.1663818359 208.5256805420 205.5340881348 205.2871704102 203.6343231201 201.5377502441
240.3574371338 238.0221252441 235.4999389648 233.0373687744 230.4383544922 228.1153869629 226.8312377930 226.4391021729 226.2504730225 228.5466003418 9999.0000000000 9999.0000000000 9999.0000000000 9999.0000000000 9999.0000000000 9999.0000000000 9999.0000000000 9999.0000000000 9999.0000000000 9999.0000000000 9999.0000000000 9999.0000000000 9999.0000000000 9999.0000000000 9999.0000000000 9999.0000000000 9999.0000000000 9999.0000000000 9999.0000000000 9999.0000000000 9999.0000000000 9999.0000000000 250.8213653564 251.0101776123 250.5849151611 249.9230499268 249.3255462646 247.5361633301 242.1375274658 234.9053344727 226.5680847168 218.9534301758 213.2074584961 210.1421508789 209.4494628906 207.5974884033 206.2090911865
242.5550842285 239.2193450928 236.4103546143 234.2996826172 231.8158569336 230.6266784668 229.1945343018 229.6613769531 229.4215698242 9999.0000000000 9999.0000000000 9999.0000000000 9999.0000000000 9999.0000000000 9999.0000000000 9999.0000000000 9999.0000000000 9999.0000000000 9999.0000000000 9999.0000000000 9999.0000000000 9999.0000000000 9999.0000000000 9999.0000000000 9999.0000000000 9999.0000000000 9999.0000000000 9999.0000000000 9999.0000000000 9999.0000000000 9999.0000000000 9999.0000000000 251.4461364746 252.2337799072 252.2601928711 251.8618164062 250.8957824707 247.3230590820 242.9232788086 236.7306671143 227.6697998047 219.8047943115 214.8301086426 213.0233154297 213.5303344727 212.9677124023 211.4948425293
243.7961883545 240.8861236572 238.2387237549 235.0535278320 233.5418395996 233.2253723145 233.2035675049 229.9441833496 9999.0000000000 9999.0000000000 9999.0000000000 9999.0000000000 9999.0000000000 9999.0000000000 9999.0000000000 9999.0000000000 9999.0000000000 9999.0000000000 9999.0000000000 9999.0000000000 9999.0000000000 9999.0000000000 9999.0000000000 9999.0000000000 9999.0000000000 9999.0000000000 9999.0000000000 9999.0000000000 9999.0000000000 9999.0000000000 9999.0000000000 251.0206298828 252.6121520996 254.0056915283 253.5947265625 253.2857360840 250.9677429199 247.1497802734 243.3752441406 236.8039855957 228.8916473389 220.7734832764 216.8867034912 215.4874572754 216.8164825439 216.0821838379 215.7289123535
