model_inputs/inputs/rsds10.asc
ncols 720
nrows 360
xllcorner -180
yllcorner -90
cellsize 0.500000
NODATA_value 9999.000000
[rows 126 to 146 of 360, columns 141 to 187 of 720]
223.1219940186 220.3814392090 219.1740875244 219.7046051025 220.1853790283 219.9724578857 220.2757873535 218.8658905029 217.4931488037 216.5179901123 218.5252227783 219.4394226074 220.2714233398 218.4658203125 214.0998687744 210.4351806641 205.3158569336 201.6335144043 199.1007690430 196.3807983398 195.4750823975 193.9239196777 193.1747741699 193.9480438232 193.8400115967 9999.0000000000 9999.0000000000 9999.0000000000 9999.0000000000 9999.0000000000 9999.0000000000 9999.0000000000 9999.0000000000 9999.0000000000 9999.0000000000 9999.0000000000 9999.0000000000 9999.0000000000 9999.0000000000 9999.0000000000 9999.0000000000 9999.0000000000 9999.0000000000 9999.0000000000 9999.0000000000 9999.0000000000 9999.0000000000
225.0862426758 222.7861022949 222.2414855957 221.1802062988 221.4208068848 220.6197662354 220.5483703613 220.0748901367 218.2073974609 217.0279693604 218.5418548584 220.4736633301 221.5674133301 220.5585174561 219.3302459717 216.8265533447 212.4290008545 208.8425598145 203.7541503906 200.8296051025 196.0888977051 194.3381500244 194.1150817871 194.7423095703 195.1666564941 9999.0000000000 9999.0000000000 9999.0000000000 9999.0000000000 9999.0000000000 9999.0000000000 9999.0000000000 9999.0000000000 9999.0000000000 9999.0000000000 9999.0000000000 9999.0000000000 9999.0000000000 9999.0000000000 9999.0000000000 9999.0000000000 9999.0000000000 9999.0000000000 9999.0000000000 9999.0000000000 9999.0000000000 9999.0000000000
227.8008117676 225.2150115967 223.6308135986 222.4866638184 222.1334228516 221.4907531738 220.6604003906 219.8700256348 219.0986175537 217.8363647461 219.6936645508 222.0579223633 223.6447753906 223.8291168213 223.7790222168 222.4580230713 219.0496063232 214.5709228516 207.9300537109 202.9620056152 198.8619995117 195.2276763916 195.0317077637 194.9444427490 195.8397064209 9999.0000000000 9999.0000000000 9999.0000000000 9999.0000000000 9999.0000000000 9999.0000000000 9999.0000000000 9999.0000000000 9999.0000000000 9999.0000000000 9999.0000000000 9999.0000000000 9999.0000000000 9999.0000000000 9999.0000000000 9999.0000000000 9999.0000000000 9999.0000000000 9999.0000000000 9999.0000000000 9999.0000000000 9999.0000000000
229.2761535645 226.9206848145 225.2827148438 223.5969085693 221.9104461670 221.7911987305 220.5601043701 220.2308502197 220.5399780273 220.1792297363 221.3580627441 223.3500823975 226.3591613770 227.3414916992 226.1144409180 224.8310699463 223.8467864990 218.5038146973 212.6966247559 205.4291839600 199.6590270996 197.0472412109 196.0709381104 196.5672302246 195.5103759766 9999.0000000000 9999.0000000000 9999.0000000000 9999.0000000000 9999.0000000000 9999.0000000000 9999.0000000000 9999.0000000000 9999.0000000000 9999.0000000000 9999.0000000000 9999.0000000000 9999.0000000000 9999.0000000000 9999.0000000000 9999.0000000000 9999.0000000000 9999.0000000000 9999.0000000000 9999.0000000000 9999.0000000000 9999.0000000000
9999.0000000000 9999.0000000000 227.0335083008 225.5765228271 223.4277801514 220.7771606445 220.1658782959 220.6174316406 221.1072235107 223.2110748291 225.0895538330 226.3502044678 228.3183898926 228.6363372803 228.3572998047 226.6374206543 225.7708587646 221.0031738281 213.4765167236 207.4871978760 202.2571716309 198.2984161377 196.7650604248 196.7128448486 9999.0000000000 9999.0000000000 9999.0000000000 9999.0000000000 9999.0000000000 9999.0000000000 9999.0000000000 9999.0000000000 9999.0000000000 9999.0000000000 9999.0000000000 9999.0000000000 9999.0000000000 9999.0000000000 9999.0000000000 9999.0000000000 9999.0000000000 9999.0000000000 9999.0000000000 9999.0000000000 9999.0000000000 9999.0000000000 9999.0000000000
9999.0000000000 9999.0000000000 9999.0000000000 225.9678649902 223.7821655273 221.3565826416 219.3792419434 220.5751953125 221.7959747314 224.2682952881 225.8478393555 227.2421112061 229.1967926025 228.7950592041 229.4241180420 228.1718444824 226.2678985596 222.7624359131 216.7369689941 209.3938903809 204.0189056396 199.1507568359 196.6983337402 195.1517486572 9999.0000000000 9999.0000000000 9999.0000000000 9999.0000000000 9999.0000000000 9999.0000000000 9999.0000000000 9999.0000000000 9999.0000000000 9999.0000000000 9999.0000000000 9999.0000000000 9999.0000000000 9999.0000000000 9999.0000000000 9999.0000000000 9999.0000000000 9999.0000000000 9999.0000000000 9999.0000000000 9999.0000000000 9999.0000000000 9999.0000000000
9999.0000000000 9999.0000000000 9999.0000000000 9999.0000000000 9999.0000000000 221.7807617188 219.4974975586 220.0375213623 221.8473358154 224.1588897705 226.1836700439 228.1293029785 229.4359283447 228.9698486328 229.2437133789 229.0621032715 227.3749847412 222.5778350830 217.1231994629 210.4308471680 204.1247406006 199.8335418701 196.0793457031 194.5604095459 9999.0000000000 9999.0000000000 9999.0000000000 9999.0000000000 9999.0000000000 9999.0000000000 9999.0000000000 9999.0000000000 9999.0000000000 9999.0000000000 9999.0000000000 9999.0000000000 9999.0000000000 9999.0000000000 9999.0000000000 9999.0000000000 9999.0000000000 9999.0000000000 9999.0000000000 9999.0000000000 9999.0000000000 9999.0000000000 9999.0000000000
226.2968444824 9999.0000000000 9999.0000000000 9999.0000000000 9999.0000000000 222.6189270020 220.1119384766 218.4649200439 219.5036315918 220.4598236084 223.9589080811 226.6055603027 229.2602539062 230.2968444824 230.0750427246 229.9734802246 227.5124206543 221.8485565186 213.4845123291 205.5173645020 196.9720764160 194.0043792725 193.4496612549 192.7906036377 9999.0000000000 9999.0000000000 9999.0000000000 9999.0000000000 9999.0000000000 9999.0000000000 9999.0000000000 9999.0000000000 9999.0000000000 9999.0000000000 9999.0000000000 9999.0000000000 9999.0000000000 9999.0000000000 9999.0000000000 9999.0000000000 9999.0000000000 9999.0000000000 9999.0000000000 9999.0000000000 9999.0000000000 9999.0000000000 9999.0000000000
9999.0000000000 9999.0000000000 9999.0000000000 9999.0000000000 9999.0000000000 9999.0000000000 9999.0000000000 215.2973327637 214.3573150635 217.3058013916 220.0819549561 223.5453186035 230.0250396729 231.3511047363 231.3072967529 230.4411163330 227.8669891357 221.1345672607 210.6470184326 198.8819732666 191.5575561523 188.5427703857 189.2586822510 189.5014343262 9999.0000000000 9999.0000000000 9999.0000000000 9999.0000000000 9999.0000000000 9999.0000000000 9999.0000000000 9999.0000000000 9999.0000000000 9999.0000000000 9999.0000000000 9999.0000000000 9999.0000000000 9999.0000000000 9999.0000000000 9999.0000000000 9999.0000000000 9999.0000000000 9999.0000000000 9999.0000000000 9999.0000000000 9999.0000000000 9999.0000000000
9999.0000000000 9999.0000000000 9999.0000000000 9999.0000000000 9999.0000000000 9999.0000000000 9999.0000000000 211.7258758545 212.0748901367 211.4891357422 216.0551452637 221.3988037109 227.9694671631 230.7805786133 231.9233703613 231.3181610107 227.3142547607 217.8987274170 206.1146697998 192.0079345703 182.5746154785 180.6739196777 183.3561248779 186.9426574707 9999.0000000000 9999.0000000000 9999.0000000000 9999.0000000000 9999.0000000000 9999.0000000000 9999.0000000000 9999.0000000000 9999.0000000000 9999.0000000000 9999.0000000000 9999.0000000000 9999.0000000000 9999.0000000000 9999.0000000000 9999.0000000000 9999.0000000000 9999.0000000000 9999.0000000000 9999.0000000000 9999.0000000000 9999.0000000000 9999.0000000000
9999.0000000000 9999.0000000000 9999.0000000000 9999.0000000000 9999.0000000000 218.9689941406 9999.0000000000 210.0722198486 208.8189697266 206.6409301758 212.0004882812 219.7266845703 225.1092834473 230.3230133057 231.0764007568 229.9682159424 227.3253479004 217.9259185791 202.7743682861 188.7583312988 176.9901275635 177.5470581055 181.3803405762 186.3817443848 9999.0000000000 9999.0000000000 9999.0000000000 9999.0000000000 9999.0000000000 9999.0000000000 9999.0000000000 9999.0000000000 9999.0000000000 9999.0000000000 9999.0000000000 9999.0000000000 9999.0000000000 9999.0000000000 9999.0000000000 9999.0000000000 9999.0000000000 9999.0000000000 186.7531127930 182.8021087646 184.3643646240 9999.0000000000 9999.0000000000
9999.0000000000 9999.0000000000 9999.0000000000 9999.0000000000 9999.0000000000 9999.0000000000 215.0758666992 9999.0000000000 207.0617828369 206.6534729004 209.8989562988 214.8526763916 221.5829467773 226.5055084229 228.2555847168 227.0784301758 226.8170471191 220.8676605225 209.3569946289 197.3100738525 186.8320007324 184.3435821533 189.4584350586 190.5343933105 191.5408630371 9999.0000000000 9999.0000000000 9999.0000000000 9999.0000000000 9999.0000000000 9999.0000000000 9999.0000000000 9999.0000000000 9999.0000000000 9999.0000000000 9999.0000000000 9999.0000000000 9999.0000000000 205.2703704834 205.1110076904 199.3524627686 191.1496887207 182.8053283691 181.0894927979 181.6599731445 186.7659759521 9999.0000000000
9999.0000000000 9999.0000000000 9999.0000000000 9999.0000000000 9999.0000000000 9999.0000000000 9999.0000000000 9999.0000000000 208.2012023926 205.8719940186 208.3183441162 213.1365356445 216.7374572754 221.3266754150 222.8397216797 225.4071350098 224.9788513184 220.3261260986 213.6986389160 207.6965484619 199.9095306396 198.0839996338 194.3439941406 195.8258972168 193.4695434570 9999.0000000000 9999.0000000000 9999.0000000000 9999.0000000000 9999.0000000000 9999.0000000000 9999.0000000000 9999.0000000000 9999.0000000000 9999.0000000000 9999.0000000000 9999.0000000000 9999.0000000000 203.2180938721 203.0351562500 194.6957092285 184.4804534912 178.9150848389 176.6531677246 180.8769683838 185.1021728516 9999.0000000000
9999.0000000000 9999.0000000000 9999.0000000000 9999.0000000000 9999.0000000000 9999.0000000000 9999.0000000000 216.4599151611 214.6501770020 206.7821044922 206.9677124023 209.5698394775 212.6026458740 215.9866638184 219.3345184326 221.6436614990 222.0782165527 222.4186248779 220.6318359375 218.4257049561 215.6380767822 210.1345825195 206.5655364990 199.9119720459 195.4385070801 193.0419006348 9999.0000000000 9999.0000000000 9999.0000000000 9999.0000000000 9999.0000000000 9999.0000000000 9999.0000000000 9999.0000000000 9999.0000000000 9999.0000000000 9999.0000000000 9999.0000000000 200.3544464111 195.3197631836 186.8957214355 179.7037506104 173.5393066406 173.2867889404 179.0755920410 184.8211517334 9999.0000000000
9999.0000000000 9999.0000000000 9999.0000000000 9999.0000000000 9999.0000000000 9999.0000000000 9999.0000000000 9999.0000000000 215.2515411377 214.4431915283 208.3916320801 209.1274108887 211.6597747803 213.2209625244 216.1840667725 217.8715515137 218.4749908447 221.0541534424 221.1541137695 222.1843414307 223.1363067627 218.0995635986 212.1864318848 206.3741912842 197.4721374512 193.9127197266 190.2800598145 9999.0000000000 9999.0000000000 9999.0000000000 9999.0000000000 9999.0000000000 9999.0000000000 9999.0000000000 9999.0000000000 9999.0000000000 9999.0000000000 197.1928863525 195.1716156006 187.1495666504 181.4664001465 175.5643310547 171.5562896729 172.2208251953 9999.0000000000 9999.0000000000 9999.0000000000
9999.0000000000 9999.0000000000 9999.0000000000 9999.0000000000 9999.0000000000 9999.0000000000 9999.0000000000 9999.0000000000 215.0433959961 214.2421264648 213.9137115479 210.8831787109 212.0970764160 212.2915344238 211.7144775391 211.7103576660 212.4225006104 215.4929962158 217.3022613525 222.9463806152 223.6470489502 221.1075897217 217.8684692383 211.4432678223 204.3365325928 197.5622711182 189.5223541260 9999.0000000000 9999.0000000000 9999.0000000000 9999.0000000000 9999.0000000000 9999.0000000000 9999.0000000000 9999.0000000000 9999.0000000000 193.0584106445 192.9747467041 187.9645233154 181.4745025635 176.9524841309 173.3921966553 173.2463378906 173.3554840088 9999.0000000000 9999.0000000000 9999.0000000000
9999.0000000000 9999.0000000000 9999.0000000000 9999.0000000000 9999.0000000000 9999.0000000000 9999.0000000000 9999.0000000000 9999.0000000000 9999.0000000000 213.4743041992 213.2445678711 212.5604858398 209.8978576660 209.6601257324 207.5069732666 205.7350311279 208.0955810547 211.9460754395 217.6347961426 222.0615997314 223.1603546143 221.5570220947 216.7493133545 210.2601623535 199.3376312256 189.0185546875 176.9045867920 166.6174774170 170.4432983398 9999.0000000000 9999.0000000000 9999.0000000000 179.7077178955 181.9731445312 187.0668334961 187.9229583740 183.2470092773 178.7876739502 174.2582092285 174.0389862061 173.8497009277 174.2820739746 172.8933410645 9999.0000000000 9999.0000000000 9999.0000000000
9999.0000000000 9999.0000000000 9999.0000000000 9999.0000000000 9999.0000000000 9999.0000000000 9999.0000000000 9999.0000000000 9999.0000000000 9999.0000000000 9999.0000000000 213.1778411865 212.7476959229 213.4823455811 210.9267120361 206.2709808350 199.7703094482 201.0837249756 206.5903778076 213.0567932129 218.1690521240 221.8505401611 223.9902801514 220.9142150879 216.9121856689 205.7579498291 187.6583557129 174.6391906738 159.0328369141 153.4277038574 154.5839538574 156.5418243408 160.0781402588 165.6726379395 172.2779083252 177.0790405273 177.8526916504 176.6392517090 172.8799133301 167.9906158447 170.9896697998 172.7567138672 174.1127624512 171.3467254639 9999.0000000000 9999.0000000000 9999.0000000000
9999.0000000000 9999.0000000000 9999.0000000000 9999.0000000000 9999.0000000000 9999.0000000000 9999.0000000000 9999.0000000000 9999.0000000000 9999.0000000000 9999.0000000000 9999.0000000000 9999.0000000000 9999.0000000000 214.2184753418 212.0895385742 210.8580932617 204.6395568848 206.8460540771 212.2632293701 218.5181427002 223.6726379395 224.6847076416 225.2465362549 220.0449523926 212.0694274902 198.3937683105 183.1828002930 169.7719573975 165.9717864990 163.5163116455 159.8637084961 162.6865081787 168.3790435791 175.1326293945 174.6784057617 172.2260742188 170.4049682617 163.9505920410 159.5238342285 162.2724761963 165.9150390625 171.4374694824 9999.0000000000 9999.0000000000 9999.0000000000 9999.0000000000
9999.0000000000 9999.0000000000 9999.0000000000 9999.0000000000 9999.0000000000 9999.0000000000 9999.0000000000 9999.0000000000 9999.0000000000 9999.0000000000 9999.0000000000 9999.0000000000 9999.0000000000 9999.0000000000 9999.0000000000 9999.0000000000 213.7710571289 211.0571746826 208.9439697266 212.5185394287 218.4747619629 224.9884490967 226.9122772217 225.6482696533 225.5481414795 220.1915435791 214.9040527344 201.2880249023 193.5218505859 186.0603637695 183.3990783691 179.6941833496 174.5973510742 177.3694763184 177.5212860107 177.4204711914 174.0485992432 164.7518615723 156.0418853760 150.7306976318 154.1369934082 161.5274963379 168.3740692139 9999.0000000000 9999.0000000000 9999.0000000000 9999.0000000000
9999.0000000000 9999.0000000000 9999.0000000000 9999.0000000000 9999.0000000000 9999.0000000000 9999.0000000000 9999.0000000000 9999.0000000000 9999.0000000000 9999.0000000000 9999.0000000000 9999.0000000000 9999.0000000000 9999.0000000000 9999.0000000000 9999.0000000000 9999.0000000000 212.8846435547 212.2308197021 216.2683410645 224.4493408203 226.6615905762 226.5130920410 225.3252716064 224.9000091553 224.6901702881 220.8916473389 216.0141906738 211.2887420654 204.9556579590 197.8997192383 192.8792114258 190.8665313721 187.5259094238 182.3282318115 174.9460601807 164.0495758057 152.5912170410 144.6719207764 148.6771850586 155.4850006104 161.5854187012 9999.0000000000 9999.0000000000 9999.0000000000 9999.0000000000
