model_inputs/inputs/rsds12.asc
ncols 720
nrows 360
xllcorner -180
yllcorner -90
cellsize 0.500000
NODATA_value 9999.000000
[rows 63 to 83 of 360, columns 188 to 234 of 720]
9999.0000000000 9999.0000000000 9999.0000000000 9999.0000000000 9999.0000000000 9999.0000000000 9999.0000000000 9999.0000000000 9999.0000000000 9999.0000000000 9999.0000000000 9999.0000000000 9999.0000000000 9999.0000000000 9999.0000000000 10.9843626022 10.9742794037 10.7705202103 10.1031684875 10.3212699890 10.5096693039 10.5725278854 10.7137651443 10.8300027847 10.8588590622 10.8302078247 10.8166446686 10.9201250076 10.8453445435 10.9317064285 11.0727109909 11.1155328751 11.1438503265 11.0987281799 10.9350032806 10.8465118408 10.4451522827 10.0178318024 9.7153081894 9.5528955460 9.5205593109 9.8560295105 10.5188817978 10.8548393250 11.3625259399 11.7152557373 11.5922937393
9999.0000000000 9999.0000000000 9999.0000000000 9999.0000000000 9999.0000000000 9999.0000000000 9999.0000000000 9999.0000000000 9999.0000000000 9999.0000000000 9999.0000000000 9999.0000000000 9999.0000000000 9999.0000000000 9999.0000000000 9999.0000000000 9999.0000000000 11.3599348068 11.1496620178 11.3052444458 11.2537612915 11.3385143280 11.4162111282 11.5761699677 11.6594753265 11.5907392502 11.7430257797 11.6398649216 11.6206912994 11.6560573578 11.8276290894 11.8097400665 11.9412240982 11.9870595932 11.6393337250 11.6035642624 11.2600011826 10.9603281021 10.7159719467 10.7833404541 10.5683145523 11.1514501572 11.6009511948 12.4275856018 13.0534591675 13.2900285721 13.1950387955
9999.0000000000 9999.0000000000 9999.0000000000 9999.0000000000 9999.0000000000 9999.0000000000 9999.0000000000 9999.0000000000 9999.0000000000 9999.0000000000 9999.0000000000 9999.0000000000 9999.0000000000 9999.0000000000 9999.0000000000 9999.0000000000 9999.0000000000 9999.0000000000 12.3044509888 12.7222280502 12.4636936188 12.3311014175 12.5394945145 12.4236860275 12.6303672791 12.5886440277 12.6121625900 12.6524362564 12.4671010971 12.6774730682 12.7302589417 12.7325115204 12.8397674561 12.7207679749 12.7498855591 12.4435510635 12.4497652054 12.1344804764 11.9824047089 11.9742298126 11.9500503540 12.5793533325 13.2881183624 13.9330558777 14.5828361511 15.1032981873 15.0853061676
9999.0000000000 9999.0000000000 9999.0000000000 9999.0000000000 9999.0000000000 9999.0000000000 9999.0000000000 9999.0000000000 9999.0000000000 9999.0000000000 9999.0000000000 9999.0000000000 14.1424102783 13.6646022797 9999.0000000000 9999.0000000000 9999.0000000000 9999.0000000000 13.4257659912 13.6728811264 13.3685693741 13.4680490494 13.4940004349 13.5890541077 13.6315603256 13.5822334290 13.5692491531 13.6112384796 13.6042909622 13.6878185272 13.7799081802 13.8392877579 13.8253536224 13.7742614746 13.7066450119 13.6373090744 13.5939292908 13.5397691727 13.4008493423 13.3658723831 13.6892414093 14.1167764664 14.6897830963 15.4754810333 16.1564445496 16.6160240173 17.1728630066
9999.0000000000 9999.0000000000 9999.0000000000 9999.0000000000 9999.0000000000 9999.0000000000 9999.0000000000 9999.0000000000 9999.0000000000 9999.0000000000 9999.0000000000 9999.0000000000 14.8008680344 14.6991777420 14.7001695633 9999.0000000000 9999.0000000000 9999.0000000000 14.5553302765 14.5343980789 14.5142889023 14.6898574829 14.7563285828 14.7370281219 14.8305177689 14.8508977890 14.8680686951 14.7201499939 14.7776556015 14.7681522369 14.8947267532 14.9167337418 15.1197757721 15.0172033310 15.0920171738 15.1621694565 14.9593257904 14.9659624100 14.9271326065 15.1086387634 15.3353414536 15.7022237778 16.2788925171 16.5369567871 17.4021244049 17.8851032257 18.5131340027
18.6312465668 9999.0000000000 9999.0000000000 9999.0000000000 9999.0000000000 9999.0000000000 9999.0000000000 9999.0000000000 9999.0000000000 9999.0000000000 9999.0000000000 9999.0000000000 16.3654384613 16.2449474335 9999.0000000000 9999.0000000000 9999.0000000000 15.4653902054 15.5874052048 15.9030342102 16.0701389313 15.9581336975 16.0699005127 16.2485866547 16.2091369629 15.9971570969 15.9608135223 16.1258697510 16.2232780457 16.4161777496 16.3162956238 16.3000583649 16.4443340302 16.4434776306 16.2790794373 16.4273376465 16.6819152832 16.5667762756 16.8540115356 16.7647285461 17.0225067139 17.4745731354 17.6745910645 18.0661621094 18.6708660126 19.3249988556 19.9091148376
20.0650768280 19.8909187317 19.8463973999 19.4934272766 19.3731288910 18.9519748688 18.6610107422 18.3449745178 9999.0000000000 9999.0000000000 9999.0000000000 9999.0000000000 9999.0000000000 9999.0000000000 9999.0000000000 16.7235946655 16.6208419800 16.7344779968 17.1067581177 17.1195106506 17.3616714478 17.4144973755 17.4646186829 17.3848266602 17.4064178467 17.3540840149 17.3902397156 17.5042552948 17.4415416718 17.7196407318 17.7021465302 17.7425441742 17.7439250946 17.8316860199 17.8853721619 17.9212188721 18.1245727539 17.9694919586 18.2868614197 18.2770023346 18.5858345032 18.7523536682 19.0243968964 19.5357913971 19.7067451477 20.3236331940 20.8940448761
20.9256610870 20.9524593353 20.7510719299 20.8742523193 20.3792152405 20.2149505615 20.0304355621 19.9008808136 9999.0000000000 9999.0000000000 9999.0000000000 9999.0000000000 17.8908691406 17.6086292267 17.5135250092 17.2746181488 17.5541629791 17.7630252838 17.8263511658 18.0562210083 18.0514545441 18.1967868805 18.1379108429 18.1388206482 18.3006095886 18.3221130371 18.4442615509 18.4403228760 18.7848320007 18.8133754730 18.9604396820 18.9221534729 18.9465961456 19.0096721649 19.0703086853 19.3156719208 19.3065719604 19.6412258148 19.6766757965 19.8510322571 19.7865905762 19.9304866791 20.1497344971 20.2930793762 20.7293491364 21.0153903961 21.4799079895
22.0167236328 21.9146213531 21.9551830292 21.9665336609 21.8002128601 21.7563419342 21.5773773193 21.1584548950 9999.0000000000 9999.0000000000 9999.0000000000 9999.0000000000 9999.0000000000 18.9311428070 18.3380832672 18.3005809784 18.6084766388 18.7828102112 18.8617916107 18.8580837250 18.8956031799 18.9222145081 19.0827941895 19.1784763336 19.2466220856 19.3528594971 19.6003456116 19.8550415039 19.8066692352 20.0917072296 20.1667366028 20.2602119446 20.4650688171 20.4593315125 20.7050418854 20.7488365173 21.0656261444 21.1745433807 21.4112243652 21.4644222260 21.3417167664 21.4714870453 21.3966541290 21.5848579407 21.7378387451 21.9360065460 22.1630287170
22.9010200500 22.8563365936 22.9159812927 22.8896121979 22.9571418762 22.8249282837 22.6505851746 22.4924373627 9999.0000000000 9999.0000000000 9999.0000000000 9999.0000000000 9999.0000000000 20.0393600464 19.5452098846 19.4281215668 19.7009239197 19.6699142456 19.8851814270 19.7822055817 19.9208126068 19.8605823517 19.7889785767 19.8138065338 20.1409206390 20.4303607941 20.8251476288 21.1069011688 21.1842422485 21.3507347107 21.4475574493 21.7646884918 21.7309856415 22.0989761353 22.2096805573 22.5260829926 22.6380577087 22.8746604919 22.9612369537 23.1012096405 23.0180740356 22.8446063995 22.7566699982 22.7425861359 22.8239822388 22.8868103027 22.8742599487
23.9295539856 23.9675807953 23.8397960663 23.9948997498 24.0284442902 24.1128158569 24.0697574615 23.8391284943 23.3693065643 23.1108818054 9999.0000000000 9999.0000000000 21.9091110229 21.2589969635 20.9746990204 21.3192901611 20.8508453369 20.8809089661 20.8959274292 21.0503215790 20.9395503998 20.8838977814 20.7175521851 21.1064910889 21.4850139618 21.8175868988 21.9140491486 22.2136230469 22.1627025604 22.4470329285 22.6171932220 22.9411869049 23.1208324432 23.4600238800 23.6225700378 23.9764919281 24.1516475677 24.3720321655 24.5061054230 24.6034584045 24.6373214722 24.5586528778 24.4438762665 24.2230892181 24.0097141266 24.0333137512 23.9107208252
25.1440505981 25.0673599243 24.9183521271 24.9563388824 25.0870857239 25.0783882141 25.0752220154 24.7812213898 24.5429153442 24.4379520416 24.0355529785 9999.0000000000 9999.0000000000 9999.0000000000 22.3426132202 22.4942855835 22.5040988922 22.0764007568 22.1509666443 22.0535202026 22.4136161804 22.1823272705 22.3407096863 22.3333034515 22.5779056549 22.6582698822 22.9312000275 23.0630722046 23.3811645508 23.4526386261 23.8563823700 24.0361709595 24.3837738037 24.4637145996 24.9026584625 25.0594310760 25.4002265930 25.6958599091 26.0675067902 26.0135364532 26.4154186249 26.2517166138 26.5375614166 26.0744972229 26.1687850952 25.7759971619 25.9789390564
26.3359088898 26.2903499603 26.1600894928 26.3140697479 26.2644481659 26.0963058472 26.1177787781 25.8742790222 25.6706848145 25.4668521881 9999.0000000000 9999.0000000000 9999.0000000000 9999.0000000000 23.8226032257 24.1090545654 23.7394409180 23.7617702484 23.5807514191 23.5720081329 23.5845127106 23.5702571869 23.5308189392 23.7181205750 23.5138339996 23.6068801880 23.8675670624 24.1426811218 24.2818679810 24.6363201141 24.8626937866 25.2493572235 25.5195960999 25.8155555725 25.9886264801 26.5515823364 26.6315422058 27.3049697876 27.5651149750 28.0201530457 27.8854866028 28.3168354034 28.3712825775 28.2182750702 28.0821056366 28.1429729462 27.9612102509
27.8376064301 27.8351364136 27.4747238159 27.5169811249 27.2005290985 27.1249866486 27.1738929749 26.9341640472 26.6343460083 26.8922233582 26.4168033600 9999.0000000000 25.8748626709 25.6910858154 25.4608707428 25.4515571594 25.0911350250 24.8450660706 24.6973400116 24.7778110504 24.7963447571 24.9732208252 24.8448085785 24.8236274719 24.7376194000 24.9565162659 24.9046916962 25.3570652008 25.4211769104 25.8859062195 26.1149539948 26.5003070831 26.7883262634 27.1695365906 27.3982353210 27.7676048279 27.9190349579 28.3269653320 28.4313373566 28.7753105164 29.1383666992 29.4110908508 29.6364078522 29.6589698792 29.6750679016 29.7318630219 29.6760196686
29.9498481750 29.0389709473 28.9268455505 28.6569404602 28.4099807739 28.1412124634 28.2490768433 27.7719364166 27.7653827667 27.4418773651 27.5691795349 27.4772224426 27.3655300140 27.0822753906 26.8207435608 26.4562816620 26.2585830688 25.9066696167 25.9331779480 25.8534660339 25.9585437775 26.0400867462 26.1628990173 26.0877723694 26.1038379669 26.0383892059 26.2897014618 26.4239273071 26.7983264923 27.0113029480 27.5083770752 27.6638164520 28.1736030579 28.3554477692 28.8847198486 28.8940811157 29.2867126465 29.3610343933 29.6795825958 29.8112945557 30.0825023651 29.9975833893 30.3703441620 30.3876838684 30.6538581848 30.6156959534 31.0266132355
31.5467033386 31.1543846130 30.5958175659 30.2454872131 29.8344650269 29.6548519135 29.3975925446 29.3869514465 28.9027786255 28.5986976624 28.4759407043 28.4666404724 28.3922672272 28.1204338074 27.9195404053 27.6869869232 27.4882545471 27.3868350983 27.0775852203 27.1273822784 27.4150886536 27.2895526886 27.4022636414 27.4681072235 27.5184478760 27.7358169556 27.8661766052 28.0345726013 28.4829673767 28.7418975830 29.4151115417 29.7535667419 30.1672725677 30.5114574432 30.9015502930 31.1377182007 30.7994937897 30.8494281769 30.9651546478 31.1070652008 31.0931682587 31.0685939789 30.9697628021 30.4863891602 30.7189655304 30.8204689026 30.9626407623
33.1656646729 32.8206405640 32.0368804932 31.7528724670 31.1663799286 31.0385780334 30.6209621429 30.4472007751 29.9365005493 29.7547073364 29.4424018860 29.4710044861 29.2976837158 29.2011260986 28.9907722473 29.0911464691 28.8090896606 28.8753681183 28.5250091553 28.5924930573 28.4762821198 28.6852951050 28.6530666351 28.9620647430 29.0398006439 29.5528888702 29.4989280701 30.0801582336 30.4093284607 31.0238895416 31.1536655426 31.7783107758 31.8935222626 32.5316696167 32.6721305847 32.4109268188 32.5100173950 32.3221511841 32.1142959595 32.0360527039 32.0443191528 31.8253021240 31.6136074066 31.1693840027 30.7644023895 30.8715286255 30.7169818878
34.4898643494 33.9375000000 33.2761535645 32.8280601501 32.3714179993 32.0236740112 31.3347110748 31.3465576172 30.9361553192 30.7887001038 30.5395584106 30.5022239685 30.3644676208 30.2576484680 30.1729717255 30.1957168579 30.1489925385 30.0232181549 29.8556270599 29.6770076752 29.7168483734 29.9018211365 29.9294929504 30.4879989624 30.7057361603 31.0086326599 31.1740818024 31.4338684082 32.1649475098 32.5560340881 32.8838500977 33.3523483276 33.6958465576 33.5255241394 33.8665428162 33.9958610535 34.0118751526 33.8537521362 33.5052261353 9999.0000000000 9999.0000000000 9999.0000000000 9999.0000000000 32.0288391113 31.3634090424 30.9589195251 30.7895736694
34.6924476624 34.2838516235 34.0389518738 33.8241348267 33.6045036316 33.2272644043 33.1224555969 32.8625373840 32.7069892883 32.2257919312 32.2489318848 31.9313049316 31.8959560394 31.6020488739 31.6248722076 31.3924179077 31.5035381317 31.1926784515 31.2730426788 31.1183643341 31.3080520630 31.2651233673 31.6945209503 31.9750995636 32.2683868408 32.3095283508 32.8383102417 32.9275512695 33.7550048828 33.9227752686 34.6234397888 34.9901237488 35.4819488525 34.8479652405 35.3767662048 35.6793937683 35.5885581970 35.1823234558 34.7584075928 34.3997535706 34.1522445679 33.1990127563 33.0270500183 32.7409019470 33.9379806519 33.8026313782 33.2367858887
35.4456710815 35.1498832703 34.9048728943 34.9092483521 34.8605194092 34.8416252136 34.6057434082 34.3689193726 34.2648544312 34.1271171570 33.7218780518 33.6836090088 33.4212417603 33.3899154663 33.0246353149 33.0623703003 32.8953819275 32.9165992737 32.5475044250 32.8348999023 33.1395034790 33.2750549316 33.3696746826 33.6950492859 33.7967338562 34.1740112305 34.5101089478 34.8543090820 35.3219451904 35.9516754150 36.3485984802 37.0274353027 37.2854843140 37.0515327454 37.2996749878 37.3523712158 37.0458106995 37.0252265930 37.0543975830 36.8920783997 36.2777290344 36.7448043823 36.2698478699 36.7827529907 9999.0000000000 9999.0000000000 9999.0000000000
36.4642639160 35.3787956238 35.3458328247 35.6114730835 35.8865509033 35.9837112427 36.2630348206 36.0096130371 36.0082397461 35.7892417908 35.5361175537 35.2576484680 35.2139091492 35.0320777893 34.7283096313 34.7507286072 34.6012496948 34.6328430176 34.2632980347 34.1494445801 34.4503746033 35.1430130005 35.1127357483 35.2205657959 35.2665176392 35.6548385620 35.7077636719 35.8705406189 35.9982147217 37.4316368103 38.0623245239 38.7562332153 39.2565841675 39.4304656982 38.7137527466 39.1352577209 38.8518295288 38.9450225830 39.2705383301 39.7616958618 39.7695693970 40.1961326599 39.4616966248 39.8260841370 9999.0000000000 9999.0000000000 9999.0000000000
