model_inputs/inputs/rsds5.asc
ncols 720
nrows 360
xllcorner -180
yllcorner -90
cellsize 0.500000
NODATA_value 9999.000000
[rows 168 to 188 of 360, columns 376 to 422 of 720]
157.7683258057 155.0554962158 150.0746917725 152.1709594727 151.8717041016 155.7035522461 161.6871948242 165.5269317627 167.6261291504 172.9656982422 176.6851654053 182.7287139893 185.7219085693 192.3105468750 198.0047912598 201.7463684082 206.4794921875 210.4426574707 210.2468109131 210.9846191406 209.2970733643 206.3032531738 204.9229431152 204.5786437988 201.5137634277 199.5063018799 197.4406585693 194.6710510254 192.9657440186 191.1808776855 191.1189117432 192.1118164062 192.3776702881 194.0404205322 198.8361511230 201.3339385986 203.7423248291 205.2654418945 208.8103179932 210.1280670166 211.5041809082 213.3339996338 213.5607910156 214.9264831543 216.1806182861 215.9308319092 216.7067718506
149.9862976074 146.6042327881 142.7390441895 143.3992004395 146.9864349365 150.5447082520 155.4444580078 160.4469146729 163.4244842529 166.7295837402 172.3244018555 176.1110534668 180.7161254883 184.4870147705 189.3208007812 193.4856567383 196.5721893311 199.3231048584 201.4940490723 202.5682830811 200.1980590820 200.3558197021 199.6892700195 201.1853637695 199.9076995850 196.9542083740 194.7562408447 191.7793884277 189.1913604736 187.2467956543 187.2479400635 188.0088958740 187.8864898682 188.7597045898 192.6154785156 196.4167022705 197.9394989014 199.9294281006 203.4128875732 206.1668853760 206.0434265137 207.1139373779 211.5382537842 212.1869964600 212.0753936768 213.6953125000 214.8655395508
149.1068572998 146.1192016602 141.7076873779 140.8604736328 142.7527160645 148.6051788330 151.0370178223 155.0392608643 160.4429626465 164.2845153809 169.4067840576 172.0021667480 176.3842163086 179.0628967285 182.1466369629 185.3617553711 188.8846740723 191.1901855469 191.7376556396 192.6334686279 193.4430999756 193.8195648193 195.4564971924 196.4707031250 196.6862792969 193.8125305176 191.8321990967 188.8230438232 186.5224456787 184.1664276123 183.7216644287 183.3132629395 183.9447937012 185.0029754639 188.2091522217 192.5398406982 195.6423187256 197.3371582031 198.8119964600 200.3856811523 202.5765838623 204.4033050537 205.7501831055 208.2048339844 209.9570159912 211.5504913330 213.7587738037
9999.0000000000 157.2842712402 153.0036010742 152.4575042725 150.5247955322 150.3095092773 152.0568847656 154.4679565430 157.7305755615 161.5640411377 166.3038635254 168.6859893799 172.0327758789 177.6284637451 179.6687469482 183.1063537598 184.0485229492 184.9764556885 186.0973052979 188.1647949219 189.7548828125 190.0626373291 190.4495697021 190.8972930908 190.5865020752 192.1974945068 188.2002258301 185.8589782715 183.2600555420 181.8645324707 181.1927795410 180.7183074951 180.5845489502 180.9713592529 183.6440429688 186.1138916016 187.7467041016 190.0782012939 192.8224487305 194.9781036377 195.7016143799 199.0549621582 201.7587432861 204.9212493896 208.0610046387 211.0659637451 213.3088531494
9999.0000000000 162.8289947510 162.6553192139 159.2773590088 156.9918975830 155.6933288574 154.5827026367 153.9059295654 155.9198150635 159.8271331787 163.5645446777 168.4750518799 170.5425109863 174.1145172119 175.6750030518 176.1486968994 177.9560241699 179.7746887207 179.8594970703 181.6952514648 182.5917510986 184.7234497070 184.5234680176 183.6892242432 184.3110961914 182.8671112061 182.8847656250 181.2115325928 179.3085021973 178.9820709229 178.1291656494 177.2104034424 177.2834014893 178.0034790039 179.7084655762 179.9165039062 181.1340942383 181.9703063965 185.2574615479 188.4002685547 189.5932159424 192.7814483643 198.9078521729 201.6815795898 205.8087005615 209.1957244873 212.9913177490
173.3001403809 169.6592712402 9999.0000000000 169.1555328369 167.9728546143 161.2371673584 154.7623596191 152.9114685059 153.1864624023 157.6561126709 162.0539245605 165.4663238525 167.8388214111 170.6907958984 170.2619781494 172.3009490967 172.4694213867 172.7855529785 174.2373352051 176.1280212402 177.8627319336 178.0192260742 179.0092163086 179.1535491943 177.5548248291 178.9124450684 177.6991271973 176.8491516113 176.4357299805 176.2472381592 175.3614959717 174.6807556152 174.1714324951 174.1558532715 174.5377807617 174.4745635986 175.3955078125 176.7932739258 178.2552185059 181.0362091064 184.3261108398 187.9571990967 193.7216491699 198.8672332764 203.5568695068 207.7385864258 212.0670928955
9999.0000000000 9999.0000000000 9999.0000000000 172.5782623291 174.9792022705 164.5310363770 157.1513977051 150.4099273682 150.2746887207 154.7245941162 159.7273712158 163.2865600586 165.3883972168 166.5131988525 168.3755035400 168.1631164551 169.3573608398 168.8238220215 169.2782897949 170.8697967529 172.0409240723 173.1931457520 174.9348602295 174.6448669434 174.1569213867 172.8893127441 174.4259185791 173.8193664551 173.2378692627 173.5588531494 173.0527038574 172.4369506836 171.9100341797 172.0011596680 171.3528594971 170.7836456299 170.3692932129 171.3768005371 173.5422668457 175.4558715820 178.4718933105 184.0079803467 190.6878967285 196.3390960693 202.0329742432 207.5193023682 211.3358917236
9999.0000000000 9999.0000000000 9999.0000000000 175.2789764404 175.4690246582 164.9131774902 155.1041259766 150.4306640625 149.2505493164 152.4839477539 157.4628906250 161.1257934570 162.9501800537 164.4399871826 166.2168426514 167.1238250732 166.5378875732 167.1264038086 167.4727172852 167.6598815918 169.0990600586 171.0266113281 169.8235626221 169.3681182861 169.9094390869 169.6360168457 170.2312011719 170.8307800293 170.4514007568 170.9821929932 170.7844238281 171.1856842041 170.4584655762 170.1352691650 169.1408996582 168.3271179199 167.4990692139 167.2883300781 169.0162048340 170.9144744873 171.8862609863 178.7593536377 188.0011749268 196.7352294922 202.3370208740 208.2493286133 210.2742462158
9999.0000000000 9999.0000000000 9999.0000000000 174.0518951416 174.2135925293 164.3712310791 154.5791931152 149.8939361572 148.9161376953 151.6083526611 154.9529724121 157.8732299805 160.7513885498 163.2471771240 164.4961853027 164.6690826416 164.2356567383 163.0370941162 163.5769042969 163.5435180664 164.7559967041 165.8421478271 165.6116485596 165.6587982178 167.0534362793 167.8251800537 168.7908782959 168.1043395996 168.9446868896 169.3282623291 169.3086547852 169.2326507568 168.8554534912 168.1321716309 167.1447448730 166.0204315186 164.9165039062 164.3044586182 164.8616027832 165.5934143066 168.3386077881 176.1670227051 187.7925262451 196.1352539062 202.3522338867 205.3110961914 208.5233917236
9999.0000000000 9999.0000000000 170.2147369385 174.1416168213 172.4710235596 163.8662872314 151.2263793945 147.9595794678 147.8866729736 149.8916015625 151.6797485352 154.7227783203 157.8914794922 162.1077423096 164.3099060059 164.1570587158 162.6139221191 162.0008544922 160.4107513428 161.0257720947 161.9506378174 162.9096221924 163.4919433594 165.2843627930 163.9119262695 164.5093231201 165.8852081299 167.6039123535 169.1126251221 167.3634948730 167.5102081299 167.4449157715 167.2099304199 166.4684143066 165.2540588379 163.9335784912 162.5963897705 161.9033203125 162.1642913818 162.8835906982 165.7627563477 175.2272186279 185.1819305420 196.7803039551 203.2034454346 206.5635681152 208.0108489990
9999.0000000000 9999.0000000000 167.8339538574 171.7457122803 165.4388732910 157.7255401611 149.3585052490 147.0475616455 146.1138153076 148.5052947998 151.7438812256 153.9596252441 157.4408264160 161.1575164795 163.6529541016 163.1915588379 161.1108245850 159.5620880127 158.4611358643 159.0473327637 160.2086334229 160.9824829102 161.8610229492 163.6061248779 163.3946990967 164.6455078125 165.3887481689 166.2630157471 165.7085876465 167.0144348145 167.0064392090 165.8852386475 165.2028808594 164.2251434326 162.7938537598 160.5458374023 159.0292510986 159.4229583740 161.0346527100 164.5516052246 168.4087066650 175.9559326172 187.3582153320 196.0718688965 202.5830993652 206.3383178711 208.6660003662
9999.0000000000 9999.0000000000 165.2716522217 168.4082183838 154.9993591309 150.0886383057 145.8040618896 144.1627044678 145.9412841797 147.2006378174 150.2850952148 153.9303131104 157.7079010010 160.3716583252 162.5946044922 161.7004547119 160.3341827393 158.1482543945 156.9998474121 157.2993164062 158.3470764160 159.8057556152 160.6764221191 161.9321899414 162.2088165283 163.7165069580 165.0123443604 167.2143554688 166.0017089844 165.9712219238 166.1497344971 165.2471923828 164.2485961914 163.9558410645 158.8469390869 157.3079833984 156.2266845703 157.2703399658 162.6694641113 166.2065582275 171.5417938232 179.4514160156 189.8459777832 196.0596008301 201.1136627197 207.0682830811 208.7043762207
9999.0000000000 9999.0000000000 163.3915863037 158.8460540771 148.5091857910 144.8971405029 144.1708984375 144.3435058594 144.9426269531 147.0877075195 150.6970825195 153.4505004883 157.4054870605 159.6973266602 161.8964538574 161.3247222900 158.6672058105 157.3766784668 156.8282318115 156.3626861572 157.5014038086 159.8314819336 160.7532501221 161.5124816895 163.8852844238 162.8088226318 164.0810699463 163.9539184570 164.9474945068 166.0840759277 166.0392150879 165.1871032715 162.5931243896 162.1973724365 158.6615600586 155.8450317383 153.3955841064 155.4868927002 162.0265502930 169.5784149170 176.6243133545 183.2750701904 191.2723236084 196.4754943848 202.1521301270 205.7556152344 208.4316864014
9999.0000000000 173.5032806396 163.1758728027 153.7129058838 146.2128753662 143.7317810059 143.0387878418 143.0443115234 145.0732574463 146.7002868652 150.2340850830 153.7194061279 157.3985290527 161.2630004883 163.0044708252 161.2921600342 158.2769927979 156.2025756836 155.2724914551 156.7119445801 158.1641845703 158.7486572266 160.1742248535 161.6564636230 162.5737152100 163.4537200928 164.7407684326 165.7848815918 166.8279418945 167.3113250732 166.8658142090 165.3655548096 163.4075164795 160.5764770508 158.1346282959 155.0342102051 150.6644744873 156.4432983398 163.7438507080 173.9238586426 179.8772888184 186.8268432617 193.1215820312 196.7914733887 200.6876525879 204.2931365967 207.6888427734
9999.0000000000 185.5899963379 177.2041168213 163.2153930664 155.3980712891 147.6060638428 144.8868408203 142.4696350098 143.9664916992 146.5440673828 151.0917816162 154.9342346191 158.2183227539 160.9394836426 163.6392517090 163.8684387207 159.5089721680 156.7616271973 155.4187774658 156.2214660645 157.8533477783 161.0507354736 163.6436614990 163.9522705078 163.9261169434 165.7918701172 165.5855407715 167.4005279541 168.9687652588 169.6685638428 170.0871582031 168.9406127930 166.6196746826 164.2687530518 160.9131011963 155.2624969482 154.8459472656 157.1447753906 164.9217987061 174.8500213623 182.6308898926 189.0345764160 193.3881072998 195.7217254639 197.8364868164 201.1743469238 205.8803405762
9999.0000000000 9999.0000000000 185.6481170654 178.8196868896 163.9107055664 157.7468872070 149.3473358154 144.8481140137 144.8301391602 146.5415344238 151.8242492676 156.0185394287 159.7666625977 162.4713439941 165.7459869385 163.8738555908 162.2435760498 159.3226928711 157.5550384521 158.7168884277 160.0912933350 163.0646820068 163.5208892822 165.5438232422 167.7016448975 168.7661437988 170.7438049316 171.1152648926 172.5399017334 173.8755493164 173.6700897217 174.1432037354 171.2942962646 168.3789367676 165.1494445801 160.7343444824 157.5727233887 161.0919494629 167.8575897217 177.8640136719 185.0847778320 192.5623321533 193.9321441650 194.7704315186 195.9600524902 198.7471618652 204.0871734619
9999.0000000000 9999.0000000000 9999.0000000000 184.2656707764 179.9567260742 168.0339813232 156.1570281982 148.4001617432 146.7864990234 149.4897613525 152.6636505127 156.4473114014 160.4609375000 164.2559967041 165.5111694336 167.3406829834 163.9048919678 162.1810150146 161.5148162842 161.6213378906 164.8422698975 164.4900360107 166.2120971680 168.1864776611 170.8995819092 172.8675537109 172.8684082031 175.4666595459 176.6096191406 178.0793609619 179.0949096680 178.8251800537 177.8416900635 173.7951507568 170.1225738525 166.3688812256 161.3147430420 166.8745117188 174.2301635742 181.1398925781 191.0191345215 193.6508026123 195.9638519287 194.3821868896 194.5610198975 197.4167175293 202.7311859131
9999.0000000000 9999.0000000000 9999.0000000000 186.7577362061 186.8503112793 178.2877044678 165.0931243896 159.0667419434 154.7532653809 152.7741088867 154.6939697266 156.7868041992 160.5083618164 163.8637542725 167.1588134766 167.6047210693 167.3125915527 164.8622436523 164.6867675781 165.1368713379 167.6846923828 167.8447723389 169.6323089600 171.9505767822 174.2080688477 175.5379638672 177.7068939209 179.1030883789 182.1572418213 182.3302001953 183.6912689209 183.4739227295 183.0692901611 182.2852935791 177.5729064941 173.4346313477 172.3115844727 174.5928192139 181.3247070312 191.1836395264 195.9407348633 198.2383728027 199.3715667725 196.7201995850 196.4161529541 198.6106109619 205.0704193115
9999.0000000000 9999.0000000000 9999.0000000000 9999.0000000000 189.4205932617 185.8968505859 181.7504882812 169.3903656006 165.6303253174 160.9714050293 156.3767242432 158.2222442627 161.0815734863 164.9781799316 168.6285095215 169.4168701172 169.1732788086 171.8338317871 171.5733032227 170.9320526123 170.4723358154 172.4314117432 173.7826843262 174.6945648193 177.0651397705 179.7056884766 182.4525756836 184.4730377197 186.4435729980 187.7540740967 188.4523315430 190.3595886230 190.2131652832 189.1457519531 190.6868133545 188.2207794189 184.6944732666 188.8327789307 195.8019409180 199.6088867188 204.5867614746 207.0611572266 206.1930236816 202.1329956055 201.7656860352 204.6121978760 208.5585632324
9999.0000000000 9999.0000000000 9999.0000000000 9999.0000000000 9999.0000000000 189.8504333496 186.2839813232 186.5451354980 176.8528137207 168.7446899414 161.3355407715 159.9265441895 161.9897460938 165.1978149414 169.0894927979 172.1240692139 173.0853424072 173.5765838623 175.3314056396 175.7038421631 177.1658782959 178.1015777588 177.7035217285 180.4510192871 182.6023864746 183.9601135254 186.4830780029 190.2276306152 192.3167114258 194.0239257812 196.7499084473 198.6915283203 198.2840423584 199.4323730469 200.4065093994 200.4745635986 198.3192749023 202.6258087158 205.3962249756 210.9185028076 215.0957489014 215.0506591797 212.5622100830 209.2541961670 207.2067413330 210.4231872559 213.3384246826
9999.0000000000 9999.0000000000 9999.0000000000 9999.0000000000 9999.0000000000 9999.0000000000 189.4023284912 189.7299804688 188.8381652832 174.9163513184 164.2133331299 161.8103790283 164.5275268555 167.9276428223 171.8155212402 174.5791778564 176.2072143555 178.3206329346 179.1390075684 180.1463470459 181.7697753906 182.3508453369 183.6476440430 184.6551513672 185.8485107422 188.9057922363 190.6624755859 194.2843475342 196.4804077148 199.6334991455 203.0053253174 204.7832031250 206.6782531738 207.9060211182 210.2631072998 210.7435760498 210.9321441650 212.2046356201 214.8971710205 219.7855834961 222.4239959717 221.7459869385 220.3053436279 219.0592956543 216.2176971436 215.7253112793 218.7837219238
