model_inputs/inputs/rsds3.asc
ncols 720
nrows 360
xllcorner -180
yllcorner -90
cellsize 0.500000
NODATA_value 9999.000000
[rows 105 to 125 of 360, columns 329 to 375 of 720]
9999.0000000000 9999.0000000000 9999.0000000000 9999.0000000000 9999.0000000000 9999.0000000000 9999.0000000000 9999.0000000000 9999.0000000000 9999.0000000000 9999.0000000000 9999.0000000000 209.2607116699 206.7336425781 206.9312286377 205.1403045654 205.2143859863 205.6606445312 204.1623229980 203.5999908447 204.6699829102 205.9759826660 208.0869598389 209.8376007080 210.4682006836 210.7688446045 211.5825042725 210.3069000244 9999.0000000000 9999.0000000000 9999.0000000000 9999.0000000000 9999.0000000000 9999.0000000000 9999.0000000000 9999.0000000000 9999.0000000000 9999.0000000000 9999.0000000000 9999.0000000000 9999.0000000000 9999.0000000000 9999.0000000000 186.5416870117 185.0749053955 184.2189636230 185.4874420166
9999.0000000000 9999.0000000000 9999.0000000000 9999.0000000000 9999.0000000000 9999.0000000000 9999.0000000000 9999.0000000000 9999.0000000000 9999.0000000000 9999.0000000000 9999.0000000000 213.0121459961 209.3190765381 215.2011718750 207.4839172363 9999.0000000000 9999.0000000000 206.8640136719 205.7472076416 206.7422943115 207.3060150146 209.4302978516 211.5303955078 213.0503540039 213.3139038086 213.6528625488 213.2615814209 216.8290557861 9999.0000000000 9999.0000000000 9999.0000000000 9999.0000000000 200.8195037842 199.6963653564 196.6756134033 194.8340606689 193.4327545166 191.4727935791 190.1843719482 188.7160491943 188.3133850098 187.5052947998 185.7588043213 185.6768341064 186.0528564453 187.0746917725
9999.0000000000 9999.0000000000 9999.0000000000 9999.0000000000 9999.0000000000 9999.0000000000 9999.0000000000 9999.0000000000 9999.0000000000 9999.0000000000 9999.0000000000 9999.0000000000 9999.0000000000 9999.0000000000 9999.0000000000 9999.0000000000 9999.0000000000 9999.0000000000 208.9250183105 208.1707458496 208.0034179688 9999.0000000000 9999.0000000000 9999.0000000000 9999.0000000000 9999.0000000000 9999.0000000000 9999.0000000000 9999.0000000000 9999.0000000000 9999.0000000000 207.9341583252 205.7797698975 204.3323822021 201.6340637207 199.3015899658 196.8566894531 197.2093811035 197.1681060791 195.9914855957 195.2483062744 193.4556121826 194.5345153809 193.3460388184 192.0146942139 192.1168518066 192.7738342285
9999.0000000000 9999.0000000000 9999.0000000000 9999.0000000000 9999.0000000000 9999.0000000000 9999.0000000000 9999.0000000000 9999.0000000000 9999.0000000000 9999.0000000000 9999.0000000000 9999.0000000000 9999.0000000000 9999.0000000000 9999.0000000000 9999.0000000000 9999.0000000000 9999.0000000000 209.5230255127 207.3500366211 9999.0000000000 9999.0000000000 9999.0000000000 9999.0000000000 9999.0000000000 9999.0000000000 9999.0000000000 212.7804718018 211.9935302734 210.7775115967 208.9810028076 208.1776580811 207.1111450195 205.0647430420 204.6105651855 204.0661163330 204.0747222900 205.7678375244 206.3184509277 206.4981231689 207.0059509277 206.1725158691 206.7317199707 204.8710021973 204.7361602783 206.1058197021
9999.0000000000 9999.0000000000 9999.0000000000 9999.0000000000 9999.0000000000 9999.0000000000 9999.0000000000 9999.0000000000 9999.0000000000 9999.0000000000 9999.0000000000 9999.0000000000 9999.0000000000 9999.0000000000 9999.0000000000 9999.0000000000 9999.0000000000 9999.0000000000 211.6190185547 209.9475402832 207.5700073242 208.5079040527 210.7401885986 211.3619995117 212.3582458496 212.8671112061 213.5150604248 212.7613525391 212.4548492432 212.2442932129 212.0417175293 211.6672363281 210.5377807617 211.2393798828 212.0984039307 210.8431549072 213.7920684814 213.1441650391 214.9165954590 216.2104187012 216.6590728760 220.4074401855 219.6943206787 219.6511535645 221.0872192383 218.6533050537 217.8436584473
9999.0000000000 9999.0000000000 9999.0000000000 9999.0000000000 9999.0000000000 9999.0000000000 9999.0000000000 9999.0000000000 9999.0000000000 9999.0000000000 9999.0000000000 9999.0000000000 9999.0000000000 9999.0000000000 9999.0000000000 9999.0000000000 9999.0000000000 9999.0000000000 212.2356414795 210.6130981445 210.3271942139 210.8731384277 212.8477478027 213.4952850342 215.3307800293 216.0445556641 215.4759826660 215.8000946045 215.2227630615 215.5440826416 215.3366088867 215.8417663574 216.2645568848 217.7807769775 218.1738891602 220.8294677734 221.7386016846 223.8512878418 226.5957489014 227.0531005859 229.0851440430 231.1270294189 231.4683074951 233.0455017090 232.2335968018 231.3812103271 230.4666137695
9999.0000000000 9999.0000000000 9999.0000000000 9999.0000000000 9999.0000000000 9999.0000000000 9999.0000000000 9999.0000000000 9999.0000000000 9999.0000000000 9999.0000000000 9999.0000000000 9999.0000000000 9999.0000000000 9999.0000000000 9999.0000000000 9999.0000000000 214.9390411377 214.0024566650 213.7147369385 214.6486511230 215.6078643799 217.6657562256 219.5317993164 220.7170410156 221.4903717041 221.3074951172 221.2049255371 221.5432434082 221.7742919922 221.3096466064 222.7150726318 222.6756439209 224.9221649170 226.6435546875 228.2102203369 229.7988891602 231.7809448242 232.9080810547 234.8468780518 236.8101196289 238.0475616455 239.2262115479 239.4499816895 239.4327850342 238.8983154297 237.4844665527
9999.0000000000 9999.0000000000 9999.0000000000 9999.0000000000 9999.0000000000 9999.0000000000 9999.0000000000 9999.0000000000 9999.0000000000 9999.0000000000 9999.0000000000 9999.0000000000 9999.0000000000 9999.0000000000 9999.0000000000 219.6330718994 218.4092102051 217.3496856689 216.9204254150 216.7502441406 219.5767364502 223.7687683105 225.1772460938 229.1153869629 228.6906738281 229.6258239746 230.6873321533 229.2344665527 231.4336853027 230.3852691650 229.6560211182 229.6203308105 230.4877014160 232.0130767822 233.8956909180 234.3499908447 236.2322998047 236.7021026611 237.2145233154 239.3631439209 240.1860961914 241.3819274902 242.8321380615 242.9519042969 243.3192291260 243.0732879639 241.6742706299
9999.0000000000 9999.0000000000 9999.0000000000 9999.0000000000 9999.0000000000 9999.0000000000 9999.0000000000 9999.0000000000 9999.0000000000 9999.0000000000 9999.0000000000 9999.0000000000 9999.0000000000 223.0846862793 222.5178985596 220.7047576904 219.9148254395 220.8922271729 221.3384552002 222.4509582520 226.7154235840 229.4739532471 235.1386413574 238.7936553955 239.1514434814 240.6068115234 239.0311431885 239.6415863037 240.0575103760 238.9094848633 238.6642913818 239.4431610107 239.0227050781 240.8211822510 240.5674133301 240.7775573730 241.1510009766 241.3961944580 242.2538757324 242.0111083984 242.6355895996 244.1443328857 244.9555358887 245.6453247070 245.8943481445 245.3782806396 244.8567810059
9999.0000000000 9999.0000000000 9999.0000000000 9999.0000000000 9999.0000000000 9999.0000000000 9999.0000000000 9999.0000000000 9999.0000000000 9999.0000000000 9999.0000000000 9999.0000000000 232.4815673828 227.1794433594 225.4635314941 223.5631866455 223.7997283936 225.0588836670 226.0952301025 229.3186645508 233.3601074219 238.9388275146 243.0557556152 246.8055419922 248.0769958496 247.7825012207 247.1149291992 247.2819824219 246.7656097412 246.1490783691 245.9889831543 246.0873565674 245.7681732178 246.0443572998 246.9194641113 247.0876159668 245.9727020264 245.1851348877 245.2367706299 244.8036346436 245.5160522461 246.3961791992 247.1912078857 247.9840698242 248.3810424805 248.3225555420 247.9762115479
9999.0000000000 9999.0000000000 9999.0000000000 9999.0000000000 9999.0000000000 9999.0000000000 9999.0000000000 9999.0000000000 9999.0000000000 9999.0000000000 9999.0000000000 9999.0000000000 235.1212310791 232.4335784912 231.0177154541 230.5924530029 231.1131591797 233.1455383301 235.2406005859 237.6219329834 241.6092834473 245.4935150146 249.8471832275 251.8233642578 252.5234375000 252.3490753174 251.0127563477 250.3162536621 249.9993591309 249.5776977539 249.0894622803 249.7251586914 249.0100402832 249.5707092285 250.5556945801 250.4534912109 250.2409210205 249.2563629150 249.0983581543 248.7122802734 248.6402435303 249.3339691162 249.9571228027 250.8154449463 251.4033203125 251.2839508057 250.9539184570
9999.0000000000 9999.0000000000 9999.0000000000 9999.0000000000 9999.0000000000 9999.0000000000 9999.0000000000 9999.0000000000 9999.0000000000 9999.0000000000 9999.0000000000 237.7668151855 238.0032653809 237.7195281982 236.7120056152 237.9432525635 239.1918487549 239.9317321777 243.1144714355 246.7511291504 248.4853820801 252.8119201660 254.1469573975 254.9029998779 255.7994537354 255.0011291504 253.7752075195 252.7304687500 252.3945617676 253.0626831055 252.3607330322 252.0934906006 252.0437164307 252.8237304688 253.3491821289 253.4604797363 253.0424041748 252.1259002686 251.7226562500 251.0807952881 251.4779510498 251.8209991455 252.6448516846 253.0927124023 253.4061737061 253.0901031494 253.0785522461
9999.0000000000 9999.0000000000 9999.0000000000 9999.0000000000 9999.0000000000 9999.0000000000 9999.0000000000 9999.0000000000 9999.0000000000 9999.0000000000 9999.0000000000 242.1460113525 243.1641082764 242.9786224365 244.2909545898 244.9231262207 246.5660705566 248.7508697510 253.1240386963 254.3487854004 255.9864044189 257.6484069824 258.0117492676 258.6257019043 257.7499084473 257.0462951660 256.3298645020 255.5650482178 255.0943298340 255.2666625977 255.0952606201 255.1148071289 255.2427978516 255.7518310547 255.7094573975 255.9758911133 255.2074279785 254.2244567871 253.9781341553 253.5080566406 253.2304992676 253.9343719482 254.6123199463 254.9689178467 255.1969299316 255.3594055176 255.1247863770
9999.0000000000 9999.0000000000 9999.0000000000 9999.0000000000 9999.0000000000 9999.0000000000 9999.0000000000 9999.0000000000 9999.0000000000 9999.0000000000 9999.0000000000 244.8858489990 246.4223327637 247.8098449707 248.8913574219 250.3245239258 252.1716461182 255.1833496094 257.1028747559 259.9157104492 260.3619689941 260.6755065918 260.8463745117 260.6379699707 259.8778076172 259.1350402832 258.1764526367 257.1781921387 257.4077453613 257.2112121582 256.8843078613 257.2176208496 256.9939880371 257.2717590332 257.6179504395 257.3402099609 256.8018493652 256.0860290527 255.4414215088 255.1220092773 255.0751190186 255.4757385254 255.8711853027 256.3750000000 256.5165405273 256.4373474121 256.3579101562
9999.0000000000 9999.0000000000 9999.0000000000 9999.0000000000 9999.0000000000 9999.0000000000 9999.0000000000 9999.0000000000 9999.0000000000 9999.0000000000 9999.0000000000 247.6568145752 249.4088592529 251.5135650635 252.9863281250 254.1199951172 256.2972412109 257.9000549316 259.7065429688 262.1102905273 262.2866210938 262.6510620117 262.0316772461 261.5073547363 261.0110778809 260.5809936523 259.5563049316 258.5582275391 258.7747192383 258.7562866211 258.7034301758 258.7660522461 258.7611389160 258.8612976074 258.8041687012 258.6650085449 258.1934204102 257.7107543945 257.2774658203 256.9418029785 257.0332641602 257.2083740234 257.5090942383 257.6526489258 257.6197814941 257.7583618164 257.6399230957
9999.0000000000 9999.0000000000 9999.0000000000 9999.0000000000 9999.0000000000 9999.0000000000 9999.0000000000 9999.0000000000 9999.0000000000 9999.0000000000 249.3621978760 250.5292816162 252.9244537354 254.7089233398 257.0186767578 258.9156799316 259.6597900391 260.5126037598 261.5944824219 263.5823974609 263.6714477539 263.7937316895 262.9209594727 262.6538085938 262.4609680176 261.5031738281 260.7387084961 260.3069458008 260.5044250488 260.7690429688 260.5390625000 260.6461181641 260.6730346680 260.3872985840 260.2970581055 259.8326416016 259.6240539551 259.1631469727 258.8466796875 258.7132263184 258.7906799316 258.8840026855 259.1333923340 259.0330810547 259.2654724121 259.0749206543 259.3605346680
9999.0000000000 9999.0000000000 9999.0000000000 252.3108978271 9999.0000000000 9999.0000000000 9999.0000000000 9999.0000000000 9999.0000000000 9999.0000000000 251.9834442139 253.3725433350 256.0903320312 257.9215698242 260.2209472656 261.3627624512 262.4746398926 263.0749206543 263.2442321777 263.5799255371 263.9150085449 263.9875488281 264.1596374512 263.9352722168 263.5824890137 263.1376342773 262.9470520020 262.5121154785 262.0038146973 262.3494873047 262.3713073730 262.3338623047 262.1847839355 261.7476806641 261.2832031250 261.2138366699 260.6572570801 260.3262634277 260.4200134277 260.3170471191 260.2340393066 260.4211730957 260.5829467773 260.4641418457 260.7259521484 260.8598022461 261.0016174316
9999.0000000000 9999.0000000000 254.1050109863 252.8559722900 9999.0000000000 9999.0000000000 9999.0000000000 9999.0000000000 252.0859527588 253.2542419434 255.1884613037 257.1424865723 258.8866577148 261.2022399902 262.6930847168 264.0291442871 265.1583557129 264.7854309082 264.9263305664 265.2187194824 265.7912902832 265.8170776367 265.8609619141 265.8427124023 265.6006164551 265.0405273438 264.1806945801 263.6682739258 263.2889709473 263.2135925293 263.3629760742 263.0826416016 262.9303894043 262.3513183594 261.8963012695 261.6787109375 261.4245605469 261.4517517090 261.4927978516 261.5132751465 261.9636535645 261.9846191406 261.8026123047 262.0535278320 262.1857299805 262.2304992676 262.3363037109
259.3339843750 9999.0000000000 256.7706909180 255.0065155029 9999.0000000000 9999.0000000000 252.5331878662 253.8318176270 256.2252807617 257.6621704102 260.4023132324 262.1032714844 262.9516601562 264.7364196777 265.5811767578 266.4041442871 267.3276367188 266.9598083496 267.3269348145 267.6094665527 267.0397338867 267.8537292480 267.5397338867 267.5604858398 267.1929321289 266.7120666504 266.4716796875 265.3244018555 265.4457092285 264.7867126465 264.1243896484 263.9201965332 263.6736145020 262.8005981445 262.4893188477 262.3518371582 262.4455871582 262.5818481445 262.7439270020 263.0543823242 263.3321838379 263.3431396484 263.5945434570 263.8413085938 263.6242675781 263.7848815918 263.6893615723
261.8735046387 9999.0000000000 9999.0000000000 9999.0000000000 255.8074035645 254.6002960205 256.5152282715 259.1038208008 261.6321411133 263.1691894531 265.5399475098 266.4365539551 267.1893005371 268.2127990723 268.5895080566 269.7183532715 269.8056945801 269.7088317871 269.3587036133 269.6138305664 269.4046936035 269.5169677734 269.1511535645 268.7860717773 268.3558349609 268.0571594238 267.7520751953 267.2515563965 266.3230590820 265.7248535156 264.8087463379 264.4947204590 263.8655700684 263.4085388184 263.2333374023 262.9004211426 263.0772399902 263.2650756836 263.6994323730 264.1699523926 264.4183959961 264.5686950684 264.9335327148 264.9736022949 265.1290283203 265.1563720703 265.0769348145
9999.0000000000 9999.0000000000 9999.0000000000 9999.0000000000 260.1493225098 258.5737915039 260.3451538086 263.5779418945 265.2239074707 267.9698181152 269.5713195801 270.5364379883 271.0344543457 271.5615844727 271.0165710449 270.9529113770 271.3816223145 271.3500366211 271.2934570312 271.1609802246 270.9465637207 270.7825927734 270.2055053711 269.9412841797 269.4122924805 269.2950134277 269.2001953125 268.5590209961 268.1815490723 267.0660400391 265.9489746094 264.9779663086 264.4385681152 264.0072021484 263.6860351562 263.3814086914 263.6831359863 263.9287414551 264.5265808105 265.0195007324 265.4694824219 265.8331909180 266.0827331543 266.3003845215 266.2596435547 266.0972595215 266.2211608887
