model_inputs/inputs/rsds7.asc
ncols 720
nrows 360
xllcorner -180
yllcorner -90
cellsize 0.500000
NODATA_value 9999.000000
[rows 42 to 62 of 360, columns 188 to 234 of 720]
199.8102264404 199.6685638428 199.8189697266 201.9670715332 205.0673828125 207.1439056396 208.0432891846 209.0519409180 210.3910827637 211.3837127686 9999.0000000000 9999.0000000000 9999.0000000000 214.4219360352 213.1021270752 9999.0000000000 9999.0000000000 9999.0000000000 206.9220428467 205.8906707764 204.8704833984 204.5803527832 204.7486877441 204.3483581543 202.9180755615 203.1663360596 205.5912933350 207.0263671875 208.6947479248 210.0865936279 212.1928863525 212.7994537354 214.2505950928 217.6755981445 217.8375701904 218.9092559814 9999.0000000000 9999.0000000000 9999.0000000000 9999.0000000000 9999.0000000000 9999.0000000000 9999.0000000000 9999.0000000000 9999.0000000000 9999.0000000000 9999.0000000000
196.1253814697 196.3343048096 196.6519775391 199.9296417236 202.2964477539 205.8371582031 207.7625122070 209.4206085205 210.0626373291 9999.0000000000 9999.0000000000 9999.0000000000 9999.0000000000 211.9093322754 211.9983062744 9999.0000000000 9999.0000000000 9999.0000000000 212.6532440186 211.1298522949 208.3679809570 207.3427734375 206.6942901611 206.4103851318 206.2220306396 206.0039367676 205.4069366455 204.6808624268 204.9632110596 207.0757904053 208.6841125488 210.1056365967 211.2165985107 212.8507537842 214.4711456299 215.7253265381 218.4569244385 222.1136627197 225.1014099121 9999.0000000000 9999.0000000000 9999.0000000000 9999.0000000000 9999.0000000000 9999.0000000000 9999.0000000000 9999.0000000000
195.0989379883 195.8013610840 198.2080688477 202.7347717285 206.0022277832 210.1167907715 211.6831054688 211.7028656006 212.3141479492 9999.0000000000 9999.0000000000 9999.0000000000 9999.0000000000 9999.0000000000 9999.0000000000 9999.0000000000 9999.0000000000 215.0590057373 215.3287048340 215.0960998535 216.1257934570 214.3713989258 211.6321563721 208.2669067383 207.0088500977 9999.0000000000 206.3371734619 205.7772521973 204.7357482910 204.8619537354 206.1893920898 207.2229919434 206.4372406006 207.8950958252 209.8672637939 211.4829254150 215.8506011963 217.4140319824 221.3947906494 225.4328155518 228.6405639648 230.9837951660 236.6012268066 239.9291076660 9999.0000000000 9999.0000000000 9999.0000000000
198.7221374512 200.3778381348 203.7620849609 208.3164215088 212.4392089844 217.2927856445 218.8192596436 218.8970184326 219.7395019531 218.6040649414 9999.0000000000 9999.0000000000 9999.0000000000 9999.0000000000 9999.0000000000 9999.0000000000 9999.0000000000 217.8886718750 217.8283386230 217.5497436523 217.8704071045 218.3413543701 9999.0000000000 9999.0000000000 9999.0000000000 9999.0000000000 209.3538970947 207.1858520508 205.6901245117 203.6557464600 203.0135345459 201.6259155273 200.6195373535 201.4066925049 202.5416107178 203.2308654785 206.0608825684 212.3239135742 217.2391052246 223.2621459961 230.7975006104 237.4050140381 245.1470794678 247.1924743652 249.8584442139 253.0898590088 251.3707580566
200.3872528076 204.0861968994 209.7366333008 215.2070465088 216.5706481934 219.0381622314 219.5095367432 220.2083282471 221.0628967285 9999.0000000000 9999.0000000000 9999.0000000000 9999.0000000000 9999.0000000000 9999.0000000000 9999.0000000000 9999.0000000000 9999.0000000000 9999.0000000000 9999.0000000000 9999.0000000000 9999.0000000000 9999.0000000000 9999.0000000000 9999.0000000000 218.7986602783 216.4650421143 211.8668212891 206.7369384766 205.1556701660 203.0304260254 200.8611755371 197.8624114990 195.3351135254 193.3835906982 195.4012756348 198.7748260498 201.9104919434 207.6938323975 219.1502838135 231.4474334717 239.3143615723 245.9296112061 255.0856018066 261.1799316406 258.9696655273 253.8999328613
9999.0000000000 210.7364807129 213.3837585449 214.1687469482 217.8458251953 218.3799743652 9999.0000000000 9999.0000000000 9999.0000000000 9999.0000000000 9999.0000000000 9999.0000000000 9999.0000000000 9999.0000000000 9999.0000000000 9999.0000000000 9999.0000000000 9999.0000000000 9999.0000000000 9999.0000000000 9999.0000000000 9999.0000000000 9999.0000000000 224.9092559814 223.8707733154 220.4899444580 214.0061645508 211.5307617188 205.9412231445 201.2848205566 199.0266876221 196.2727661133 193.3315887451 191.6775665283 190.8914794922 193.1390533447 196.2433776855 200.3378295898 206.0134429932 214.6868743896 221.4744873047 230.1826934814 241.4415893555 251.7788696289 255.8117065430 254.6137084961 250.2200775146
213.3766174316 214.7186889648 215.4933013916 215.0576324463 216.8426818848 217.8604583740 9999.0000000000 9999.0000000000 9999.0000000000 9999.0000000000 9999.0000000000 9999.0000000000 9999.0000000000 9999.0000000000 9999.0000000000 9999.0000000000 9999.0000000000 9999.0000000000 9999.0000000000 9999.0000000000 9999.0000000000 9999.0000000000 9999.0000000000 224.3383636475 220.5055084229 218.5611419678 212.4290618896 208.0100250244 204.1268920898 199.8154754639 195.9838409424 193.1575775146 192.4802551270 191.3022613525 189.6076660156 191.2238769531 195.6130523682 198.9589080811 9999.0000000000 9999.0000000000 222.5147094727 231.3391876221 240.0153198242 243.0913696289 242.0784149170 241.2028503418 243.5863647461
217.9859924316 220.3135986328 218.7296600342 217.5854949951 215.2205200195 9999.0000000000 9999.0000000000 9999.0000000000 9999.0000000000 9999.0000000000 9999.0000000000 9999.0000000000 9999.0000000000 9999.0000000000 9999.0000000000 9999.0000000000 227.7360229492 228.7387542725 229.1306762695 229.7868804932 229.0899353027 228.5331268311 226.6412658691 224.2480010986 220.2389678955 214.4600830078 210.2251586914 206.4448089600 201.6135711670 198.9155883789 197.3824920654 195.0151672363 193.5172576904 192.4383850098 191.2046508789 192.6898040771 194.3963623047 196.9461975098 205.0787506104 9999.0000000000 9999.0000000000 228.8214874268 229.0702819824 229.6868286133 233.2626953125 9999.0000000000 9999.0000000000
220.7927246094 223.0376129150 218.7675476074 215.7516784668 213.3557434082 210.7582397461 208.7590942383 210.0603485107 9999.0000000000 9999.0000000000 9999.0000000000 9999.0000000000 9999.0000000000 9999.0000000000 9999.0000000000 220.8841400146 224.0919036865 225.8143005371 228.3015747070 229.9945831299 228.3497924805 226.0528717041 226.3497467041 223.1967926025 218.5424346924 213.5459136963 209.1805267334 206.3288421631 201.6708221436 200.2984313965 199.7716064453 197.5298004150 197.6490631104 196.6341705322 194.4330291748 196.4127044678 196.9754486084 200.1777343750 202.9360504150 204.9784240723 212.5085754395 9999.0000000000 9999.0000000000 9999.0000000000 224.5427093506 9999.0000000000 9999.0000000000
223.3645782471 224.5485687256 222.0356140137 217.0723724365 215.2085876465 212.1739959717 209.2995300293 206.8514099121 204.8487548828 9999.0000000000 9999.0000000000 9999.0000000000 9999.0000000000 9999.0000000000 9999.0000000000 9999.0000000000 222.8416442871 225.3137664795 226.7747192383 227.4363403320 225.6847686768 224.7136840820 224.7112426758 222.8037719727 218.5982055664 214.2883300781 209.2776031494 206.8860473633 205.4822387695 203.4676971436 201.5925292969 200.9916839600 201.0283050537 199.9258270264 199.1858978271 199.9920196533 201.8238525391 203.6667022705 204.8618469238 206.2859802246 206.3249664307 207.2480926514 9999.0000000000 9999.0000000000 9999.0000000000 9999.0000000000 9999.0000000000
224.0192871094 224.3433685303 224.5847473145 223.8392028809 223.1018676758 222.0360260010 221.4193725586 219.9294128418 217.1021728516 214.3452148438 212.6642303467 212.0052795410 9999.0000000000 9999.0000000000 9999.0000000000 9999.0000000000 222.4865264893 224.7902374268 225.5820312500 9999.0000000000 9999.0000000000 9999.0000000000 9999.0000000000 9999.0000000000 9999.0000000000 9999.0000000000 207.0940399170 204.9961853027 205.6320037842 204.9728851318 205.2096710205 203.4903259277 204.3198852539 204.0471191406 205.5606689453 204.7557373047 206.2671051025 207.3471984863 208.1056213379 208.3092803955 207.5221252441 206.3857421875 205.9170074463 9999.0000000000 9999.0000000000 9999.0000000000 9999.0000000000
225.4883422852 225.6771545410 225.3099670410 9999.0000000000 9999.0000000000 9999.0000000000 9999.0000000000 9999.0000000000 9999.0000000000 225.3226623535 9999.0000000000 9999.0000000000 9999.0000000000 9999.0000000000 9999.0000000000 218.9013977051 221.0501861572 223.3207092285 225.4113616943 9999.0000000000 9999.0000000000 9999.0000000000 9999.0000000000 9999.0000000000 9999.0000000000 9999.0000000000 9999.0000000000 9999.0000000000 208.2993469238 206.9971466064 208.8037414551 210.4894104004 209.3425750732 210.7726135254 208.5054779053 209.1337432861 210.1602783203 209.9115905762 209.3616333008 210.0284881592 208.5620269775 208.7957763672 209.1234741211 9999.0000000000 9999.0000000000 9999.0000000000 9999.0000000000
9999.0000000000 9999.0000000000 9999.0000000000 9999.0000000000 225.4358520508 225.7778167725 225.2586517334 225.9504699707 224.8739166260 9999.0000000000 9999.0000000000 9999.0000000000 9999.0000000000 9999.0000000000 9999.0000000000 220.4107360840 220.6204223633 9999.0000000000 9999.0000000000 9999.0000000000 9999.0000000000 9999.0000000000 9999.0000000000 216.4313354492 9999.0000000000 9999.0000000000 9999.0000000000 9999.0000000000 9999.0000000000 210.5009002686 210.2877655029 210.8536987305 211.6884613037 210.9216003418 210.9807891846 211.5995483398 212.7075958252 210.7115783691 213.5427703857 212.2292022705 212.1497650146 210.8122558594 210.3062744141 9999.0000000000 9999.0000000000 9999.0000000000 9999.0000000000
9999.0000000000 9999.0000000000 9999.0000000000 9999.0000000000 226.8788299561 226.1596221924 225.0561065674 225.8010253906 9999.0000000000 9999.0000000000 9999.0000000000 225.3849639893 223.9047241211 224.7280120850 9999.0000000000 222.5802612305 221.6488952637 221.7562866211 220.8231353760 219.1519165039 217.4423980713 215.9105377197 214.8617706299 214.8360443115 213.2239074707 212.9198150635 213.2597656250 9999.0000000000 9999.0000000000 9999.0000000000 9999.0000000000 9999.0000000000 9999.0000000000 210.8185119629 211.8991241455 212.7754364014 212.7532043457 211.9905548096 213.1442108154 212.8986816406 9999.0000000000 9999.0000000000 212.2614898682 210.2236480713 9999.0000000000 9999.0000000000 9999.0000000000
9999.0000000000 9999.0000000000 9999.0000000000 9999.0000000000 9999.0000000000 9999.0000000000 9999.0000000000 9999.0000000000 9999.0000000000 9999.0000000000 9999.0000000000 224.7134094238 224.2986450195 221.8038177490 9999.0000000000 221.7092132568 222.2227172852 221.0688934326 219.0422363281 216.6681518555 215.5970764160 213.6941986084 211.8669738770 210.3254547119 208.9082946777 207.7520294189 207.8498077393 208.6567077637 207.9944152832 9999.0000000000 9999.0000000000 9999.0000000000 9999.0000000000 9999.0000000000 9999.0000000000 9999.0000000000 9999.0000000000 9999.0000000000 213.0205383301 212.8907470703 9999.0000000000 212.8767547607 211.8428039551 9999.0000000000 9999.0000000000 9999.0000000000 9999.0000000000
9999.0000000000 9999.0000000000 9999.0000000000 9999.0000000000 9999.0000000000 9999.0000000000 9999.0000000000 9999.0000000000 9999.0000000000 9999.0000000000 9999.0000000000 9999.0000000000 9999.0000000000 9999.0000000000 9999.0000000000 9999.0000000000 221.0153808594 220.7717895508 217.8655853271 216.6223907471 212.8642272949 209.9983215332 207.9428710938 206.1424407959 204.5301208496 203.1775665283 203.0052490234 202.6188354492 204.0559692383 207.4286804199 9999.0000000000 210.4941406250 9999.0000000000 9999.0000000000 9999.0000000000 9999.0000000000 9999.0000000000 9999.0000000000 9999.0000000000 9999.0000000000 9999.0000000000 211.7300720215 212.5736694336 9999.0000000000 9999.0000000000 9999.0000000000 9999.0000000000
9999.0000000000 9999.0000000000 9999.0000000000 9999.0000000000 9999.0000000000 9999.0000000000 9999.0000000000 9999.0000000000 9999.0000000000 9999.0000000000 9999.0000000000 9999.0000000000 9999.0000000000 9999.0000000000 224.2460632324 223.0453491211 220.7780914307 220.3976745605 218.2088623047 214.8871917725 211.8247070312 209.4946746826 206.1920318604 203.8899078369 203.0897979736 201.5212402344 200.0837707520 200.3159942627 200.1940917969 202.5219116211 206.3874511719 211.0617980957 212.4386444092 212.8540954590 9999.0000000000 214.1767883301 214.0945587158 9999.0000000000 9999.0000000000 9999.0000000000 9999.0000000000 9999.0000000000 213.3983612061 9999.0000000000 9999.0000000000 9999.0000000000 9999.0000000000
9999.0000000000 9999.0000000000 9999.0000000000 9999.0000000000 9999.0000000000 9999.0000000000 9999.0000000000 9999.0000000000 9999.0000000000 9999.0000000000 9999.0000000000 9999.0000000000 9999.0000000000 9999.0000000000 9999.0000000000 9999.0000000000 222.3353424072 221.8370819092 217.9491577148 215.7212524414 213.0985565186 210.7004089355 208.2814025879 206.3031768799 204.5488128662 202.9251556396 201.7818908691 202.4919586182 203.3294830322 204.1990509033 205.0641326904 208.4703216553 212.0305175781 9999.0000000000 9999.0000000000 212.7122650146 212.6909332275 9999.0000000000 9999.0000000000 9999.0000000000 9999.0000000000 9999.0000000000 211.0799865723 211.4266967773 9999.0000000000 9999.0000000000 9999.0000000000
9999.0000000000 9999.0000000000 9999.0000000000 9999.0000000000 9999.0000000000 9999.0000000000 9999.0000000000 9999.0000000000 9999.0000000000 9999.0000000000 9999.0000000000 9999.0000000000 9999.0000000000 9999.0000000000 9999.0000000000 9999.0000000000 221.4962310791 219.9032440186 217.6669616699 215.9617767334 213.3718719482 212.2374114990 210.6636352539 208.5008544922 207.9788055420 206.1674346924 204.9337768555 203.4084167480 204.3092193604 205.5126037598 206.1805114746 207.0482635498 210.2577667236 9999.0000000000 9999.0000000000 9999.0000000000 9999.0000000000 9999.0000000000 9999.0000000000 9999.0000000000 9999.0000000000 211.8085632324 210.9212799072 210.3628082275 210.6462402344 9999.0000000000 9999.0000000000
9999.0000000000 9999.0000000000 9999.0000000000 9999.0000000000 9999.0000000000 9999.0000000000 9999.0000000000 9999.0000000000 9999.0000000000 9999.0000000000 9999.0000000000 9999.0000000000 9999.0000000000 9999.0000000000 9999.0000000000 223.9309387207 223.2980041504 219.6004180908 218.7362213135 218.0708770752 215.9527282715 215.4943695068 212.3660125732 209.8685455322 208.3592071533 206.4066314697 205.4051971436 203.4224853516 202.5514678955 202.9070739746 204.3203582764 206.0710754395 207.3114471436 207.4418029785 9999.0000000000 9999.0000000000 9999.0000000000 9999.0000000000 9999.0000000000 9999.0000000000 207.8536987305 208.4527282715 209.1509704590 210.0181121826 209.9743804932 210.5614166260 9999.0000000000
9999.0000000000 9999.0000000000 9999.0000000000 9999.0000000000 9999.0000000000 9999.0000000000 9999.0000000000 9999.0000000000 9999.0000000000 9999.0000000000 9999.0000000000 9999.0000000000 9999.0000000000 9999.0000000000 224.7477416992 223.8854827881 219.2305908203 218.8553161621 218.4108276367 218.2805633545 218.2940826416 216.8971252441 214.4781341553 211.1333618164 209.4770660400 207.4510345459 206.4311065674 204.0657501221 203.3690338135 203.3494262695 203.3434448242 204.4921112061 205.1891021729 205.9796447754 206.6934051514 206.9047851562 9999.0000000000 9999.0000000000 205.9542846680 205.9380493164 205.3204498291 205.2164306641 206.1959533691 207.7771911621 208.3652343750 208.7489013672 209.7550964355
