model_inputs/inputs/rsds6.asc
ncols 720
nrows 360
xllcorner -180
yllcorner -90
cellsize 0.500000
NODATA_value 9999.000000
[rows 42 to 62 of 360, columns 517 to 563 of 720]
226.3356628418 226.8863677979 226.5933685303 226.5730285645 225.4793701172 224.1206665039 224.3696899414 224.2181396484 224.2393493652 224.1663208008 223.3853302002 223.7035064697 223.3883056641 222.4573364258 222.1403198242 222.7753906250 221.2662658691 219.7197875977 219.4042205811 219.3101654053 219.1555938721 219.2830047607 220.3851470947 220.8252105713 221.6891479492 221.3167724609 222.2869110107 223.3160552979 224.9713134766 226.5239105225 227.8131408691 229.3155670166 230.6732330322 231.6331176758 232.8021850586 233.4397583008 233.4944458008 233.4798431396 233.2901153564 231.3059082031 230.4503784180 229.1448059082 226.9266815186 225.0556945801 223.0390777588 221.5608215332 220.8480529785
224.8161010742 224.4903564453 224.6283569336 224.6055755615 225.4609069824 225.4246368408 224.7239685059 224.9442749023 224.1272125244 223.9695739746 222.8991241455 221.6297760010 220.5018005371 219.1478424072 218.4910278320 218.1656646729 217.2241058350 216.4067230225 215.9207458496 215.6755371094 215.9183197021 216.3540649414 216.2557373047 216.9454193115 217.5369262695 217.6301879883 219.1009826660 220.2860717773 221.5323181152 222.8215942383 224.8432006836 226.2723999023 226.6994781494 227.8831024170 229.0826263428 230.3521728516 230.5845336914 229.9324798584 229.8177947998 230.3993530273 227.2216186523 225.5410156250 224.7055969238 223.2316284180 221.5139770508 220.9249877930 219.7527465820
225.8103942871 225.2064208984 224.0017852783 224.9422302246 224.6868286133 224.6784667969 224.5193481445 221.5407714844 221.0737152100 220.2392120361 219.9543609619 218.8996582031 218.5964050293 217.9438018799 217.2100677490 216.4088745117 215.4666595459 215.2664794922 214.7727661133 213.9332580566 213.7083282471 213.0913848877 213.3891143799 214.2661285400 214.3811645508 215.1134185791 215.9082183838 217.0241241455 217.1947631836 218.6214904785 220.3404083252 221.0070190430 221.8471679688 223.5596466064 224.2803192139 225.6190795898 226.1371307373 226.6193847656 225.4762420654 224.3055877686 224.3822937012 223.7432708740 222.6872406006 221.7911682129 220.3111419678 219.4911193848 219.3125610352
225.9024505615 224.7692718506 224.1617736816 223.5781097412 222.7683105469 221.4177093506 220.7158203125 219.8030395508 219.3132934570 218.5920867920 219.4094848633 218.3628387451 216.8982849121 216.3582305908 216.2006072998 215.4983673096 214.8121490479 214.4970703125 213.4418945312 212.5962371826 211.8444519043 211.3307495117 211.6198272705 211.1927032471 211.9840545654 212.1988983154 212.6272125244 212.9824981689 213.8379211426 214.5791168213 215.3605804443 217.6337280273 217.9966278076 217.9889526367 220.1523895264 221.9717559814 221.5092620850 221.0998382568 221.1215972900 220.5721282959 221.1000671387 220.3191375732 220.1240692139 220.5221099854 220.2684936523 220.6974334717 219.3295898438
225.2220306396 224.5098876953 223.8203430176 223.0708160400 221.9456481934 220.6495056152 220.5734863281 219.2082824707 218.4627990723 217.3873901367 217.2795867920 215.9761962891 216.1332855225 214.0051727295 214.2987518311 214.3337249756 214.0701446533 211.5908050537 211.5760498047 210.7194824219 209.9035644531 210.1619567871 209.6351013184 209.5252075195 209.2932128906 208.5972137451 210.2796783447 210.3569183350 210.2228698730 210.9026641846 211.5536804199 212.1958160400 213.0949401855 214.0248107910 215.8133087158 216.9155273438 217.1165466309 216.9372558594 216.9256744385 217.5304412842 217.5236663818 218.1351928711 217.5764923096 218.4881896973 219.4776306152 218.6233520508 218.8108215332
225.0512237549 224.4181365967 223.4372100830 222.3887634277 221.3617248535 220.4804229736 219.6251983643 217.7330017090 216.2248687744 215.6204528809 215.2476196289 214.9263153076 214.7476348877 213.5494689941 214.5021514893 213.1388854980 212.3240203857 211.4976806641 210.6950531006 209.7133026123 209.0006866455 208.9923706055 209.1012725830 209.3564910889 209.0852355957 209.5609893799 209.6657409668 208.5767669678 208.6242675781 209.4865722656 210.0382232666 211.9876556396 212.4179382324 212.1299896240 212.6789245605 213.3354492188 214.7342987061 215.1461181641 215.2888031006 215.6315765381 217.0148773193 217.4562683105 217.6561279297 217.9592285156 219.9774169922 220.5853424072 220.3873596191
225.4784851074 223.8861541748 222.6977844238 221.1628875732 219.7858123779 218.6930236816 218.2812957764 216.5412750244 215.0755920410 215.2674255371 214.7785949707 214.3117675781 215.0311584473 213.5866699219 213.5295257568 213.1259460449 212.9916992188 212.6004638672 212.0413360596 210.2335510254 209.5848999023 210.7030487061 210.5353393555 210.8897552490 211.1330108643 210.3937988281 209.6473083496 209.8600769043 211.2325592041 209.8579101562 212.7379608154 213.6112060547 212.8679046631 212.0391998291 212.2147674561 212.5101776123 214.5133056641 214.6108551025 214.8141326904 215.7742004395 216.2824096680 217.7177124023 216.9899749756 217.9178314209 218.9739837646 219.7539367676 220.4337005615
225.2017974854 223.7295532227 222.5034790039 221.4185791016 220.0412750244 218.7023162842 217.4342651367 216.4683990479 215.3414611816 215.2269744873 214.9106903076 214.5778503418 214.3564758301 214.2826843262 214.1981353760 213.7651672363 213.6129913330 213.2279663086 212.5653686523 211.8718109131 213.9388275146 213.2768249512 212.6082611084 212.3949432373 211.9458007812 212.2657928467 210.8712158203 211.1611938477 211.3868255615 211.6473693848 211.8049011230 212.7699279785 213.5899963379 213.8572845459 214.6836853027 215.4720153809 214.2562103271 215.1458587646 215.2541351318 216.1903686523 216.9515686035 217.8215637207 218.2733612061 218.7728271484 219.6451873779 220.2925720215 221.3042907715
224.2015533447 224.1433105469 222.6567077637 221.3298797607 220.3367919922 219.4262084961 218.2009735107 217.3465881348 216.1276397705 216.0386352539 215.9550781250 215.4522857666 215.2928771973 215.4542846680 215.2694854736 214.7028350830 215.0943145752 214.8846130371 215.5745849609 214.8751678467 215.1038513184 213.8404998779 213.4367828369 212.6866302490 214.0515136719 213.8199310303 213.7595977783 213.2624511719 213.1575469971 212.1834869385 212.6587982178 213.3426513672 215.2268066406 215.0618133545 215.5971527100 217.5277252197 217.5268402100 218.2120971680 218.3301391602 218.9832000732 217.5712280273 218.8035888672 220.6769256592 220.3659667969 221.0862884521 222.2021179199 223.3504180908
224.9695129395 223.9729461670 222.9746398926 222.4380645752 221.2876434326 220.3100433350 219.6748352051 218.5339508057 217.8358459473 217.4976501465 217.2393035889 216.8301391602 216.8261413574 216.9542083740 216.7002410889 216.4819793701 216.2615966797 215.6200408936 215.3945617676 215.9037017822 215.2071533203 214.5024108887 214.7732696533 213.2891845703 213.7729492188 215.7488250732 216.0983886719 215.2000122070 214.9424896240 214.8673553467 215.0665893555 215.8955078125 216.3785705566 217.4980163574 218.7397918701 219.1976623535 219.8365631104 220.6637573242 220.6044006348 221.0467681885 221.4385528564 221.7219543457 223.2859039307 222.9543914795 223.1865692139 224.6056518555 225.7545318604
226.2904510498 225.1695709229 223.6563415527 223.2552032471 222.5958099365 221.3580627441 220.7077178955 219.9998016357 220.3030548096 219.9408264160 219.3945007324 219.3625335693 220.1437835693 219.6700744629 219.5901641846 218.0912933350 217.9076232910 217.1677398682 216.7444763184 217.5498352051 216.9750366211 216.3190460205 215.7697296143 214.3180236816 214.4492492676 216.1674041748 216.5691223145 216.8397064209 216.2082672119 216.7536010742 217.7982482910 218.4742126465 219.1340332031 219.8220825195 221.1338195801 221.4666900635 222.1585693359 223.3150482178 223.2115478516 223.4732971191 225.2386932373 225.9307098389 226.3720855713 225.4929351807 226.2955322266 227.2283325195 228.2026062012
226.5850372314 225.7541198730 224.2347412109 223.9886322021 223.6668090820 222.2718963623 222.3701019287 221.9895782471 221.4379730225 221.7445526123 221.4980163574 221.1920471191 221.7266082764 220.8376617432 220.0243988037 219.6949615479 219.2963409424 218.7150726318 218.6995391846 218.0450592041 218.4574890137 218.5757293701 216.7664794922 216.4222412109 216.4097595215 216.6283111572 216.6678771973 216.5677795410 217.6779327393 218.2174682617 217.4728393555 218.4377899170 220.8734130859 222.8462982178 223.0165100098 223.6270446777 225.0949707031 225.5786132812 225.7677001953 227.6889801025 226.9054718018 227.1840362549 229.1626129150 229.6148071289 230.6439819336 229.9349517822 230.9773101807
225.7112579346 225.1706542969 224.5002746582 224.1060638428 223.5914459229 223.4754791260 223.1820678711 222.8740234375 223.0372772217 223.5500488281 223.3453369141 223.2694091797 222.9709167480 222.4194641113 222.3028564453 221.7760314941 221.2366027832 221.3183288574 221.1037597656 220.6308593750 220.5726623535 219.7162475586 219.1242218018 218.8413848877 218.4862060547 218.2148437500 218.3102874756 218.2482910156 218.6131134033 218.6058349609 218.8575897217 219.8171997070 221.0756072998 221.8449249268 222.8710479736 224.1147308350 225.9660491943 227.2623291016 229.3463439941 230.3951416016 229.2783966064 230.8333282471 230.9253387451 231.9992980957 232.5209197998 233.9218139648 233.4541931152
226.8191223145 226.1225128174 225.6069335938 224.6682434082 224.3221740723 223.9927215576 223.8271026611 224.4569549561 224.5453491211 224.5831909180 224.8316650391 224.6722869873 224.5200653076 224.2802276611 224.1968688965 224.8145599365 224.3605804443 224.2175292969 224.2135925293 223.7955474854 223.8370056152 222.9814453125 222.1481170654 221.5160522461 222.5214843750 222.1205596924 221.5921325684 221.8787078857 220.2498779297 219.3634796143 220.5203399658 221.1575164795 222.1425781250 223.0852050781 223.5639190674 225.4967651367 227.0877532959 228.6664428711 229.8877105713 231.0013580322 231.4675903320 231.4018707275 233.5963592529 234.5341949463 234.4596099854 235.3860168457 235.4559631348
229.3923492432 228.0421752930 227.0279541016 225.2238159180 224.7046356201 224.9697113037 224.6733398438 224.8047485352 224.9935760498 225.5309753418 225.9314117432 226.1265563965 226.4910430908 226.5564727783 226.8482971191 227.1237182617 227.2874755859 227.3192901611 227.2603607178 227.5708007812 227.3012084961 227.3482818604 226.9849090576 226.6033172607 226.5082702637 226.4172058105 225.6680450439 225.0309906006 222.7732086182 221.2897186279 221.2822265625 221.7062530518 223.0824432373 224.0584716797 225.4867858887 227.0236053467 228.2415466309 229.3246154785 230.5265350342 230.5654144287 230.9359283447 231.9279937744 233.8013153076 235.3777465820 236.9551696777 238.1491546631 238.6431121826
229.0247802734 229.3499908447 228.4996948242 226.4091186523 225.5875854492 225.1252899170 224.9864654541 225.0422973633 225.5674438477 226.4542388916 226.9824066162 227.2583923340 227.7875671387 228.1033782959 228.7574462891 229.1688079834 229.5782928467 229.6349334717 229.8273773193 229.8387298584 228.8927001953 228.1114196777 227.4119567871 227.3102722168 226.5981597900 226.7828674316 227.0309448242 226.2607879639 224.3533782959 224.0330963135 223.2439422607 223.1183166504 223.3306427002 223.7050781250 223.2714385986 224.3056640625 226.5616149902 226.7754821777 229.8733520508 231.1425018311 230.7532501221 233.4194641113 234.3595581055 235.5939636230 237.7663116455 238.6084899902 239.1191253662
231.3554687500 229.9410095215 229.6226806641 228.5299530029 226.6697235107 226.0610809326 225.4966735840 225.9827270508 226.7595214844 227.5408782959 228.2067718506 228.7610778809 229.5796203613 230.1948394775 230.8296813965 231.5467834473 231.9064483643 231.8858947754 231.8797760010 231.6423797607 231.2337951660 230.4470062256 230.1278533936 229.5788116455 228.8564300537 229.6113586426 228.2384338379 226.8346252441 225.4633331299 223.7249450684 224.7269439697 224.6609344482 224.5762023926 225.1400604248 225.4695587158 225.2653198242 227.9055633545 229.1867218018 230.6355895996 231.6201782227 232.3272552490 234.2497863770 235.7353820801 236.4427642822 238.3117980957 239.3964996338 239.9547882080
232.9710083008 231.9571075439 230.4693298340 229.2465362549 229.3802795410 229.1517791748 228.8828582764 229.2148132324 229.6407928467 229.0485534668 230.0635681152 230.5652465820 231.4158935547 232.2078704834 232.7501678467 233.4331359863 233.8078155518 235.0189971924 234.7709503174 234.1612854004 233.4144287109 232.7092590332 232.2338562012 231.7257537842 230.9762573242 230.3150482178 230.7227935791 228.9821319580 227.3555603027 227.1872558594 226.2138671875 227.6071319580 227.9714508057 227.9132537842 228.7941131592 228.6286010742 229.9006347656 231.5460510254 232.5431060791 233.8551788330 235.2106933594 237.3448791504 238.4935455322 238.9309387207 239.6581420898 240.3331451416 240.7771453857
234.6977539062 233.3507843018 232.4034576416 231.7764739990 231.7269897461 233.0818023682 231.5493316650 231.2418975830 231.7438354492 230.7876586914 231.6520385742 232.3363494873 233.1119995117 234.6562500000 234.4531250000 235.6423797607 235.7807312012 236.0793304443 235.0493927002 234.8939056396 234.6946411133 234.7396240234 233.8755493164 232.5189361572 231.7170867920 234.6184844971 233.5585174561 231.9262542725 230.1198425293 229.8110809326 230.2517395020 230.8877868652 231.4593353271 231.8016967773 232.2116699219 232.6891021729 233.9806060791 234.6095428467 235.8047790527 236.3512725830 237.5985412598 238.8188476562 238.6472778320 239.5176391602 240.0081787109 240.2636871338 241.5783843994
236.5023345947 235.3635559082 234.9355926514 233.7625274658 233.0806121826 232.3870086670 233.3821258545 234.1382141113 234.6991271973 233.4329833984 233.4995269775 233.8762054443 234.4630584717 237.0771636963 236.6259460449 236.0208435059 235.6318664551 235.3149261475 235.8486328125 235.6537780762 235.5476074219 233.5473480225 233.3278961182 232.7781677246 233.0264739990 232.6911773682 232.7949523926 232.6395874023 231.7007141113 231.7904510498 231.9533233643 233.6392822266 234.1896820068 234.7635955811 236.0238189697 236.4439849854 237.6510620117 237.8436737061 238.5037536621 238.8162384033 239.3899383545 240.0466918945 240.6320953369 241.0204010010 241.2107696533 241.5917968750 241.8226776123
238.2775878906 238.0355224609 237.6470642090 236.1791687012 235.6963500977 236.2699127197 235.9128417969 235.8360595703 235.2583465576 236.0520019531 236.2919769287 235.9779663086 235.7427673340 237.8737792969 237.2479400635 236.9302825928 236.0693359375 235.8048400879 235.9552001953 235.8817596436 235.6976470947 234.6900177002 234.2492065430 233.4127349854 233.5382843018 233.8227386475 235.1125335693 234.8032379150 233.5948944092 234.5310058594 235.1335449219 235.7503204346 236.8429565430 237.4004364014 238.4951171875 239.6028137207 240.4317321777 240.9550018311 241.4165039062 241.4049072266 241.7218170166 241.9251708984 241.8716888428 241.9737854004 241.8853607178 242.0829162598 241.9358062744
