model_inputs/inputs/rsds7.asc
ncols 720
nrows 360
xllcorner -180
yllcorner -90
cellsize 0.500000
NODATA_value 9999.000000
[rows 168 to 188 of 360, columns 235 to 281 of 720]
186.6145019531 192.6897583008 194.5345153809 193.2711029053 189.9858856201 185.5145416260 180.3604888916 173.2594909668 170.5931243896 175.6477966309 183.5397186279 190.6991577148 202.2631225586 205.1937255859 206.6624298096 205.7250213623 204.4816436768 203.2808227539 9999.0000000000 9999.0000000000 9999.0000000000 9999.0000000000 9999.0000000000 9999.0000000000 9999.0000000000 9999.0000000000 9999.0000000000 9999.0000000000 9999.0000000000 9999.0000000000 9999.0000000000 9999.0000000000 9999.0000000000 9999.0000000000 9999.0000000000 9999.0000000000 9999.0000000000 9999.0000000000 9999.0000000000 9999.0000000000 9999.0000000000 9999.0000000000 9999.0000000000 9999.0000000000 9999.0000000000 9999.0000000000 9999.0000000000
181.1833190918 188.1766967773 190.7522277832 191.7916564941 189.9430236816 184.5814056396 179.0541839600 173.1174468994 168.8582611084 168.9449462891 175.6765899658 183.5741424561 193.2597351074 198.7337036133 201.9000244141 201.8538360596 202.5551452637 202.3474578857 200.2654418945 201.9685668945 9999.0000000000 9999.0000000000 9999.0000000000 9999.0000000000 9999.0000000000 9999.0000000000 9999.0000000000 9999.0000000000 9999.0000000000 9999.0000000000 9999.0000000000 9999.0000000000 9999.0000000000 9999.0000000000 9999.0000000000 9999.0000000000 9999.0000000000 9999.0000000000 9999.0000000000 9999.0000000000 9999.0000000000 9999.0000000000 9999.0000000000 9999.0000000000 9999.0000000000 9999.0000000000 9999.0000000000
175.1339721680 180.5907897949 184.1021728516 186.8770446777 187.6632690430 183.8654174805 178.3077392578 172.5020751953 167.1101226807 167.0164794922 170.9732208252 176.4993743896 183.4712524414 188.1659240723 191.1541748047 193.1928558350 193.9578247070 194.0704345703 192.3771514893 191.5209197998 193.8455200195 200.2891998291 9999.0000000000 9999.0000000000 9999.0000000000 9999.0000000000 9999.0000000000 9999.0000000000 9999.0000000000 9999.0000000000 9999.0000000000 9999.0000000000 9999.0000000000 9999.0000000000 9999.0000000000 9999.0000000000 9999.0000000000 9999.0000000000 9999.0000000000 9999.0000000000 9999.0000000000 9999.0000000000 9999.0000000000 9999.0000000000 9999.0000000000 9999.0000000000 9999.0000000000
168.0978393555 171.9547729492 176.2975921631 178.0051269531 179.6619873047 180.4802551270 175.9227905273 170.3103179932 166.8816070557 166.9175567627 170.7041015625 175.7350006104 182.3223114014 186.6027832031 189.6696624756 190.9342041016 192.5152130127 191.7924957275 188.8270874023 189.7683563232 191.6334686279 196.4853973389 206.9611816406 9999.0000000000 9999.0000000000 9999.0000000000 9999.0000000000 9999.0000000000 9999.0000000000 9999.0000000000 9999.0000000000 9999.0000000000 9999.0000000000 9999.0000000000 9999.0000000000 9999.0000000000 9999.0000000000 9999.0000000000 9999.0000000000 9999.0000000000 9999.0000000000 9999.0000000000 9999.0000000000 9999.0000000000 9999.0000000000 9999.0000000000 9999.0000000000
161.6712493896 159.8764801025 164.3201446533 170.0983734131 170.8878173828 172.4698181152 172.6478729248 169.3792419434 166.2796173096 168.1670837402 171.2803344727 176.3116149902 180.9067535400 186.5821533203 188.6882171631 190.4782104492 188.9264068604 190.2711486816 187.7607116699 186.1297760010 188.4234619141 194.0910186768 202.9349975586 9999.0000000000 9999.0000000000 9999.0000000000 9999.0000000000 9999.0000000000 9999.0000000000 9999.0000000000 9999.0000000000 9999.0000000000 9999.0000000000 9999.0000000000 9999.0000000000 9999.0000000000 9999.0000000000 9999.0000000000 9999.0000000000 9999.0000000000 9999.0000000000 9999.0000000000 9999.0000000000 9999.0000000000 9999.0000000000 9999.0000000000 9999.0000000000
153.8552856445 152.2181854248 153.3252258301 159.7855377197 164.5650482178 167.1705627441 167.6685791016 167.9566650391 166.7943115234 169.0324707031 171.8472595215 177.2288360596 180.9922332764 186.0737304688 188.8378601074 189.0544891357 189.7405853271 188.7885437012 184.7149047852 182.7878723145 184.3656921387 188.6340789795 199.1092224121 9999.0000000000 9999.0000000000 9999.0000000000 9999.0000000000 9999.0000000000 9999.0000000000 9999.0000000000 9999.0000000000 9999.0000000000 9999.0000000000 9999.0000000000 9999.0000000000 9999.0000000000 9999.0000000000 9999.0000000000 9999.0000000000 9999.0000000000 9999.0000000000 9999.0000000000 9999.0000000000 9999.0000000000 9999.0000000000 9999.0000000000 9999.0000000000
150.3350830078 146.6302032471 150.2267913818 155.0703735352 159.8181762695 164.4284057617 165.9354400635 166.2712554932 167.4276580811 170.0681457520 173.2820892334 176.9138488770 182.5413055420 185.3728332520 188.5476837158 188.5885009766 187.4181671143 186.8042449951 183.1144104004 180.6425323486 180.7158355713 184.3310852051 191.6061706543 195.5302276611 9999.0000000000 9999.0000000000 9999.0000000000 9999.0000000000 9999.0000000000 9999.0000000000 9999.0000000000 9999.0000000000 9999.0000000000 9999.0000000000 9999.0000000000 9999.0000000000 9999.0000000000 9999.0000000000 9999.0000000000 9999.0000000000 9999.0000000000 9999.0000000000 9999.0000000000 9999.0000000000 9999.0000000000 9999.0000000000 9999.0000000000
146.4440612793 145.0639190674 148.2192687988 153.4757995605 158.8574371338 163.3872680664 166.7477722168 167.2182922363 168.1435394287 170.5505981445 173.5877532959 177.8707122803 181.4924011230 183.6926422119 186.3915557861 185.8100433350 186.2145538330 183.1015930176 180.0189056396 178.5510864258 177.3955535889 179.1343994141 183.5079498291 186.3532409668 191.0417327881 9999.0000000000 9999.0000000000 9999.0000000000 9999.0000000000 9999.0000000000 9999.0000000000 9999.0000000000 9999.0000000000 9999.0000000000 9999.0000000000 9999.0000000000 9999.0000000000 9999.0000000000 9999.0000000000 9999.0000000000 9999.0000000000 9999.0000000000 9999.0000000000 9999.0000000000 9999.0000000000 9999.0000000000 9999.0000000000
146.3523864746 144.9710235596 148.4833679199 153.5387268066 159.1401519775 162.8715209961 166.1304626465 168.1969604492 168.0603332520 171.0015869141 174.4773406982 177.8004760742 180.7156829834 182.1436157227 184.0383911133 183.9262390137 182.5490264893 180.2625732422 177.5139465332 175.4451751709 173.4459381104 172.4554290771 171.6409301758 173.0528411865 184.6252899170 9999.0000000000 9999.0000000000 9999.0000000000 9999.0000000000 9999.0000000000 9999.0000000000 9999.0000000000 9999.0000000000 9999.0000000000 9999.0000000000 9999.0000000000 9999.0000000000 9999.0000000000 9999.0000000000 9999.0000000000 9999.0000000000 9999.0000000000 9999.0000000000 9999.0000000000 9999.0000000000 9999.0000000000 9999.0000000000
146.8153991699 145.3387603760 148.8278656006 154.4470672607 159.4550323486 164.1298980713 166.0882720947 167.7417907715 169.1461791992 171.3842620850 173.5070800781 176.6813659668 180.0453796387 180.8738250732 181.8318328857 180.4590454102 178.8982849121 177.5462341309 175.4149627686 172.8660583496 170.3953399658 166.8392028809 164.6526489258 164.7668304443 170.3986663818 9999.0000000000 9999.0000000000 9999.0000000000 9999.0000000000 9999.0000000000 9999.0000000000 9999.0000000000 9999.0000000000 9999.0000000000 9999.0000000000 9999.0000000000 9999.0000000000 9999.0000000000 9999.0000000000 9999.0000000000 9999.0000000000 9999.0000000000 9999.0000000000 9999.0000000000 9999.0000000000 9999.0000000000 9999.0000000000
145.0354309082 147.4875335693 149.7500152588 154.4979400635 159.1109313965 162.7890777588 165.7292022705 167.6587524414 169.3616180420 171.7057189941 174.6701507568 177.5511016846 179.8795471191 179.8847503662 181.8561248779 179.1778411865 177.7775726318 174.9694061279 172.1420898438 170.1176910400 167.1723785400 164.5508117676 163.6988372803 165.1748352051 172.2495574951 9999.0000000000 9999.0000000000 9999.0000000000 9999.0000000000 9999.0000000000 9999.0000000000 9999.0000000000 9999.0000000000 9999.0000000000 9999.0000000000 9999.0000000000 9999.0000000000 9999.0000000000 9999.0000000000 9999.0000000000 9999.0000000000 9999.0000000000 9999.0000000000 9999.0000000000 9999.0000000000 9999.0000000000 9999.0000000000
146.6234741211 148.1026763916 151.4947967529 154.7724304199 158.6461486816 161.5194702148 165.3038177490 167.1617431641 168.8244476318 172.4827728271 176.1829681396 179.1095886230 180.7829742432 181.3017120361 179.9171447754 178.9270629883 175.3752746582 171.9523315430 169.6735076904 167.2715301514 163.8016967773 164.8806152344 166.8385772705 170.3130645752 174.1259155273 180.9363555908 9999.0000000000 9999.0000000000 9999.0000000000 9999.0000000000 9999.0000000000 9999.0000000000 9999.0000000000 9999.0000000000 9999.0000000000 9999.0000000000 9999.0000000000 9999.0000000000 9999.0000000000 9999.0000000000 9999.0000000000 9999.0000000000 9999.0000000000 9999.0000000000 9999.0000000000 9999.0000000000 9999.0000000000
147.9421844482 148.8093566895 151.6428680420 155.2145080566 158.1576232910 161.8757324219 165.0816040039 167.5205078125 171.1440429688 174.4759826660 177.9061737061 180.5367584229 181.8601226807 181.6915130615 180.3263244629 177.8681182861 174.2943267822 170.3965301514 166.4381866455 164.1873779297 162.8123626709 163.4706726074 169.2453155518 175.9042053223 180.3246765137 186.7670288086 193.9936828613 195.0036773682 194.2915649414 9999.0000000000 9999.0000000000 9999.0000000000 9999.0000000000 9999.0000000000 9999.0000000000 9999.0000000000 9999.0000000000 9999.0000000000 9999.0000000000 9999.0000000000 9999.0000000000 9999.0000000000 9999.0000000000 9999.0000000000 9999.0000000000 9999.0000000000 9999.0000000000
148.3379974365 150.1523437500 153.0287475586 156.2839965820 159.4756317139 163.4218597412 165.1520843506 169.5345916748 173.2496337891 175.9328765869 176.7171630859 181.2064056396 182.6027526855 181.8554382324 179.7167510986 176.7165679932 174.3041839600 169.8036499023 165.9561920166 163.0134124756 161.9515228271 166.1552734375 172.6644744873 180.1261444092 187.0241699219 189.1769866943 192.0462188721 192.9423828125 192.0276641846 193.4627685547 193.8868255615 195.2000122070 9999.0000000000 9999.0000000000 9999.0000000000 9999.0000000000 9999.0000000000 9999.0000000000 9999.0000000000 9999.0000000000 9999.0000000000 9999.0000000000 9999.0000000000 9999.0000000000 9999.0000000000 9999.0000000000 9999.0000000000
149.2149505615 151.3850402832 154.2692871094 159.0661010742 163.1640625000 167.2834930420 170.0692749023 173.0282440186 175.7687377930 177.3905334473 180.2022247314 182.0504302979 181.6185760498 180.9894104004 179.4910125732 177.2534942627 174.1690826416 169.6139678955 166.6040344238 164.0532836914 163.1819305420 165.7097320557 172.8866424561 181.2675628662 188.1057434082 188.8542633057 191.4626770020 192.0489501953 193.1329040527 192.6423034668 192.9834594727 193.6168212891 196.4207153320 200.9948883057 206.6399383545 9999.0000000000 9999.0000000000 9999.0000000000 9999.0000000000 9999.0000000000 9999.0000000000 9999.0000000000 9999.0000000000 9999.0000000000 9999.0000000000 9999.0000000000 9999.0000000000
150.5782928467 152.7738494873 157.6738586426 163.4384307861 168.8414154053 172.8792724609 175.5651702881 178.3790740967 178.0974273682 180.6427459717 181.3758544922 182.2684631348 181.8250579834 181.6339263916 179.8996582031 177.6843566895 173.7383880615 170.4027862549 167.0921783447 164.8537902832 164.6927795410 168.0629425049 172.8818054199 179.4667968750 186.4283142090 189.9403839111 193.3099975586 193.6099395752 193.3395996094 192.6725158691 192.2776336670 192.2490844727 194.0261383057 197.6516265869 200.6852722168 204.8288879395 9999.0000000000 9999.0000000000 9999.0000000000 9999.0000000000 9999.0000000000 9999.0000000000 9999.0000000000 9999.0000000000 9999.0000000000 9999.0000000000 9999.0000000000
153.5962219238 155.8947296143 161.1027221680 166.3466186523 172.0065917969 177.5549926758 179.6163940430 181.4207000732 181.9077758789 180.7057037354 181.5548553467 181.7742309570 181.1621398926 180.9590759277 180.1188049316 178.5252532959 175.5086822510 172.0267028809 169.2278594971 166.4132843018 166.1836853027 168.0823974609 174.2035980225 180.2562255859 185.9364471436 190.0319519043 193.8265380859 193.7900848389 195.9111328125 194.9617767334 193.6921234131 192.5155334473 192.6953582764 193.9486389160 195.5730590820 197.2626647949 202.0689392090 9999.0000000000 212.3623809814 9999.0000000000 9999.0000000000 9999.0000000000 9999.0000000000 9999.0000000000 9999.0000000000 9999.0000000000 9999.0000000000
155.2275085449 157.6536102295 161.4899139404 168.5297241211 175.5841674805 179.5389099121 182.1124267578 183.6370697021 184.0020446777 182.4507598877 182.5175628662 182.6966552734 180.8284149170 180.7833404541 181.0958404541 179.0099487305 176.8524017334 174.6148376465 171.4877166748 169.0478515625 167.8897857666 171.5093994141 175.0243835449 180.8366699219 186.3409271240 190.8519287109 193.4797058105 195.5000000000 197.4853210449 197.0491790771 196.3719024658 194.8637084961 194.2064666748 194.2786712646 194.3083343506 194.8567047119 199.0839538574 203.5563659668 209.2772674561 215.8508300781 223.7826538086 230.9911346436 233.4847259521 231.8501129150 234.8555755615 238.0694274902 9999.0000000000
157.0536499023 159.4769287109 164.0593414307 171.2490081787 177.1856079102 181.1089324951 184.6859741211 185.0089721680 185.2469024658 184.8470764160 184.3420562744 183.5525970459 181.9707183838 182.5101165771 182.8831634521 182.2166900635 180.8258972168 177.9210052490 176.0735626221 174.6406097412 174.2635955811 175.3204040527 178.9058990479 183.3648986816 187.8175659180 191.8789367676 194.6278533936 197.0475769043 200.7627105713 200.1016845703 200.5439147949 198.1926727295 197.3370056152 196.6999053955 196.9230346680 196.6383209229 199.3887176514 203.6198425293 209.2468261719 214.3700408936 221.5960083008 229.0570678711 234.7872772217 237.2176361084 237.8680725098 236.9192657471 235.6616516113
160.2993164062 162.4360961914 166.9589385986 170.6595001221 177.2518463135 181.8322296143 184.3944091797 185.9801940918 185.5561523438 184.9108428955 183.6556091309 184.3333740234 184.2561798096 184.2746887207 184.3341827393 185.0732727051 183.6893768311 183.0498657227 179.7993927002 179.2916412354 179.6023559570 181.1651763916 182.7658843994 186.7739562988 190.1538085938 193.7852325439 196.8921813965 199.8238067627 200.8143615723 202.5035552979 203.1392974854 202.6854248047 201.9062500000 201.1901245117 200.2232055664 199.9060821533 202.5387573242 204.5276031494 210.2268371582 214.2613525391 219.9477386475 227.8544769287 232.9689483643 235.0846405029 236.3272094727 235.3353576660 233.6838378906
162.0320892334 162.8939819336 167.6983795166 172.9097747803 176.1115570068 180.8032989502 182.2664489746 184.2647247314 185.2685699463 183.5478820801 185.5749969482 186.9098815918 185.8568878174 186.4629669189 186.4853210449 186.6177978516 185.0507965088 184.2564392090 182.9877014160 182.3720550537 183.4362182617 184.8358612061 187.8162078857 188.9492034912 192.9531097412 196.2163085938 198.5375061035 202.7056121826 204.6455841064 205.4606170654 206.2262878418 206.9328308105 206.4379119873 205.5617370605 204.1686706543 203.0464935303 204.8551330566 206.2259216309 209.3391723633 213.8455963135 220.2532043457 225.9788970947 231.3728942871 233.7211761475 234.5084381104 233.5107269287 232.3516693115
