model_inputs/inputs/rsds6.asc
ncols 720
nrows 360
xllcorner -180
yllcorner -90
cellsize 0.500000
NODATA_value 9999.000000
[rows 63 to 83 of 360, columns 564 to 610 of 720]
241.6445312500 242.1282501221 242.2164916992 242.7754821777 242.4635772705 243.0449371338 243.2846984863 242.6503906250 242.6220703125 242.3473968506 242.0101318359 240.8067932129 240.0357666016 238.8405914307 237.6774597168 236.4187774658 234.5149383545 233.1657714844 231.8190002441 230.0213012695 228.7920227051 228.3418426514 227.7939300537 227.4363555908 226.0083618164 226.1919708252 225.4465332031 225.8656311035 226.1673278809 226.2512817383 225.5905914307 225.4736328125 225.3575897217 224.5168762207 224.1409759521 224.1553344727 223.4447479248 223.8937377930 224.0315093994 224.4361724854 224.7603607178 224.6840972900 225.0959777832 225.0983123779 225.1270904541 225.1606445312 225.0100860596
241.4898986816 241.6823272705 242.7530822754 243.0881652832 243.1848449707 242.6860961914 243.1206207275 242.7574462891 242.6813507080 241.9836730957 240.6950225830 239.3358764648 237.8634033203 236.5828552246 236.0592956543 233.3960113525 232.3080902100 229.6094665527 228.0951385498 226.5033569336 226.4971160889 225.9217834473 225.7900085449 226.3419799805 226.1628723145 225.7118835449 225.1955871582 226.3336639404 226.1079101562 224.4886932373 224.2738800049 223.6607055664 222.4982452393 221.9624023438 220.2464447021 219.1943664551 218.8288879395 218.8215332031 219.6274719238 221.2202758789 221.2482910156 221.7687377930 221.4674072266 221.9918823242 221.9620208740 222.4262084961 222.5663909912
241.4033660889 242.2432556152 242.8067321777 242.9232330322 243.0939178467 242.5695190430 241.9349060059 242.4344177246 242.1540679932 241.5002136230 240.4717559814 237.7018890381 237.0496673584 236.8576049805 234.9438171387 232.3757476807 230.0087280273 227.9376831055 226.7638549805 225.3180694580 225.1546936035 224.7252502441 225.2096710205 225.8773193359 226.7286529541 226.5295715332 225.8178253174 225.4844665527 225.8743286133 225.2652435303 224.4746398926 223.1491699219 222.4952392578 220.7116699219 218.5636749268 216.5162963867 215.5131988525 215.4166259766 215.9264526367 217.0410461426 217.9747314453 218.3447570801 219.0782623291 219.4129791260 219.6785125732 220.2728424072 220.9851226807
242.3333282471 242.2470092773 243.2880401611 242.7614746094 242.1418457031 241.8732757568 241.5346069336 240.5663757324 239.9075012207 239.4076538086 238.9051971436 237.7680969238 237.4096374512 237.2040100098 236.1986999512 233.9619903564 231.4711761475 230.3521270752 229.6042022705 227.2801361084 226.6649627686 226.3524475098 226.8834228516 227.5521545410 227.8625640869 227.8644256592 227.6777038574 227.4153289795 226.1013793945 225.0238189697 224.3825836182 222.5193634033 221.5502929688 219.9085998535 218.8577575684 216.3079986572 214.7467803955 213.5227050781 214.1621398926 214.7721710205 216.2076568604 217.4914093018 217.9782257080 218.4825592041 218.8167419434 219.0996856689 218.9402313232
243.5045928955 243.0396118164 242.3885955811 242.3305816650 241.9853363037 241.3103027344 240.5030670166 240.2783660889 239.6935577393 239.6444854736 239.5710601807 240.0294647217 240.7007751465 240.3206481934 241.4988708496 239.9947814941 238.4069519043 236.5400085449 234.5880432129 233.2005310059 231.5814971924 230.4233703613 229.9237823486 230.3651428223 231.0006866455 229.9951629639 230.0929565430 229.8449707031 228.5591735840 225.7907257080 224.4345550537 222.9207153320 221.2806243896 220.2150573730 219.5822296143 217.6309509277 216.1026306152 215.0870666504 215.2469635010 215.3609924316 217.4472503662 217.9395751953 218.2369232178 218.3736114502 219.4085845947 219.5587005615 219.5845031738
242.5443420410 242.5576934814 242.2308654785 241.9390411377 241.1548614502 240.3405609131 240.5242156982 240.0942382812 239.0960845947 239.1678466797 240.0883331299 241.6431732178 243.8532867432 246.6592712402 245.2479400635 246.4660949707 245.8357391357 244.6373596191 242.0806274414 239.0030212402 237.2809906006 234.8234863281 234.5215148926 234.0069274902 233.2430572510 232.0269317627 230.9963531494 230.5977325439 228.1447601318 227.4228515625 226.5993652344 224.9026031494 223.0149993896 221.4037322998 219.6324920654 218.8652496338 218.1248779297 216.9117126465 217.0062255859 218.5416412354 218.4934844971 218.9321441650 219.2481079102 219.3742218018 220.0691833496 220.1864776611 219.5611724854
241.0287933350 241.3330078125 241.3284912109 241.3231201172 241.4287414551 241.0224609375 241.2429199219 241.4129333496 241.7989959717 241.4260101318 241.8534240723 245.2809448242 247.3687744141 248.2497558594 248.9073486328 249.5202178955 251.1643676758 251.1910095215 248.0981292725 244.4890136719 241.6832580566 237.9545593262 236.9706115723 235.5300903320 235.0695190430 233.7946166992 232.1048583984 231.2427062988 229.7919158936 228.7458343506 227.2825775146 225.2150268555 223.8195953369 222.2384643555 220.8162231445 220.0773162842 219.8719482422 219.2421722412 219.1909484863 218.5468902588 220.5943298340 220.3891906738 219.4730682373 219.2538299561 219.1298065186 219.5046691895 221.3928833008
239.6412506104 240.1216278076 241.1893463135 242.7703857422 243.1031799316 244.5625762939 243.9919281006 245.2615966797 246.3221435547 246.4189758301 247.7073822021 248.3445587158 251.5683898926 252.2897644043 252.9532623291 253.3752441406 253.8216247559 253.2455444336 250.6253509521 247.6537780762 244.7614288330 241.0573577881 238.6475372314 238.0761108398 235.9223175049 235.9332427979 234.2222900391 232.3175354004 233.1082611084 230.2200164795 230.5203247070 226.3249053955 225.4261016846 223.9435577393 226.0750579834 225.7633819580 223.2462768555 221.7223052979 221.6383972168 221.6092376709 223.4301147461 223.7943725586 222.4747772217 221.8724670410 222.2115020752 225.0258178711 225.5277099609
235.3563232422 239.2405090332 241.1790466309 242.6373748779 245.4212036133 246.8846130371 249.1181335449 250.6177062988 252.0585937500 253.3389892578 253.5778961182 253.8617858887 253.6862335205 253.3415069580 253.6675567627 254.6047058105 254.8343658447 254.8005065918 252.6933441162 249.9897460938 247.9175872803 244.5809020996 242.3261108398 241.4650115967 239.5043029785 237.4277038574 236.6786346436 235.5313568115 235.3599548340 236.1860961914 231.2869567871 229.9410247803 228.8567810059 227.8324890137 228.8883666992 227.3242645264 226.8364562988 225.1008911133 225.2380065918 225.3035430908 226.0235595703 226.0987854004 226.6492614746 226.5269775391 228.2232971191 230.1094818115 231.1557312012
230.8709564209 235.0958404541 237.8954620361 242.0447235107 244.7274475098 248.3543395996 251.1895446777 254.3213195801 255.9372558594 257.2285766602 256.2654418945 255.7465667725 255.2389831543 254.2060394287 254.5812377930 254.5406494141 254.7766113281 253.9196014404 252.0989685059 250.4008026123 248.0749053955 245.9886016846 244.3902587891 242.6503906250 240.5921630859 239.1301269531 239.8050079346 238.7223968506 238.6740875244 236.4609680176 233.1724700928 232.0783843994 232.6814575195 233.7157897949 232.8633880615 230.8198242188 228.5488586426 228.2508239746 228.1347503662 228.2462921143 228.7431640625 228.4120635986 228.7279663086 229.7585144043 231.5025482178 231.6507720947 232.2398529053
226.7549285889 230.6121673584 234.5773925781 238.8631134033 243.6516876221 248.1498718262 253.0794677734 256.9513854980 258.8848571777 257.4234008789 256.6167602539 255.7393493652 255.5982208252 255.3535461426 255.0477752686 253.8995056152 253.1889648438 253.1630554199 250.9566497803 250.1114959717 248.4060821533 247.8507080078 245.6242065430 244.8219909668 242.3694610596 241.1929016113 239.9869079590 239.3459167480 238.4266204834 237.3892822266 235.1758880615 234.8201293945 234.7811889648 234.7420959473 235.3625946045 233.3819732666 231.8817138672 231.4385681152 231.3254852295 231.0474548340 231.5372161865 231.7421875000 230.9826049805 232.2511596680 232.9843902588 234.5231323242 233.3623046875
224.5755615234 228.6433715820 230.7341766357 235.3423309326 240.0331115723 245.5472106934 249.8879089355 251.9433441162 253.5443572998 256.1796264648 256.7192993164 255.5286712646 255.4657135010 255.2617187500 253.6031646729 251.9854583740 251.1717071533 251.6024169922 249.5291900635 248.8613128662 247.9047546387 247.7428131104 246.8023376465 245.8190765381 244.8736419678 243.6874389648 243.5512847900 241.7361907959 241.1787414551 239.9029235840 237.1580352783 236.3742370605 236.6258392334 236.2301330566 235.3607482910 234.4191284180 234.5778656006 234.2076568604 234.0288696289 232.2031097412 231.4062042236 231.0521545410 230.7283477783 231.5658874512 232.4058532715 232.6451721191 232.1694946289
222.5239715576 222.3124084473 225.5738830566 230.0058135986 236.0694274902 240.4511413574 243.6145782471 247.3350677490 250.7981262207 253.0433044434 254.7654724121 254.0541992188 254.4835205078 253.0108795166 250.9447479248 249.6391601562 248.0170440674 248.3596038818 248.5501708984 247.7284393311 247.2593536377 247.1114654541 247.2190246582 247.0581359863 246.6739196777 246.1734619141 246.4045867920 245.9887542725 244.7633514404 242.6566619873 239.4993133545 238.3432769775 239.1833038330 238.8978271484 237.6393737793 236.7487182617 236.0733795166 235.9521636963 234.5609130859 233.5399932861 230.9279174805 231.2524414062 230.5256805420 230.5759887695 230.9949340820 230.3452301025 230.2856445312
222.8674011230 221.8744812012 221.8117675781 228.0260772705 232.4587402344 236.5782775879 240.5730438232 243.9173431396 246.9252319336 248.1751251221 250.1779632568 249.6677246094 250.8290710449 249.4760437012 248.4730529785 246.5807495117 245.6624603271 246.5419158936 246.7086029053 246.1991577148 246.7505187988 246.8556213379 247.9493408203 249.3396759033 249.4307403564 248.9009857178 249.3512115479 248.2489318848 247.0756225586 245.0737609863 242.0286560059 240.7096862793 239.2628784180 240.2567749023 240.6272735596 239.1669464111 238.1894378662 236.4402618408 233.5877990723 232.1205749512 230.6164550781 228.7177276611 229.2868499756 228.0775451660 227.6692810059 227.7998504639 227.1342468262
224.5711975098 223.2057952881 222.8303070068 226.1040802002 231.2626647949 235.3047637939 239.0249176025 241.8462829590 243.4850006104 244.9437713623 246.0700073242 246.3028564453 245.9862823486 246.1602630615 245.4282226562 244.4006042480 243.1306457520 244.5622863770 245.7624206543 246.5464782715 246.6359863281 247.0003051758 248.1357574463 250.2697296143 251.0157928467 250.8443450928 251.6801452637 250.3726043701 249.7897186279 247.2269439697 245.7722778320 244.3403167725 243.7380065918 243.9014739990 244.2934112549 241.4538421631 240.9433746338 237.5593261719 235.6117248535 233.2534332275 229.9333648682 228.2151947021 227.0831298828 227.5744171143 227.3301544189 228.1754455566 228.7191162109
231.0410461426 229.6881713867 227.7901916504 230.0745849609 233.1836547852 235.6468811035 239.3144836426 241.4924163818 242.3034362793 242.7847137451 242.1497039795 242.5608520508 242.4402465820 241.9277496338 241.4586944580 241.2368774414 241.7627105713 243.8327178955 245.8912353516 246.4759216309 248.5292510986 249.4947052002 250.4014282227 251.8820495605 254.7930755615 253.8078765869 254.1112060547 254.4298553467 254.1430053711 251.8560638428 250.8942565918 250.0278320312 249.6650543213 249.0698089600 247.2773437500 244.7777709961 244.1043090820 240.8022766113 236.8461303711 232.8955230713 230.0680999756 228.6287536621 227.8252105713 227.9476318359 229.3465881348 231.1543426514 232.1628875732
236.4831542969 236.5651245117 234.2996368408 237.8276214600 238.1417999268 239.3756866455 239.9118041992 240.4644775391 240.9426269531 239.5071411133 239.1982727051 238.7694549561 239.0480651855 238.8269805908 238.8561859131 238.8506927490 239.4941101074 242.2392120361 246.1780853271 247.5933990479 249.6104431152 250.6459655762 253.1459045410 254.3831024170 256.5752563477 256.0840759277 255.8618316650 257.1080932617 257.9963989258 257.6552734375 256.4447021484 255.9735870361 255.1046142578 253.6537322998 251.2242584229 248.1368408203 245.8636474609 242.2119140625 238.2846832275 234.8671112061 230.9277496338 230.1908874512 229.3748016357 232.2078247070 233.5440979004 235.5551910400 237.4965972900
243.3691253662 242.2463989258 240.6847686768 240.3200683594 241.2146453857 240.8021545410 240.8289184570 240.5278472900 239.6116638184 238.9361572266 237.5419006348 237.9588317871 237.4881896973 237.8694915771 238.1605377197 238.3863372803 239.9147186279 242.1503906250 245.3391876221 247.7235260010 250.4534149170 252.0830078125 253.8916473389 255.2133483887 256.8583374023 257.0093994141 258.1570739746 259.4803771973 261.5004577637 260.8495178223 260.7745666504 259.4287414551 259.2572326660 256.9203186035 253.8516540527 250.7004699707 247.1882324219 243.2425231934 239.8330993652 236.4221649170 231.8070983887 230.7330932617 230.1790924072 233.2777709961 235.2252960205 237.4897460938 239.5206451416
243.6204986572 244.1902313232 242.8614196777 243.9591674805 243.6441345215 243.1716613770 244.2450408936 244.0337829590 244.2053680420 242.8247680664 243.2246246338 243.0256958008 243.3622283936 242.6147918701 244.4223632812 244.2317657471 245.9257354736 246.4764404297 248.8460235596 250.7745056152 252.6100158691 254.2321777344 255.7489013672 256.7298583984 258.5255737305 259.5913085938 260.0127563477 261.3310241699 262.9515991211 262.9444274902 263.2277526855 261.0997619629 260.0663452148 257.4431762695 253.9097747803 248.3744812012 245.6105651855 242.7732391357 237.7246551514 235.9020385742 232.2312927246 231.4761505127 233.3739318848 236.4592285156 239.0803985596 240.7642822266 242.8325195312
244.4776763916 245.2849426270 246.4629364014 247.4113464355 247.5753784180 249.3461456299 248.4853668213 250.0387115479 249.7482910156 249.9706726074 249.0403594971 249.5771484375 249.3795928955 249.8687438965 250.4182739258 251.7803192139 251.2036285400 252.9189453125 253.8441467285 255.2959136963 255.5547485352 257.8064880371 258.1593322754 260.0444030762 260.8862915039 261.1892700195 261.9598999023 264.3219604492 265.1697998047 265.5831909180 265.1206054688 263.4720764160 261.3406982422 256.6576843262 253.0505523682 248.4231872559 244.1199035645 239.8218841553 236.0024871826 233.6858978271 231.6512908936 233.9522247314 235.6093139648 239.5794982910 242.9250030518 244.3202362061 245.3060150146
246.4561157227 247.8023529053 248.7686920166 249.6274108887 251.6764373779 253.1630096436 255.6997985840 256.5128784180 258.5196838379 258.5698852539 257.9452819824 256.4791259766 256.5779418945 255.7070770264 257.1513366699 257.9420776367 258.6943969727 258.0993347168 258.8945312500 258.6619262695 259.5846557617 259.5502624512 259.5444641113 260.2882080078 261.8273315430 261.9786682129 263.2455749512 265.0353393555 267.1174926758 267.4023742676 266.1270141602 263.1702880859 261.6800231934 257.3880004883 252.8212432861 247.7228851318 243.7108306885 237.6552886963 233.2718811035 232.1703338623 231.3411560059 234.5945281982 238.5101776123 243.3784942627 246.3788909912 246.4172973633 247.0377044678
