model_inputs/inputs/rsds11.asc
ncols 720
nrows 360
xllcorner -180
yllcorner -90
cellsize 0.500000
NODATA_value 9999.000000
[rows 42 to 62 of 360, columns 94 to 140 of 720]
2.4614202976 2.4581627846 2.4535806179 2.4871976376 2.5078220367 2.4540636539 2.4916398525 2.5001223087 2.5022785664 2.5097634792 2.5137798786 2.5182402134 2.4843113422 2.4832267761 2.4947214127 2.4701099396 2.4649219513 2.4666171074 2.4738409519 2.4507253170 2.4599361420 2.5037925243 2.5025641918 2.5053510666 2.5403838158 2.5505235195 2.5580296516 2.5341305733 2.5535199642 2.5330324173 2.5166027546 2.4999947548 2.4569504261 2.4549162388 2.4337134361 2.3819141388 2.3847286701 2.3649952412 9999.0000000000 2.3891701698 2.4114179611 2.4231777191 2.4068109989 2.3531982899 2.3132133484 2.3288254738 2.3171763420
2.9039332867 2.9212317467 2.9847195148 2.9880394936 2.9847896099 2.9562845230 3.0345396996 3.0697467327 2.9706037045 3.0249862671 3.0070760250 3.0145308971 3.0754928589 3.0501894951 3.0221126080 2.9541711807 2.9875988960 2.9424238205 2.9980676174 3.0253582001 3.0585305691 3.0047690868 3.0301377773 3.1003913879 3.1050589085 3.2062990665 3.1962983608 3.2116656303 3.1147117615 3.1203768253 3.0530288219 3.0283665657 3.0829563141 2.9816622734 2.9092831612 2.9508447647 2.8716349602 2.8874061108 2.8792409897 9999.0000000000 9999.0000000000 9999.0000000000 2.8127629757 2.8553628922 2.8737988472 9999.0000000000 9999.0000000000
3.4939084053 3.5087277889 3.4447724819 3.5118968487 3.5734136105 3.5248181820 3.5630636215 3.5989437103 3.6861984730 3.6732795238 3.7096409798 3.7126340866 3.5904061794 3.5811231136 3.6520121098 3.6677284241 3.5833926201 3.6546471119 3.5906925201 3.5527312756 3.6090919971 3.7659111023 3.7980566025 3.7828245163 3.9155538082 3.8144071102 3.8802313805 3.8339641094 3.9440252781 3.8280365467 3.7068552971 3.7601408958 3.7133331299 3.6260323524 3.6150498390 3.4912021160 3.4520895481 3.4322381020 3.3916885853 3.3417983055 3.3347585201 3.3447618484 3.3592762947 3.3688268661 3.3163321018 3.3267984390 3.3490290642
3.9550490379 3.9666368961 3.9898436069 4.0076489449 4.0320940018 4.0743694305 4.1232566833 4.1438012123 4.1832308769 4.2439322472 4.2294864655 4.2292866707 4.2442879677 4.2277278900 4.1889276505 4.1654996872 4.1491627693 4.0964398384 4.1114015579 4.1372284889 4.1813988686 4.2496733665 4.3259224892 4.4157347679 4.4882574081 4.5712847710 4.5811338425 4.5305089951 4.4863257408 4.4709987640 4.4368209839 4.3605666161 4.2937250137 4.2619500160 4.1862473488 4.1304469109 4.1065430641 4.0804467201 4.0476431847 4.0291213989 4.0346932411 4.0240168571 4.0316123962 4.0682682991 4.0433082581 4.0723028183 4.1219615936
4.5333900452 4.5599741936 4.6208796501 4.5711350441 4.6336536407 4.6176772118 4.7092561722 4.7820014954 4.7488579750 4.8734288216 4.9377951622 4.9161090851 4.9122619629 4.9178543091 4.8860483170 4.8111777306 4.7963013649 4.8201951981 4.7324638367 4.7784156799 4.8475275040 4.9434261322 4.9551286697 5.0845971107 5.1322832108 5.1131987572 5.1128501892 5.1778774261 5.2041420937 5.1494626999 5.0116896629 4.9845614433 4.9951395988 4.8873887062 4.7938179970 4.8400831223 4.7763438225 4.7360734940 4.7759642601 4.7615356445 4.7648544312 4.7883334160 4.8613901138 4.8687939644 4.8720717430 4.9788012505 4.9913110733
5.2554955482 5.3213381767 5.4014868736 5.3739142418 5.4347333908 5.5464725494 5.5601487160 5.6089587212 5.7282056808 5.7640228271 5.7308988571 5.7975502014 5.8433499336 5.7208132744 5.7602081299 5.7150478363 5.5842590332 5.5831699371 5.6013026237 5.5068249702 5.5375881195 5.6587934494 5.6577887535 5.6894397736 5.7565073967 5.8183379173 5.8458409309 5.8122649193 5.7728171349 5.7826695442 5.7234129906 5.6541175842 5.6480283737 5.5586719513 5.6115574837 5.5544714928 5.4808921814 5.5596060753 5.5484356880 5.5034146309 5.5871315002 5.6354751587 5.6196560860 5.7104439735 5.7731556892 5.7519803047 5.8197531700
6.3340239525 6.2889270782 6.2620849609 6.5099072456 6.6655530930 6.5269799232 6.7125177383 6.7920365334 6.6978521347 6.8875060081 6.8398785591 6.7454462051 6.8335099220 6.8242731094 6.6588973999 6.6747455597 6.6005086899 6.4079284668 6.4409427643 6.4118261337 6.2921862602 6.2484030724 6.2250304222 6.2588577271 6.3093748093 6.3614130020 6.4124517441 6.4635667801 6.4511551857 6.4214658737 6.4667849541 6.4372406006 6.3280019760 6.3694286346 6.3449316025 6.2450985909 6.3487744331 6.3559136391 6.2882752419 6.4080147743 6.4197359085 6.4055409431 6.5572962761 6.6064052582 6.5653185844 6.6826014519 6.7161264420
7.0088782310 7.1056480408 7.2671432495 7.3305482864 7.4536461830 7.6140522957 7.6449799538 7.7451481819 7.9064321518 7.7446045876 7.6881632805 7.7988901138 7.6948819160 7.7133817673 7.7331399918 7.5528159142 7.4076676369 7.4082250595 7.2230539322 7.0962147713 7.1138529778 7.0971169472 7.0620870590 7.0592455864 7.0439314842 7.0371274948 7.0808744431 7.0993056297 7.0875463486 7.0671668053 7.0093288422 6.9606175423 7.0442090034 6.9343714714 6.9672689438 7.0328803062 7.0128002167 7.0284924507 7.1243400574 7.0903716087 7.1194157600 7.2534022331 7.2247838974 7.2911081314 7.4074840546 7.3825607300 7.3894610405
7.9309425354 8.0909042358 8.2439603806 8.4131669998 8.3946332932 8.6167411804 8.6343593597 8.8351716995 8.8869676590 8.9349803925 8.8144016266 9.0314245224 8.8053779602 8.9449281693 8.8660478592 8.8404407501 8.6075468063 8.5350046158 8.2067422867 8.2271919250 8.0602779388 8.0551939011 7.8686232567 7.8135995865 7.6942706108 7.7686591148 7.7516622543 7.6945247650 7.7809743881 7.7418637276 7.7651095390 7.6864295006 7.7869901657 7.7443833351 7.8823442459 7.8721227646 7.9456858635 7.8631396294 7.9892473221 8.0770149231 7.9890885353 8.1360330582 8.0843687057 8.2073240280 8.2525768280 8.3142204285 8.2483320236
8.9462366104 9.0760936737 9.0966901779 9.1125383377 9.2191123962 9.3201742172 9.6179094315 9.7338123322 9.9753875732 10.0310096741 10.1957635880 10.1972532272 10.3673973083 10.3686952591 10.0858497620 10.0915927887 9.9499616623 9.7078170776 9.6722822189 9.3930358887 9.1007223129 8.9924106598 8.8814678192 8.6768379211 8.6494464874 8.6078586578 8.4722042084 8.4830579758 8.5424089432 8.4672203064 8.5306062698 8.6001605988 8.5685977936 8.6774196625 8.7107076645 8.7254095078 8.8703889847 8.9428253174 8.9260339737 9.0750732422 9.1116552353 9.0592584610 9.1699552536 9.1537475586 9.0644721985 9.1848602295 9.1523742676
9.8535070419 9.8710451126 9.9217071533 9.8423423767 9.8685026169 10.0043592453 10.1505184174 10.4523611069 10.7089977264 10.9665517807 11.1885614395 11.3553581238 11.5819396973 11.6240262985 11.4545812607 11.3690919876 11.1877164841 11.0244884491 10.8730430603 10.5403451920 10.2855463028 9.9939575195 9.8590221405 9.7264881134 9.5912752151 9.4583129883 9.3715658188 9.2941522598 9.2831411362 9.3097286224 9.3281917572 9.3652772903 9.4081764221 9.4795866013 9.5981960297 9.7148637772 9.7705574036 9.8729848862 9.9570884705 9.9902353287 10.0496006012 10.0594701767 10.0321846008 9.9891586304 9.9264173508 9.7900123596 9.7759561539
10.6745653152 10.7612867355 10.6599636078 10.6271343231 10.5527458191 10.7553882599 10.8276290894 11.1710872650 11.3390493393 11.7135686874 12.2259397507 12.6433258057 12.8958292007 12.8483390808 12.6743278503 12.7531099319 12.3500509262 12.0655946732 12.0825433731 11.6262836456 11.3783826828 11.2905616760 11.0914592743 10.8107757568 10.6888341904 10.3918457031 10.3381004333 10.3104209900 10.2379522324 10.1737527847 10.2310800552 10.2103281021 10.3595867157 10.4606161118 10.4008350372 10.5535907745 10.7695369720 10.7972803116 11.0278196335 10.9441413879 10.9553108215 11.0848817825 11.0361442566 10.8286733627 10.7603673935 10.6333684921 10.4881315231
11.7275886536 11.5858945847 11.7213850021 11.5290966034 11.6183176041 11.6707010269 11.7451286316 11.9747943878 12.4358301163 12.6183719635 13.1562852859 13.6310024261 13.7567129135 14.2402915955 14.1123533249 13.9306287766 13.7889261246 13.4933023453 13.2076787949 13.0630044937 12.7823991776 12.5154485703 12.4369831085 12.1295423508 11.9283075333 11.8827323914 11.6109342575 11.5133037567 11.3940505981 11.5274229050 11.3273506165 11.3443508148 11.4816370010 11.4553308487 11.6198883057 11.7609252930 11.8573951721 12.0163173676 11.8883447647 11.9271926880 12.0396394730 11.9993114471 11.8023967743 11.8207969666 11.6250047684 11.4227046967 11.4743452072
12.7415447235 12.6776037216 12.5241212845 12.4612579346 12.5922937393 12.4488325119 12.6894559860 12.7294731140 13.1669893265 13.6251974106 13.9209108353 14.3184528351 14.6716127396 15.0085506439 15.0538558960 15.0111598969 14.8073234558 14.7732858658 14.5234851837 14.3563518524 14.2873916626 13.9547805786 13.8337535858 13.5379276276 13.3548803329 13.3050613403 13.0761632919 12.8682641983 12.8563137054 12.7552385330 12.6764116287 12.6587896347 12.6648330688 12.8288879395 13.0180950165 12.9299821854 12.9675436020 12.8936967850 12.8785266876 12.8404903412 12.8821439743 12.8536624908 12.6964235306 12.5891904831 12.4608621597 12.3891868591 12.2903976440
13.7304811478 13.7995853424 13.7076416016 13.5427875519 13.5149221420 13.4087543488 13.4048557281 13.5418214798 13.7483720779 14.0652112961 14.5245218277 14.9132432938 15.2798347473 15.6158380508 15.8575334549 15.7756605148 15.7596130371 15.6258068085 15.5990266800 15.4652872086 15.2863550186 15.2490768433 15.1957426071 14.9917535782 14.8700828552 14.6887598038 14.6699342728 14.5597677231 14.3623323441 14.2777061462 14.2614135742 14.0971784592 14.1336116791 14.0512323380 14.2521848679 14.1678714752 14.0117321014 13.7845382690 14.0170688629 14.0294237137 13.8979206085 13.6889247894 13.4858360291 13.3759136200 13.3057250977 13.1933441162 13.3113956451
14.8248090744 14.8154258728 14.6592960358 14.5836658478 14.3961830139 14.6454601288 14.4889249802 14.4914016724 14.6534919739 14.9272546768 15.2748899460 15.7129993439 15.8851404190 16.4644546509 16.3819122314 16.5990009308 16.7301750183 16.5618724823 16.6798286438 16.5822143555 16.9541587830 16.5524463654 16.5203914642 16.5447425842 16.5022602081 16.2314701080 16.2468585968 15.9871091843 16.2100238800 16.0586299896 15.8416719437 15.7184915543 15.6218080521 15.5945663452 15.5118646622 15.2975292206 15.0769834518 14.9236545563 14.5895328522 14.7886514664 14.6796216965 14.4786071777 14.4346170425 14.3156309128 14.1976633072 14.2552337646 14.3767805099
15.8326120377 15.7861652374 15.7895860672 15.9769926071 15.7321367264 15.6926288605 15.7558813095 15.7337884903 16.1036624908 16.2917404175 16.4364585876 17.0382614136 17.4226341248 17.5715332031 17.8179893494 17.8633766174 18.0531311035 18.2146263123 18.0772457123 18.3144950867 18.2078189850 18.0627765656 18.1060180664 17.9039134979 17.9326000214 17.8291225433 17.7599811554 17.8669567108 17.7669334412 17.5842227936 17.5858440399 17.4392585754 17.2408409119 17.0923252106 16.7288684845 16.7311401367 16.5462131500 16.1950397491 16.2096118927 16.0389156342 15.8909244537 15.6970834732 15.5148210526 15.5031824112 15.4944782257 15.4583435059 15.6093187332
16.8067893982 16.8791732788 16.8591136932 17.0622062683 17.0916538239 17.1480941772 17.2179946899 17.4333686829 17.7543869019 18.1161327362 18.5604457855 18.6573543549 19.0714855194 19.3275337219 19.5071487427 19.7315311432 19.7784957886 19.6591529846 19.5651340485 19.6385059357 19.5726776123 19.3760871887 19.3298854828 19.2902030945 19.1935081482 19.2837619781 19.1753234863 19.1851348877 19.1375064850 18.9655323029 18.8297557831 18.6802272797 18.5724372864 18.4541168213 18.3127727509 18.1004333496 17.9254169464 17.8049583435 17.7434463501 17.4907341003 17.3262214661 17.1527519226 17.0378322601 16.9780769348 16.9199752808 16.9521617889 17.0137805939
17.0620517731 17.7876453400 17.8399562836 18.2708358765 18.3488559723 18.4721221924 18.6686439514 18.8771133423 19.0313434601 19.6382408142 19.9569931030 20.5708751678 20.8372993469 21.3015460968 21.4233703613 21.3151092529 21.4649562836 21.3799400330 21.1638469696 20.9596633911 20.8644218445 20.7916145325 20.6089191437 20.5618133545 20.7112503052 20.3482856750 20.5244541168 20.2947673798 20.5225334167 20.3283596039 20.0878219604 20.0986728668 19.8573188782 20.0436782837 19.8721103668 19.5988349915 19.7476177216 19.4521751404 19.3625831604 19.3516559601 18.9172134399 18.9064807892 18.5124435425 18.6468257904 18.6326770782 18.4366283417 18.5192947388
17.8417930603 18.3359241486 18.8411922455 19.2689533234 19.5112094879 19.6142120361 19.9658489227 20.3504352570 20.7530841827 21.3632984161 21.5854549408 22.1247310638 22.7385864258 23.0578556061 23.0971279144 23.0978317261 22.9296226501 22.9209594727 22.6362953186 22.4440135956 22.7692146301 22.1598014832 22.4220619202 22.1140880585 22.0863132477 22.2674884796 22.1653232574 22.0180644989 21.7279720306 21.5981826782 21.7730979919 21.5876255035 21.6247329712 21.3453845978 21.2986640930 21.5412178040 21.4084644318 21.3829040527 20.9990119934 21.0940055847 20.8574924469 20.6845703125 20.4379653931 20.5379505157 20.0973949432 20.1715965271 20.0615310669
18.5266666412 18.8678474426 19.3602523804 19.8406372070 20.2003078461 20.5575656891 20.9077110291 21.3142242432 21.7468852997 22.1493434906 22.6744365692 23.3360843658 23.6032447815 24.1991825104 24.1807746887 24.2487087250 24.2650222778 24.3409175873 23.9864006042 24.0825996399 23.9770851135 24.0462436676 24.3752841949 24.0583610535 23.9187202454 23.9175415039 23.7255916595 23.7478847504 23.5657062531 23.4704895020 23.5774631500 23.1951904297 23.2491703033 23.2532482147 23.2645359039 23.2787685394 23.2730445862 23.0460891724 22.9801197052 23.0316276550 22.9035358429 22.7029895782 22.5295295715 21.9893264771 21.9076690674 21.7422714233 21.6197566986
