model_inputs/inputs/rsds1.asc
ncols 720
nrows 360
xllcorner -180
yllcorner -90
cellsize 0.500000
NODATA_value 9999.000000
[rows 210 to 230 of 360, columns 376 to 422 of 720]
9999.0000000000 9999.0000000000 9999.0000000000 9999.0000000000 9999.0000000000 9999.0000000000 9999.0000000000 9999.0000000000 312.3170776367 302.1984252930 290.4324340820 277.8363647461 271.8439941406 263.6053466797 254.9057312012 250.7945251465 246.4024963379 242.2793884277 238.1754608154 239.4848632812 237.8293609619 234.9835357666 233.1990356445 230.2301635742 229.4138488770 228.1665649414 229.1783599854 231.7649230957 233.3056182861 234.1091156006 233.6062622070 234.3291168213 232.6811218262 231.6336059570 233.0655212402 233.9630889893 231.8636016846 230.5255279541 226.9559020996 224.4852752686 222.0209808350 218.3756103516 216.3420410156 216.9254150391 217.5118408203 218.9853210449 218.9695434570
9999.0000000000 9999.0000000000 9999.0000000000 9999.0000000000 9999.0000000000 9999.0000000000 9999.0000000000 316.9037780762 316.7015991211 306.1386108398 292.6507263184 283.5321960449 276.2851257324 271.7366943359 263.2007141113 257.3348999023 254.3582611084 249.5791168213 244.9381866455 243.8359222412 243.0863952637 238.5897369385 238.3855285645 237.1267700195 236.4547882080 234.7969512939 234.6822662354 237.8701477051 238.1073303223 238.5728607178 239.4680023193 240.6004486084 238.9161376953 237.9284515381 239.0201263428 237.4480285645 235.8190002441 234.4414520264 230.1850891113 226.7380828857 224.1052246094 222.4110412598 222.1011810303 220.8641204834 223.0814056396 223.9882202148 224.2672576904
9999.0000000000 9999.0000000000 9999.0000000000 9999.0000000000 9999.0000000000 9999.0000000000 9999.0000000000 317.7681579590 318.4452819824 305.2259826660 294.0621643066 284.7804260254 279.1184997559 274.3558959961 269.2947082520 264.6068725586 259.4286804199 254.0694885254 249.7463226318 248.3867034912 246.0228729248 244.8451843262 242.1569366455 242.2878112793 241.7565765381 240.6072082520 238.5848693848 239.8057250977 242.2827606201 241.3496246338 243.3978118896 245.8097229004 244.2866821289 244.0525054932 242.1378173828 241.2775878906 239.2604827881 237.0428314209 235.1088104248 230.5543823242 227.3956298828 227.0426635742 228.4011230469 229.7685241699 231.0935363770 232.5038299561 232.3693084717
9999.0000000000 9999.0000000000 9999.0000000000 9999.0000000000 9999.0000000000 9999.0000000000 9999.0000000000 316.9149475098 317.0560302734 306.3973083496 293.1955566406 285.0712890625 282.9319458008 278.1258850098 273.4819641113 270.2268981934 265.4258117676 259.2525024414 254.6863098145 252.2877807617 250.3458099365 246.7137603760 245.6449279785 244.7213287354 244.8051757812 245.2623443604 245.4063262939 243.7737121582 244.0177917480 247.5703125000 247.5949096680 248.1752014160 247.5231628418 245.8204650879 245.7466583252 245.6177520752 243.3423614502 240.4550476074 237.8320922852 236.0067749023 233.5735473633 233.2132263184 234.8820190430 238.3330841064 240.7565917969 240.3428192139 242.1073608398
9999.0000000000 9999.0000000000 9999.0000000000 9999.0000000000 9999.0000000000 9999.0000000000 9999.0000000000 316.7176818848 316.9101257324 308.0179443359 297.1079406738 288.8428955078 286.2287902832 283.7547302246 279.5529785156 275.6763916016 270.4089355469 264.6227722168 258.1593322754 255.6611480713 252.4543457031 249.6047668457 248.3972778320 249.3758239746 249.1525268555 250.0455627441 250.6033782959 248.5788879395 250.2855682373 247.8741760254 248.8837432861 247.7404632568 246.6525878906 246.4318695068 245.2809295654 246.9322509766 245.8391265869 243.5333404541 242.6130218506 239.3715209961 236.5661468506 238.6272277832 241.1266632080 245.2210388184 245.8830871582 250.1175689697 251.2924041748
9999.0000000000 9999.0000000000 9999.0000000000 9999.0000000000 9999.0000000000 9999.0000000000 9999.0000000000 317.6732482910 318.3816223145 308.0526733398 300.2150268555 294.4999084473 292.5301818848 289.2427368164 285.4208984375 280.3492126465 276.1174926758 269.0358581543 263.9445800781 259.4060363770 256.2174377441 253.4046783447 251.5310363770 252.9845428467 253.1718444824 253.1517639160 253.9357147217 253.3442535400 255.6055145264 250.2826232910 252.5737609863 252.8623352051 250.8024749756 249.5424804688 250.6342010498 251.2272033691 248.4277954102 246.2690734863 245.1160278320 240.2374114990 242.6034393311 244.5196228027 247.3661193848 251.9292755127 252.8514709473 255.5297393799 256.0974121094
9999.0000000000 9999.0000000000 9999.0000000000 9999.0000000000 9999.0000000000 9999.0000000000 9999.0000000000 318.4279785156 319.2907714844 314.8402404785 309.9146118164 304.9743652344 301.4644470215 296.6221313477 291.1674194336 286.2205810547 281.4107055664 274.3470764160 268.7954711914 264.2408447266 260.7496948242 257.5432434082 256.9501953125 256.3074340820 257.0250854492 256.9726562500 257.2337951660 257.6571655273 259.2127380371 256.4628601074 256.7761230469 257.7771301270 255.4606933594 254.6784515381 256.5371704102 256.1148071289 252.6019897461 250.8945617676 250.2160949707 249.0265655518 248.6201324463 251.2433929443 253.6251373291 256.6089172363 255.9015350342 257.1215209961 256.9913635254
9999.0000000000 9999.0000000000 9999.0000000000 9999.0000000000 9999.0000000000 9999.0000000000 9999.0000000000 9999.0000000000 321.1961975098 319.8839721680 319.6966247559 315.1683654785 308.9847412109 304.1115112305 298.5122680664 292.3919982910 285.2848205566 279.9693298340 274.1252746582 269.4993286133 265.6381225586 262.8699035645 260.8174133301 259.6233215332 260.0148620605 261.1712646484 259.8346252441 260.2139282227 260.2243347168 259.2732543945 259.9808654785 260.0549926758 260.9181213379 260.5385437012 261.4830932617 259.2852783203 258.8263854980 258.4891967773 257.0027770996 256.6787414551 256.7967834473 257.7131958008 257.9752807617 257.7362365723 258.4611816406 256.5216369629 255.9860534668
9999.0000000000 9999.0000000000 9999.0000000000 9999.0000000000 9999.0000000000 9999.0000000000 9999.0000000000 9999.0000000000 9999.0000000000 328.3574218750 324.0018310547 322.8440246582 317.5077819824 311.2804870605 305.4993591309 299.2592163086 292.9930725098 285.0699462891 280.4298400879 274.5047302246 270.7919006348 267.9895629883 266.3643188477 263.3691406250 263.7549438477 264.3968505859 262.8339843750 262.9591674805 263.7962646484 263.3859863281 263.7138671875 264.8419494629 264.7274475098 264.6791992188 264.5173339844 264.7021484375 264.4719543457 262.9530029297 263.6486206055 263.5739746094 264.0809631348 263.3818054199 262.8535461426 261.5724792480 259.9031372070 258.4223937988 256.3239440918
9999.0000000000 9999.0000000000 9999.0000000000 9999.0000000000 9999.0000000000 9999.0000000000 9999.0000000000 9999.0000000000 9999.0000000000 330.6945190430 324.9153137207 324.4229736328 321.7229003906 317.2338256836 311.1411743164 304.8556823730 297.9209899902 290.6408691406 283.9289855957 279.6287536621 275.5260009766 271.7743835449 269.2539062500 267.3501586914 268.9208679199 267.7351684570 267.2469177246 267.3229064941 267.3552246094 266.7319030762 267.4468383789 268.5964050293 269.3128662109 269.4328613281 270.2597961426 270.6274719238 270.3307495117 270.2646789551 270.3366699219 270.1858520508 269.6621398926 268.0573120117 265.9927978516 263.3341979980 260.3663940430 257.7550964355 254.9287872314
9999.0000000000 9999.0000000000 9999.0000000000 9999.0000000000 9999.0000000000 9999.0000000000 9999.0000000000 9999.0000000000 9999.0000000000 9999.0000000000 336.7975158691 323.3848876953 323.5288696289 320.8664245605 318.5947265625 311.1239318848 305.4237365723 296.6847839355 289.0889587402 284.4013671875 279.6624755859 276.0598754883 273.4156799316 271.8393249512 270.4482727051 269.5574340820 272.1577148438 271.7055358887 270.7556152344 270.6891174316 271.6723327637 272.4397583008 274.4110107422 275.4907836914 276.3738098145 275.8274230957 276.4944458008 275.5856018066 274.5948486328 274.6620788574 272.8537292480 269.3911743164 266.2348022461 262.6779785156 260.3456420898 256.5462341309 253.3311004639
9999.0000000000 9999.0000000000 9999.0000000000 9999.0000000000 9999.0000000000 9999.0000000000 9999.0000000000 9999.0000000000 9999.0000000000 9999.0000000000 340.8895263672 332.8235778809 325.2999267578 326.4396972656 327.3683471680 321.4968872070 310.7882080078 302.8208312988 296.0597229004 289.0917663574 284.8374633789 281.4510192871 278.5724487305 276.3884582520 276.2043457031 275.2536926270 276.6289062500 276.0382995605 273.9663696289 274.5859680176 274.2640380859 277.0713500977 277.8491516113 280.1222534180 281.1932678223 281.7056884766 281.6965942383 281.4019470215 280.1487731934 277.3039550781 275.2889404297 271.5631713867 265.9440917969 261.7386779785 258.7064514160 254.7638549805 252.5289001465
9999.0000000000 9999.0000000000 9999.0000000000 9999.0000000000 9999.0000000000 9999.0000000000 9999.0000000000 9999.0000000000 9999.0000000000 9999.0000000000 9999.0000000000 340.8924560547 332.5982360840 331.0334167480 333.4211425781 328.0600280762 319.8178405762 308.6007995605 300.9721069336 295.4526367188 290.2648620605 287.1842041016 284.5671386719 282.0134582520 281.9684143066 280.7238159180 279.4460754395 280.4002990723 277.8257141113 278.5404357910 278.4175109863 279.5756835938 280.5251770020 283.3565979004 284.6803894043 284.9862670898 285.4414672852 285.1286621094 283.0300292969 281.0198364258 277.1746826172 272.7256164551 267.3595581055 262.0589294434 258.6109008789 255.5535125732 252.5093536377
9999.0000000000 9999.0000000000 9999.0000000000 9999.0000000000 9999.0000000000 9999.0000000000 9999.0000000000 9999.0000000000 9999.0000000000 9999.0000000000 9999.0000000000 346.8601684570 337.5496826172 336.9289245605 338.2030944824 333.4088745117 323.1117553711 313.7054748535 305.1589965820 299.0915832520 296.2761230469 293.2149658203 290.8459167480 289.5254821777 287.4736633301 285.3955078125 286.7937316895 285.6926574707 281.8307189941 281.0828857422 282.3298950195 282.6562194824 283.3541259766 285.4326171875 286.9296875000 287.2425537109 287.0952148438 286.9886474609 285.9157104492 282.4853515625 279.8121948242 275.4481811523 269.9198608398 264.0824890137 260.3867797852 257.5349731445 254.5315399170
9999.0000000000 9999.0000000000 9999.0000000000 9999.0000000000 9999.0000000000 9999.0000000000 9999.0000000000 9999.0000000000 9999.0000000000 9999.0000000000 9999.0000000000 9999.0000000000 344.3384399414 341.6477966309 343.8599548340 338.7173156738 326.9026489258 317.1077575684 310.4418029785 304.3786926270 302.3559570312 301.7249755859 297.9642639160 296.4868774414 294.7252807617 294.1306762695 291.6604003906 291.7843322754 287.4384765625 285.5853881836 286.3507690430 287.8995056152 285.8746643066 286.1129150391 287.4105834961 287.8030395508 287.9000549316 287.6345214844 287.3026733398 284.7826232910 281.2720642090 277.6995849609 272.1398620605 266.9382934570 264.3203125000 260.9859008789 258.3062744141
9999.0000000000 9999.0000000000 9999.0000000000 9999.0000000000 9999.0000000000 9999.0000000000 9999.0000000000 9999.0000000000 9999.0000000000 9999.0000000000 9999.0000000000 9999.0000000000 352.1561889648 349.7102661133 349.6447143555 342.7003173828 332.4882812500 320.0769958496 313.0530700684 310.2221374512 308.3207397461 308.0330810547 306.7218627930 303.1043701172 300.7061767578 298.2242736816 296.9148864746 296.1901245117 292.9959716797 290.6335144043 290.2423400879 289.6676635742 289.1031494141 288.4756164551 288.2324523926 288.0669250488 287.5396423340 287.5530700684 287.1224365234 285.1679687500 282.7764282227 279.1062622070 274.9540405273 270.2011108398 266.4017944336 262.9151306152 260.1501159668
9999.0000000000 9999.0000000000 9999.0000000000 9999.0000000000 9999.0000000000 9999.0000000000 9999.0000000000 9999.0000000000 9999.0000000000 9999.0000000000 9999.0000000000 9999.0000000000 353.1733093262 349.3858947754 352.3830261230 345.6929931641 335.2356567383 324.6105651855 315.5942687988 314.3247070312 313.6811218262 314.3174133301 312.5412597656 309.8968200684 306.5729675293 303.6496887207 300.8765258789 300.6107482910 298.4877929688 297.2293701172 295.3365478516 292.6340332031 290.6979980469 289.8392944336 289.1093139648 288.1240539551 287.4039916992 286.4575500488 285.8577270508 285.0194396973 282.9606323242 280.7794189453 277.5371093750 273.6542968750 269.1745605469 265.2111816406 263.0030212402
9999.0000000000 9999.0000000000 9999.0000000000 9999.0000000000 9999.0000000000 9999.0000000000 9999.0000000000 9999.0000000000 9999.0000000000 9999.0000000000 9999.0000000000 9999.0000000000 9999.0000000000 355.2814025879 354.7473754883 349.3416748047 337.7361755371 327.6605224609 318.8263244629 317.2782592773 317.2559509277 318.1443176270 316.6316833496 313.4967346191 311.0835571289 307.4427490234 304.1939086914 304.4337768555 301.9421997070 299.3404235840 298.1066284180 296.6728515625 292.7615051270 291.5383605957 289.8744812012 288.0068359375 285.9183044434 284.9614868164 284.2521362305 283.5466308594 283.0532226562 280.8103637695 278.6116943359 276.6713256836 272.1522521973 267.9863891602 263.8623046875
9999.0000000000 9999.0000000000 9999.0000000000 9999.0000000000 9999.0000000000 9999.0000000000 9999.0000000000 9999.0000000000 9999.0000000000 9999.0000000000 9999.0000000000 9999.0000000000 9999.0000000000 357.1515808105 358.4365844727 351.7803039551 341.0484924316 330.3526611328 322.4216308594 320.8824768066 321.3144531250 321.9938659668 320.4297180176 318.2168884277 315.1025390625 312.1708374023 310.5247497559 308.0492858887 305.6573486328 302.8445434570 300.9956054688 299.4284973145 296.5788879395 293.1594848633 290.7219848633 286.8110351562 284.6273498535 284.2429504395 282.7048950195 282.7335815430 281.9716491699 282.2163696289 279.2787475586 278.3252258301 275.2825927734 270.6820068359 265.3015136719
9999.0000000000 9999.0000000000 9999.0000000000 9999.0000000000 9999.0000000000 9999.0000000000 9999.0000000000 9999.0000000000 9999.0000000000 9999.0000000000 9999.0000000000 9999.0000000000 9999.0000000000 358.3667297363 360.9499206543 354.2410278320 343.6693115234 334.2573852539 326.1877746582 324.5883789062 324.6549682617 325.5604858398 324.5355834961 321.8919677734 318.6152343750 314.7015686035 311.4668579102 308.5235900879 305.8307800293 303.6740112305 301.2863464355 300.8704833984 296.8189392090 294.5866088867 291.8008422852 288.0599365234 284.5775451660 282.6391601562 281.7807617188 281.9501037598 282.3579711914 281.3191833496 280.7774963379 278.4460449219 275.7111206055 270.2563171387 263.8204040527
9999.0000000000 9999.0000000000 9999.0000000000 9999.0000000000 9999.0000000000 9999.0000000000 9999.0000000000 9999.0000000000 9999.0000000000 9999.0000000000 9999.0000000000 9999.0000000000 9999.0000000000 358.9531250000 361.7448120117 354.9891967773 345.9060363770 336.8150634766 331.2607116699 328.3450317383 328.2339782715 329.0223999023 328.0929565430 325.9111938477 322.7016906738 318.7734375000 315.4503173828 313.3669433594 309.9854125977 307.2131652832 304.5057983398 300.6472473145 300.1632385254 297.4821472168 294.2831726074 289.9564514160 285.0572814941 283.7254028320 283.0875244141 282.5535888672 282.8143310547 281.7598266602 280.4575195312 277.5754089355 275.1846313477 269.1136779785 263.0244140625
