model_inputs/inputs/rsds8.asc
ncols 720
nrows 360
xllcorner -180
yllcorner -90
cellsize 0.500000
NODATA_value 9999.000000
[rows 63 to 83 of 360, columns 470 to 516 of 720]
159.6213836670 157.8811645508 155.4849548340 154.9897308350 153.2966766357 152.7428131104 152.5805206299 152.4202728271 152.3230438232 151.8299560547 152.1259460449 153.4194335938 154.1618499756 155.3625335693 156.5617675781 157.6263580322 158.6377410889 160.4767608643 159.9214782715 161.9006805420 162.5453643799 162.7003631592 162.4013977051 162.0167083740 161.5664215088 160.8861846924 160.6883697510 159.3634490967 159.8727264404 159.1346893311 158.6763000488 158.6568756104 158.7293090820 158.7869262695 159.4481201172 159.1337127686 158.9398040771 158.9245300293 160.1302185059 160.3534393311 160.9598999023 161.6110076904 162.3117218018 162.4220275879 163.4106140137 164.3358306885 165.4470367432
163.7322387695 163.3551788330 161.1209411621 158.9637603760 157.1289367676 156.5703582764 156.9429779053 155.8258514404 155.0062561035 155.1145935059 154.9483032227 155.7713317871 156.3087768555 158.3207397461 158.7399749756 160.5995788574 161.5578308105 162.7982177734 164.3236999512 164.8027191162 165.1975860596 165.3634643555 165.8039245605 164.8634490967 164.9851989746 164.8789672852 164.3334503174 163.7384033203 162.9889678955 162.2086639404 161.5901947021 162.4883270264 162.2391662598 162.7813568115 163.2010498047 163.5804290771 164.1714935303 164.0872344971 163.5912017822 164.3774414062 164.5644683838 164.8144073486 165.2679748535 166.1745758057 166.9933624268 167.3450012207 168.7000274658
168.9845581055 167.7998046875 166.4548187256 163.6770324707 162.9629974365 160.8292236328 160.3865356445 159.1703796387 158.2927246094 158.0012969971 157.5228576660 158.7699584961 159.7750854492 161.3084106445 162.9384765625 164.1840972900 165.7232666016 166.4423522949 167.5843048096 168.4440002441 168.8679046631 169.0394134521 168.8870239258 168.9066314697 168.9857025146 168.6035308838 168.0402374268 167.2525634766 166.7207641602 166.3214721680 166.5817718506 166.1012115479 166.4011077881 166.9071197510 166.3958587646 167.5090637207 167.9981536865 167.3088073730 168.0297851562 167.8836975098 168.7630462646 168.8022155762 169.5136718750 169.9889678955 170.9851837158 172.1613464355 172.7180480957
172.0040130615 170.0835113525 168.8510131836 167.3397369385 166.9116210938 165.3785858154 163.9923400879 162.7896270752 162.2161712646 160.9478454590 161.6349182129 162.4460601807 163.7823638916 165.2046356201 167.5514831543 168.5178833008 170.0123596191 171.1422119141 171.3524475098 171.7844848633 172.3268737793 172.5630798340 172.6449432373 173.0370330811 172.7951354980 172.7391204834 171.3566284180 171.0798187256 170.8646240234 170.7365417480 170.7440338135 170.7199249268 171.0780792236 171.5255126953 171.5632476807 171.9666442871 171.9275817871 172.1716613770 172.0274047852 172.9933471680 173.8007965088 174.1744842529 174.6977386475 175.1441802979 175.9060516357 176.5229949951 176.9789886475
173.4706726074 172.2751617432 172.0783233643 170.4312438965 170.9001312256 169.0951080322 167.8464813232 165.5840911865 164.7674102783 164.9899139404 165.5401916504 167.0323486328 168.6975250244 170.2953033447 172.0218811035 173.3558959961 174.4005126953 174.3352355957 175.1998901367 175.4696807861 176.7106018066 176.7676544189 176.8329925537 176.8286132812 176.0211944580 175.9733276367 174.4606323242 175.1737060547 174.3897247314 175.0533294678 175.0202026367 174.6195220947 175.6318969727 175.3167114258 176.4518280029 176.1360015869 177.1877899170 177.0445404053 176.6484375000 177.9722137451 178.9750976562 179.0508728027 179.2021331787 180.2040100098 180.2086639404 181.7948913574 182.0692443848
176.1302337646 175.2832031250 174.9413146973 173.7554779053 172.5531005859 170.4564819336 170.4719848633 168.0102081299 168.0416717529 167.1210021973 170.0623321533 170.6575469971 173.5236206055 175.7131042480 176.9369354248 178.5700531006 179.4880371094 180.7982788086 179.7611999512 180.3821716309 181.1769866943 180.2923889160 179.5174713135 179.7437744141 180.3027343750 179.3831481934 178.7258605957 178.2518005371 178.8897247314 178.2899169922 179.0558776855 179.7253723145 179.5671997070 180.8132781982 180.9955291748 181.8142242432 181.3786468506 182.1872406006 182.0217285156 182.5357513428 183.8499603271 184.3584442139 185.2636413574 185.8771362305 186.7212982178 185.9031982422 185.9459838867
179.2429504395 179.5881042480 178.6892089844 177.6707153320 175.8952331543 173.9030761719 172.5093231201 170.8723449707 171.9042053223 171.3832397461 172.8054046631 175.3810577393 178.6064605713 180.6583557129 182.2166137695 183.4466247559 184.4942779541 184.3967742920 183.1816558838 183.4266967773 184.4125671387 184.2077789307 183.9541625977 183.5101013184 183.9926147461 182.3185424805 182.7189941406 182.3140869141 182.7143554688 182.4639434814 182.8759613037 183.7262878418 183.5091094971 184.6315460205 185.3152160645 186.1242980957 186.3240356445 187.3531494141 187.8824310303 188.5368041992 189.2295684814 189.8318786621 190.5962066650 190.2402954102 191.0188446045 190.5599975586 191.5716552734
183.7714691162 182.6811218262 181.5749816895 180.6612548828 179.1479187012 178.0755310059 176.4367523193 175.5137939453 175.1903228760 177.0952301025 178.3739013672 179.7238616943 182.7257232666 184.3420867920 186.3790435791 186.6519317627 187.8553619385 187.6262359619 187.7399902344 186.7552642822 188.1333160400 187.9200897217 187.7183532715 187.7496032715 187.9276123047 186.4711456299 186.3112487793 185.8043365479 185.6369018555 185.7291259766 185.3126983643 185.5551300049 186.3680877686 187.3090362549 188.2384490967 188.8735046387 190.1768798828 190.4284515381 191.4271392822 192.0836334229 193.2442321777 194.6730194092 194.5915374756 194.9071197510 194.5510559082 194.3470764160 194.6056976318
188.3720397949 186.8965911865 185.1089324951 185.2911224365 183.7736358643 182.3524627686 182.0500946045 181.5814056396 181.9781036377 182.1799316406 183.8037109375 184.8853759766 186.6828155518 188.1252441406 189.4590606689 190.6251678467 190.3662719727 191.9243011475 191.2980194092 192.1364288330 192.2299499512 192.3500518799 191.7447357178 191.3345947266 191.0827484131 190.6723937988 190.8656158447 189.6985168457 189.3196868896 188.3976745605 188.8568725586 188.9005279541 189.7046661377 190.9300842285 191.7013854980 192.7561035156 193.3320465088 194.9595947266 195.1256256104 196.6220397949 197.2227783203 198.7604675293 198.8981018066 199.5326843262 200.0591278076 198.7665557861 198.7250061035
191.9076538086 190.7467956543 189.1580352783 188.9107971191 188.7282409668 188.1220550537 185.7550506592 186.8210754395 187.0078735352 188.0755004883 188.6491241455 189.8183288574 191.6465606689 192.5622711182 193.5462493896 193.0916595459 195.0883636475 195.5943603516 194.9739837646 195.8780517578 196.0925750732 195.8324584961 196.1033477783 195.3430175781 194.7196655273 194.8931427002 193.4931793213 193.0773773193 192.4979705811 192.2998809814 191.9439239502 192.4234924316 192.7333984375 193.3603515625 194.6213073730 196.7194519043 197.3888854980 198.2079010010 198.5684204102 199.4916076660 200.8621063232 201.3121337891 202.1605224609 202.5737152100 203.6178894043 203.9956970215 202.9215545654
195.4960937500 194.1330108643 193.1138763428 193.1694946289 192.9790344238 192.3934020996 191.5712432861 191.9441833496 191.3750457764 193.4039306641 194.0995788574 194.9999237061 196.1902160645 196.6581878662 196.4229736328 197.4714508057 197.7350006104 199.1756286621 199.4620971680 199.6824188232 199.5441589355 199.8750305176 199.5950622559 199.3752899170 198.8491363525 198.5286865234 196.9818572998 196.6986236572 195.4866790771 195.4646911621 195.1696319580 195.4530792236 196.0179138184 197.1088867188 198.0887145996 199.3680572510 199.6628723145 200.8269805908 201.5240783691 202.2612609863 203.1187133789 204.3556060791 204.7759704590 205.9591064453 206.1723480225 206.6794128418 206.6199188232
200.1811218262 198.4567565918 198.1283569336 197.8147277832 198.5260009766 197.6419219971 196.6861419678 197.1981353760 197.0873565674 197.1093444824 198.9585418701 199.1490020752 200.0513000488 200.4601287842 201.9020080566 202.1025848389 203.2125396729 203.6099243164 204.3495635986 204.9051818848 205.0564880371 204.3426513672 204.7703399658 204.4152526855 204.4640045166 203.4278869629 203.5088195801 202.3817138672 201.3176116943 199.7143707275 200.3898925781 199.7946472168 200.7662353516 200.5291900635 201.1516723633 201.6335601807 202.4086456299 202.9474487305 203.7951660156 204.7456359863 205.9448547363 206.8389282227 207.7988586426 209.2302093506 210.4344177246 210.7736663818 211.3792724609
205.2596740723 204.5284576416 203.6820526123 203.8221588135 203.3766479492 203.4367218018 203.4378204346 204.2497253418 203.5848388672 202.6774749756 202.9159393311 204.1031036377 204.4052734375 205.4564514160 206.7249908447 208.0496978760 208.8639526367 209.7095947266 210.3130798340 211.2617797852 211.5967712402 211.7394409180 210.7251586914 210.7811584473 210.9259643555 210.5437622070 209.3270721436 208.9600372314 207.4488983154 206.3586120605 204.7548675537 204.5816497803 203.9722442627 204.4529724121 203.7499237061 204.3258514404 204.0948333740 205.3514251709 205.9687500000 207.1688232422 208.3758087158 209.3744049072 210.4771728516 212.9301910400 213.6422729492 214.4123687744 214.8140563965
209.8393402100 209.5864715576 209.4640808105 208.7309875488 207.8928985596 208.0607757568 207.0909576416 207.1129455566 206.9669647217 207.7660675049 206.7663574219 208.2695617676 208.6245574951 209.8998107910 210.2010650635 211.8199005127 212.7922821045 214.2343750000 215.4633483887 216.4996185303 216.3348846436 217.5357513428 217.2069549561 217.3887786865 216.0515594482 216.1727752686 214.9687652588 214.0970764160 212.2592010498 211.5964202881 209.2502899170 208.2070312500 206.7893371582 207.2037658691 206.4735107422 207.0768127441 206.5376129150 207.5913085938 208.2316741943 209.7078247070 209.9889221191 211.4249420166 213.6921234131 214.4812927246 216.0890655518 216.5458526611 217.4317932129
213.8772735596 213.7910003662 213.9773101807 213.1107482910 213.7903442383 212.0846099854 212.1619567871 210.9912261963 211.2229003906 210.7147979736 211.0706024170 211.7868957520 213.0069580078 213.1998748779 214.9693298340 216.1527709961 217.9308166504 218.5846557617 220.2078552246 220.7315979004 221.5556335449 221.7591857910 222.1229400635 221.4046630859 221.0742034912 219.5287933350 219.1377410889 218.0069122314 217.0878753662 214.9556274414 214.3880004883 212.6862030029 211.7991790771 211.0740051270 210.9116363525 209.9272308350 209.6930694580 209.8769683838 210.7606811523 210.8425445557 211.7046051025 213.2028350830 214.8126525879 215.8265838623 217.0725402832 217.7958068848 219.1086425781
218.7888946533 219.0783538818 218.7030181885 218.4605102539 217.4675903320 217.1366729736 216.3958587646 215.8456268311 215.5923309326 215.5051269531 216.0536041260 216.3639678955 217.5955505371 218.8304290771 220.1063079834 221.2900390625 222.7106933594 223.6843566895 224.9337005615 225.6123962402 226.2838897705 226.3937225342 226.5345916748 225.8495178223 225.1222534180 224.4447784424 223.8218688965 222.6489410400 221.7129211426 220.5426330566 219.4232025146 218.0526275635 216.8474884033 216.6627349854 215.7488861084 214.9515686035 213.9120635986 213.4362182617 214.3079528809 213.3844451904 213.7246856689 214.9959716797 216.1825408936 217.2961425781 218.4828796387 219.5547637939 220.2360076904
223.2025756836 224.1086730957 223.4939880371 222.8555145264 221.7657318115 221.4633483887 220.7550811768 220.3506011963 219.8977813721 220.5325164795 220.5457763672 221.8740692139 221.9608306885 224.2109069824 224.4950866699 226.9093627930 227.3250579834 228.8125000000 229.5072479248 231.0067749023 231.0699005127 231.2978820801 230.6627960205 230.1410369873 229.1401672363 229.2551727295 228.4941558838 228.3970947266 227.3648834229 225.9249877930 224.7693023682 224.2946624756 222.7041778564 222.7496032715 220.9459838867 220.5367431641 218.1163024902 218.2726898193 217.2251892090 216.7855224609 215.8888702393 217.0525665283 217.2932281494 218.3744964600 219.1320495605 220.4380950928 222.0674438477
228.1301879883 227.4007568359 226.7586364746 226.2449340820 225.6503753662 225.4817504883 224.9283905029 225.7186584473 225.3282318115 224.2501220703 224.1880493164 225.9182586670 226.4180450439 227.4770660400 228.3768310547 229.5602264404 231.4407196045 232.5254058838 233.9102172852 234.5115356445 235.4100189209 234.3185577393 234.8851165771 233.9549713135 232.9029693604 232.9893798828 232.2918701172 232.7701721191 232.3185882568 230.8229827881 230.1310882568 229.1313323975 228.3653717041 227.5294799805 225.8341369629 224.5601196289 223.1618499756 222.5178527832 221.5160827637 220.4067077637 219.4428253174 220.5359344482 220.5242309570 221.2133026123 221.5271759033 222.8134002686 223.8643798828
232.7822570801 231.9353790283 232.2701568604 231.0065612793 230.9328308105 230.6774291992 230.1121520996 229.8442077637 229.4923248291 228.8532714844 229.1488342285 229.9293975830 230.6044158936 231.2687988281 232.3694763184 232.6104888916 234.8959503174 235.4635314941 237.8441772461 236.9727325439 238.1464233398 237.6991882324 237.9837188721 237.4790344238 237.2990722656 236.1638793945 236.8782196045 236.2505035400 235.8504943848 235.0235137939 233.8541107178 232.5266723633 232.7106170654 231.2245025635 230.8346405029 229.3119506836 229.5112152100 228.6194458008 228.6461181641 227.5900115967 228.3474273682 228.5926666260 229.5778350830 229.1743316650 230.1704711914 230.4543151855 232.6200866699
236.4815673828 237.0780639648 236.5278167725 236.7384490967 236.4445800781 236.3438262939 235.0475463867 235.5127258301 234.4034881592 234.2828216553 233.9796295166 234.6573791504 234.8879852295 235.4514312744 235.8815460205 237.0847625732 238.5809783936 239.7819366455 240.3400115967 241.2543182373 241.2782745361 241.2862243652 241.6687927246 241.0823974609 240.7561035156 240.7207183838 240.3254699707 240.0215148926 239.3095855713 238.8409729004 237.0335235596 236.4197082520 236.1462707520 236.0729522705 236.0139923096 236.2369232178 235.8292999268 237.0929412842 236.4628448486 237.9268646240 237.0498352051 238.3311309814 238.3658447266 239.8990631104 239.3410797119 240.4783630371 240.4774780273
240.6214447021 241.0914611816 241.3326263428 241.4185333252 241.1805725098 240.7766113281 240.2189941406 240.0260620117 239.1255340576 238.4651031494 238.6556549072 238.4185333252 238.6423034668 239.0709838867 240.0697174072 240.7412719727 242.1982421875 242.6382904053 243.4221801758 244.2252960205 244.3366699219 244.2005310059 243.8451690674 244.4939422607 243.7115173340 243.7038269043 243.7026672363 243.3075103760 242.6461334229 241.9214477539 240.9188232422 239.9597015381 240.2365722656 240.6866149902 240.1795501709 241.1233215332 241.7301330566 243.3400268555 243.9501495361 245.6376342773 246.0918884277 247.4366302490 248.2867279053 249.2597351074 249.2349700928 248.7798919678 249.1382751465
