model_inputs/inputs/rsds5.asc
ncols 720
nrows 360
xllcorner -180
yllcorner -90
cellsize 0.500000
NODATA_value 9999.000000
[rows 147 to 167 of 360, columns 423 to 469 of 720]
306.8413391113 304.3931274414 301.3947448730 297.9629211426 295.2439270020 292.8066101074 290.2221984863 289.5415039062 287.4973754883 284.4874267578 281.9699096680 281.2399291992 283.0861816406 285.7491455078 289.3079528809 293.2344665527 9999.0000000000 9999.0000000000 9999.0000000000 9999.0000000000 9999.0000000000 9999.0000000000 285.6656188965 285.0849914551 287.6654663086 293.7359619141 300.9197692871 306.7406921387 308.8577880859 310.8486328125 310.1323852539 309.8544311523 309.3023986816 307.7885742188 306.1699218750 305.2900695801 303.4572143555 301.4027709961 299.3104858398 298.3666687012 296.7497863770 295.5772705078 296.1701049805 9999.0000000000 9999.0000000000 9999.0000000000 9999.0000000000
304.1597900391 299.6393127441 296.5518188477 293.9471740723 291.1183471680 287.9139099121 285.7440185547 285.1147460938 282.5267333984 280.3315124512 278.8568115234 276.0498046875 277.7231140137 280.3063964844 283.2494201660 288.2828979492 291.1015014648 289.9407348633 9999.0000000000 9999.0000000000 9999.0000000000 285.8173217773 284.7478027344 283.8363952637 285.6666259766 291.6411132812 296.8274536133 301.8410644531 304.3581848145 305.1598205566 306.3234863281 305.4612426758 304.3878173828 302.7918395996 301.6752624512 299.5408020020 297.8439331055 296.7218933105 294.5692138672 293.0601806641 291.8825073242 291.7035827637 9999.0000000000 9999.0000000000 9999.0000000000 9999.0000000000 9999.0000000000
299.0797729492 295.5129089355 292.4884338379 289.6373901367 286.0882263184 282.4465026855 281.2264099121 279.7142944336 278.0195312500 277.0581359863 276.1114807129 273.7676086426 272.8861389160 275.1030273438 277.2388610840 280.6559143066 282.9828796387 286.0226745605 9999.0000000000 9999.0000000000 9999.0000000000 284.2122802734 282.8315124512 281.1520385742 283.3144226074 286.7544250488 291.0675964355 294.9362487793 297.8098754883 299.6905517578 301.0810241699 300.2840881348 299.6947021484 298.1581726074 297.1716918945 295.6087646484 293.6723022461 292.1045532227 290.1631774902 289.9646606445 290.0887145996 9999.0000000000 9999.0000000000 9999.0000000000 9999.0000000000 9999.0000000000 9999.0000000000
296.4241638184 292.9718017578 289.0198059082 284.8047180176 281.6174621582 278.6240234375 276.1027526855 274.7968444824 272.5688476562 272.1958007812 271.1300048828 270.5885620117 268.8188781738 269.9949035645 272.1633605957 274.4072265625 275.2362365723 279.4590759277 284.0581970215 284.4732666016 9999.0000000000 9999.0000000000 281.6132202148 280.7082824707 280.5964050293 283.7909851074 286.6192321777 289.1687011719 292.1557312012 294.7344665527 294.9110717773 295.7618408203 295.3972778320 294.4121398926 292.5199584961 291.7955017090 290.8624877930 289.9752502441 9999.0000000000 9999.0000000000 9999.0000000000 9999.0000000000 9999.0000000000 9999.0000000000 9999.0000000000 9999.0000000000 9999.0000000000
291.5307006836 287.8019409180 284.0397033691 279.9559020996 277.0688171387 273.1708984375 270.2658996582 267.1954650879 266.3074035645 267.7502746582 266.7936096191 266.3010864258 265.4299011230 267.1266174316 266.5169067383 268.5748291016 270.3284606934 275.0681457520 279.1669616699 282.6653137207 282.6835937500 9999.0000000000 281.1381530762 280.5381164551 279.2919921875 280.0047912598 281.6839599609 283.4362792969 286.1834106445 289.0253601074 291.0250549316 291.4346313477 290.7330017090 289.5392150879 287.9680786133 9999.0000000000 9999.0000000000 9999.0000000000 9999.0000000000 9999.0000000000 9999.0000000000 9999.0000000000 9999.0000000000 9999.0000000000 9999.0000000000 9999.0000000000 9999.0000000000
286.7827758789 281.9790954590 278.3692932129 275.2638854980 270.6611938477 266.0776672363 264.3974914551 260.8326721191 261.3703002930 261.0228576660 262.8724975586 261.8346557617 263.6407775879 263.8354797363 264.5271301270 266.8475036621 267.5400085449 272.3904113770 275.3582458496 279.0283813477 280.3730163574 280.0364379883 279.1963500977 278.6791076660 277.7434692383 278.6479187012 279.5345458984 280.6742553711 283.4570312500 286.0407104492 285.8479919434 286.2347412109 284.4397888184 9999.0000000000 9999.0000000000 9999.0000000000 9999.0000000000 9999.0000000000 9999.0000000000 9999.0000000000 9999.0000000000 9999.0000000000 9999.0000000000 9999.0000000000 9999.0000000000 9999.0000000000 9999.0000000000
280.9920349121 277.9180908203 274.6660156250 270.3272094727 264.9437866211 260.9602966309 258.5185546875 256.1841430664 255.2699432373 256.7063598633 256.7210388184 258.6090393066 259.9520568848 261.9510803223 264.4025268555 265.9076538086 267.6570129395 271.3359069824 274.8539428711 276.7741394043 277.2231750488 277.1755065918 277.3568725586 277.9071960449 277.6976623535 278.8749084473 280.1476135254 281.2282714844 281.5459289551 282.5315246582 281.6113281250 9999.0000000000 9999.0000000000 9999.0000000000 9999.0000000000 9999.0000000000 9999.0000000000 9999.0000000000 9999.0000000000 9999.0000000000 9999.0000000000 9999.0000000000 9999.0000000000 9999.0000000000 9999.0000000000 9999.0000000000 9999.0000000000
275.8523864746 272.5835571289 267.4730834961 262.8701782227 258.9323730469 254.0028839111 251.4307861328 250.0234527588 248.9660644531 249.7492980957 252.5484313965 255.3305053711 256.8038940430 258.1848144531 261.9523010254 264.3655395508 268.8823852539 271.0394592285 273.4041137695 274.7746276855 274.5581054688 275.2107849121 275.5513916016 275.6953125000 277.2041015625 278.5628967285 279.3925781250 279.7210998535 9999.0000000000 9999.0000000000 9999.0000000000 9999.0000000000 9999.0000000000 9999.0000000000 9999.0000000000 9999.0000000000 9999.0000000000 9999.0000000000 9999.0000000000 9999.0000000000 9999.0000000000 9999.0000000000 9999.0000000000 272.4387817383 271.5060119629 272.0741882324 9999.0000000000
268.5782470703 263.9924621582 259.4855346680 255.9568786621 250.7792663574 246.7789764404 243.6826934814 240.7853546143 241.2239990234 243.9963989258 247.1326446533 250.2330627441 252.1529083252 255.9123077393 259.3505859375 263.6918029785 266.8782348633 270.9289550781 273.0781250000 273.6937866211 273.7847290039 273.9434509277 275.2912597656 276.1129455566 9999.0000000000 9999.0000000000 9999.0000000000 9999.0000000000 9999.0000000000 9999.0000000000 9999.0000000000 9999.0000000000 9999.0000000000 9999.0000000000 9999.0000000000 9999.0000000000 9999.0000000000 9999.0000000000 281.7172851562 9999.0000000000 9999.0000000000 272.2286987305 9999.0000000000 268.8595581055 269.1918640137 267.9871826172 9999.0000000000
258.7734069824 256.5249328613 253.9257049561 251.7352600098 245.1295776367 240.6545867920 237.4779205322 234.4743499756 233.5362396240 235.4000549316 241.0841064453 244.5747985840 247.6813354492 254.0863189697 257.8292541504 262.5018005371 265.6282653809 268.0758666992 274.5760803223 274.6697082520 274.6510009766 276.1771240234 276.1392822266 276.2357177734 9999.0000000000 9999.0000000000 9999.0000000000 9999.0000000000 9999.0000000000 9999.0000000000 9999.0000000000 9999.0000000000 9999.0000000000 9999.0000000000 9999.0000000000 9999.0000000000 9999.0000000000 272.0288391113 274.8381958008 271.0262756348 9999.0000000000 9999.0000000000 9999.0000000000 9999.0000000000 9999.0000000000 9999.0000000000 9999.0000000000
252.6535797119 251.4612274170 248.4779968262 244.9637908936 240.5813446045 235.1053161621 230.3194885254 227.4947357178 226.4817657471 228.5070343018 234.4723205566 240.0183715820 244.3020629883 249.2633972168 254.6417999268 259.4844665527 260.1372985840 266.9888916016 272.8206481934 276.2565612793 276.9728393555 276.7691345215 276.0154418945 276.0664672852 276.3190307617 9999.0000000000 9999.0000000000 9999.0000000000 9999.0000000000 9999.0000000000 9999.0000000000 259.9922180176 260.0989074707 260.7923583984 262.4753723145 264.5064086914 265.7763977051 266.7800598145 267.6655273438 266.5650634766 9999.0000000000 9999.0000000000 9999.0000000000 9999.0000000000 9999.0000000000 9999.0000000000 9999.0000000000
244.7664489746 243.2915039062 239.7338104248 238.0283660889 234.2869567871 228.7061767578 224.0779724121 219.1590270996 218.7014465332 220.4800567627 224.2421264648 231.2438049316 237.7789459229 244.0400238037 250.0819396973 254.8828582764 259.0872497559 266.1082763672 270.7561035156 274.7546997070 276.2290344238 274.9110107422 274.2366333008 273.1301574707 272.0632324219 271.9739379883 9999.0000000000 269.1129760742 263.0147399902 259.6013183594 257.0156860352 252.9831085205 253.7970886230 255.5883483887 256.8229675293 259.0741271973 260.1900634766 261.7031555176 261.0303955078 262.7784118652 9999.0000000000 9999.0000000000 9999.0000000000 9999.0000000000 9999.0000000000 9999.0000000000 9999.0000000000
237.6574249268 235.8918609619 233.2552490234 231.3339080811 226.9796600342 221.8257904053 215.0668640137 211.2904052734 207.5083160400 210.3158264160 215.1882019043 219.6085815430 229.5969085693 239.1787872314 245.0124664307 251.1524047852 258.2649536133 263.3219604492 266.5235290527 268.8000488281 269.6579589844 268.3646850586 265.0219116211 264.5781250000 265.3958435059 264.8066101074 266.0786437988 265.0067749023 259.7920227051 254.1475982666 250.3697509766 248.3450469971 248.1728057861 249.1177520752 251.8340606689 253.4650421143 255.5689544678 256.9273071289 257.9263916016 260.6148071289 9999.0000000000 9999.0000000000 9999.0000000000 9999.0000000000 9999.0000000000 9999.0000000000 9999.0000000000
233.1893005371 230.8741149902 228.0760803223 224.5870056152 220.4356079102 214.4441833496 208.4884490967 202.3161315918 198.8167724609 200.2226867676 203.6329956055 211.4728546143 222.0786132812 232.0801086426 244.5116729736 253.6653442383 259.2310791016 262.9667968750 264.5920410156 261.0652770996 257.3757019043 255.0203094482 253.6076965332 253.2275695801 253.7159118652 256.9599609375 259.4378967285 259.8841857910 257.0802917480 252.4068603516 247.3334045410 245.4137268066 246.3449096680 247.1832580566 248.8008575439 251.1834259033 253.9736480713 255.9393463135 256.4619445801 9999.0000000000 9999.0000000000 9999.0000000000 9999.0000000000 9999.0000000000 9999.0000000000 9999.0000000000 9999.0000000000
229.5947570801 226.4544067383 223.2806396484 219.5992431641 216.2491912842 208.5685729980 203.1393737793 194.7031402588 192.1020050049 192.3490142822 194.2640533447 203.2473602295 212.5247802734 226.1391601562 239.4879760742 254.6122589111 259.5178527832 260.9541625977 258.7687072754 251.2908782959 244.4764862061 241.4375762939 241.0303649902 240.3516998291 241.2537994385 247.4027862549 251.0295257568 254.4761199951 253.1063537598 249.4294586182 246.9120025635 244.6003417969 244.2181396484 245.2221832275 246.0912322998 248.6035766602 253.4030303955 253.9655151367 255.2693786621 9999.0000000000 9999.0000000000 9999.0000000000 9999.0000000000 9999.0000000000 9999.0000000000 9999.0000000000 9999.0000000000
225.6291656494 222.3576202393 219.5820159912 214.8908996582 210.3994293213 203.6250762939 198.7259368896 190.8939971924 184.6721343994 185.1448364258 189.1408538818 196.5495147705 204.8474426270 221.1871948242 231.3777008057 247.6353607178 256.1131286621 254.0492095947 248.5405273438 239.6214141846 235.0986785889 231.6772155762 227.8189086914 226.5826110840 230.7764587402 235.8157653809 243.2902984619 248.4864501953 249.5287628174 247.6532745361 245.2052001953 243.4399566650 241.4531707764 241.6709289551 242.5410156250 245.4585418701 248.6359558105 251.4428863525 9999.0000000000 9999.0000000000 9999.0000000000 9999.0000000000 9999.0000000000 9999.0000000000 9999.0000000000 9999.0000000000 9999.0000000000
222.7782897949 220.8394927979 217.6599121094 212.5643157959 208.6205139160 201.4577484131 194.3204345703 186.7630462646 179.8790283203 177.0128784180 179.1515350342 185.5488891602 196.5999755859 210.0756530762 224.0543518066 235.2345886230 243.5464477539 244.1582336426 239.1172485352 235.3042602539 228.3067779541 224.9601593018 220.8023223877 219.0590972900 222.7020263672 229.1718902588 235.1811981201 242.8650360107 242.9861602783 242.4468688965 242.7260284424 241.0090789795 240.6978302002 240.2669219971 240.5309906006 242.5409851074 246.3271179199 249.0483703613 9999.0000000000 9999.0000000000 9999.0000000000 9999.0000000000 9999.0000000000 9999.0000000000 9999.0000000000 9999.0000000000 9999.0000000000
221.3989257812 219.2665405273 215.8093719482 213.7284851074 208.5732727051 203.0766601562 194.9855957031 186.8195648193 178.2913818359 177.7270202637 174.8908843994 180.5760650635 192.7252807617 200.0074310303 210.2856903076 221.1406250000 227.6076660156 231.4432220459 232.7635650635 232.4827270508 231.4842834473 226.8972930908 221.9437866211 217.4483947754 218.0767974854 225.0622558594 229.8723602295 234.5851287842 236.8121490479 237.2501831055 237.8039550781 238.4419097900 239.3730773926 239.5526123047 239.9370880127 241.0939788818 245.7303619385 9999.0000000000 9999.0000000000 9999.0000000000 9999.0000000000 9999.0000000000 9999.0000000000 9999.0000000000 9999.0000000000 9999.0000000000 9999.0000000000
219.9961395264 217.7455596924 216.2140350342 214.5350799561 210.4383392334 205.9591522217 198.2848052979 187.9994812012 179.5771636963 175.6767730713 174.5712738037 179.0070343018 183.6175231934 190.6093902588 194.6206359863 203.0532684326 213.7941131592 218.2513122559 228.7251434326 232.8323364258 233.8045959473 229.1329498291 222.5539093018 217.6065063477 217.4028625488 219.2128143311 224.4348449707 228.3296661377 231.2557067871 233.3512878418 233.8756256104 235.3514709473 237.5607910156 239.2639617920 239.0589752197 240.8551177979 248.1310272217 9999.0000000000 9999.0000000000 9999.0000000000 9999.0000000000 9999.0000000000 9999.0000000000 9999.0000000000 9999.0000000000 9999.0000000000 9999.0000000000
217.3347625732 217.2679748535 217.1843872070 216.3444061279 215.9465637207 211.9699859619 205.0442047119 195.2462463379 188.8959350586 183.2405395508 179.6869964600 182.7676696777 183.6705169678 183.6365356445 187.4355621338 191.2126922607 200.2880096436 209.6757049561 221.5713653564 231.5542602539 235.6482849121 231.0833587646 224.6382293701 218.2356567383 216.9765167236 218.8053131104 222.0310821533 225.9394378662 228.4576873779 229.9196014404 232.6369171143 234.3613891602 237.2955017090 238.7778778076 238.9467926025 248.2840423584 9999.0000000000 9999.0000000000 9999.0000000000 9999.0000000000 9999.0000000000 9999.0000000000 9999.0000000000 9999.0000000000 9999.0000000000 9999.0000000000 9999.0000000000
217.3486022949 217.5095672607 219.1480865479 221.1168060303 220.7041015625 218.6882019043 214.7404479980 208.7545623779 202.2556457520 198.2532196045 192.9611206055 189.8422088623 188.6951904297 187.3860015869 189.4680633545 192.3509521484 198.4074401855 210.0187530518 223.2892150879 232.9760742188 237.1924133301 232.7037200928 226.1963348389 220.6817474365 219.1806640625 220.7548980713 224.7421264648 228.6394348145 230.6800384521 233.1388549805 234.0142822266 235.5316619873 238.4148406982 238.2046661377 241.5587158203 247.2500152588 9999.0000000000 9999.0000000000 9999.0000000000 9999.0000000000 9999.0000000000 9999.0000000000 9999.0000000000 9999.0000000000 9999.0000000000 9999.0000000000 9999.0000000000
