model_inputs/inputs/rsds6.asc
ncols 720
nrows 360
xllcorner -180
yllcorner -90
cellsize 0.500000
NODATA_value 9999.000000
[rows 105 to 125 of 360, columns 423 to 469 of 720]
321.8043823242 322.1383056641 322.9405212402 321.9342651367 321.9252319336 321.8893737793 319.0921020508 316.9147949219 314.8817138672 313.1694946289 315.7582702637 319.4403686523 324.7396240234 326.9675903320 329.4657592773 330.2795715332 329.9450988770 329.5910339355 328.7932128906 329.0992431641 329.1868896484 326.5805969238 324.3211975098 320.5690917969 318.8312072754 319.1316223145 318.2145385742 319.7817077637 318.5756530762 318.1700439453 315.4660034180 310.1205139160 306.3016967773 301.1320190430 299.4002990723 297.0659484863 295.1170654297 292.4877929688 9999.0000000000 9999.0000000000 9999.0000000000 9999.0000000000 9999.0000000000 9999.0000000000 290.7015380859 293.0458984375 297.1282043457
324.7266845703 325.5869445801 327.2888793945 327.4784240723 326.5324096680 324.3743286133 321.5941162109 319.1522521973 317.2039489746 315.0950622559 317.4060668945 321.7559204102 326.2149963379 328.6977233887 331.0672302246 330.8724060059 331.3706970215 331.4605407715 330.3421630859 330.1119079590 329.1713256836 327.3730468750 326.9599609375 326.9255371094 325.3009033203 325.5734558105 325.1873474121 325.2550354004 324.3133544922 322.5549011230 320.0273742676 317.1127014160 313.2732543945 308.9323425293 305.7526550293 302.3489990234 299.1433410645 294.9127197266 289.3326416016 284.1583557129 282.5582580566 9999.0000000000 283.9990234375 284.5083618164 289.0335693359 293.6710815430 298.9795227051
9999.0000000000 325.5484924316 325.7594604492 327.3966064453 327.2958984375 326.9511718750 9999.0000000000 9999.0000000000 319.6982116699 318.0578308105 319.1731567383 323.3804931641 327.1991271973 330.6271667480 332.2720336914 332.8938598633 332.4414062500 332.2212524414 331.8331604004 330.2832336426 329.4969482422 329.2570800781 328.7140502930 328.9239196777 328.9631042480 329.0527954102 328.9034423828 328.6852416992 326.8776550293 325.9765014648 323.7078552246 321.8125000000 318.5739746094 315.4263000488 311.9610595703 307.0817565918 302.3184204102 297.5719604492 291.8141479492 287.3066406250 282.9241943359 281.8495483398 282.8733520508 287.7715454102 291.7343750000 298.0660095215 302.3320922852
9999.0000000000 9999.0000000000 9999.0000000000 9999.0000000000 9999.0000000000 324.6993103027 9999.0000000000 9999.0000000000 321.7320251465 319.9161987305 321.8305358887 324.9308471680 328.9672241211 331.2474670410 333.4986572266 334.1405029297 334.1237487793 333.6181335449 332.7596435547 331.2327270508 330.6547851562 330.9971313477 330.4097290039 330.6043395996 330.0951843262 329.2843017578 329.1833496094 328.9292297363 328.6766967773 327.0428161621 325.9902648926 325.2044067383 323.1981811523 320.4551086426 317.4026489258 313.1865234375 308.6897888184 305.0813293457 300.2082824707 297.5425415039 295.4309387207 293.6250915527 295.7982482910 297.8723754883 301.4499206543 305.5704040527 308.4731445312
9999.0000000000 328.1894226074 327.4656982422 326.7490234375 325.5330505371 324.8691406250 9999.0000000000 9999.0000000000 323.8571777344 323.0748291016 324.9170837402 328.6197204590 330.6775207520 332.8349914551 334.5590515137 334.8657531738 334.6260375977 334.3986816406 333.7265319824 332.3531494141 331.6107788086 331.3768615723 330.6673583984 330.1156616211 329.1102600098 328.0679931641 327.6319274902 327.9262695312 328.0463562012 327.4077758789 326.6916198730 326.9790039062 325.5302429199 323.9605712891 320.5724792480 317.1257019043 315.4112854004 311.2745361328 310.2669067383 307.2356872559 306.9666748047 307.6637878418 307.5442810059 308.7211303711 311.5892333984 312.0193786621 314.9270019531
330.3530883789 328.8250732422 327.7542114258 326.8208312988 326.9685668945 9999.0000000000 9999.0000000000 9999.0000000000 325.7888793945 325.6550292969 328.1706848145 330.9018554688 332.4169311523 334.3460083008 335.5034790039 335.9326477051 335.4465026855 335.0327453613 334.0780334473 333.1845092773 332.5586242676 331.3661193848 330.2580871582 328.7161254883 327.5523071289 326.7375183105 326.3676757812 326.9116516113 327.5203247070 328.2529907227 327.9305725098 327.4256896973 327.1467285156 326.5608520508 324.9808349609 321.9695129395 320.1404113770 318.4514770508 317.3810424805 318.1266784668 318.8436584473 318.7761230469 319.4868164062 319.9158630371 319.3733215332 320.6963806152 321.0425109863
9999.0000000000 9999.0000000000 9999.0000000000 9999.0000000000 9999.0000000000 9999.0000000000 9999.0000000000 9999.0000000000 327.2115478516 327.3061218262 329.8342895508 332.3338623047 334.3155822754 335.5353393555 336.1881103516 336.4778137207 335.9543762207 335.2528381348 334.2619628906 333.4444274902 332.7335510254 331.4350280762 329.8608093262 328.3753356934 326.7636108398 326.0382385254 326.0643615723 326.2001953125 326.9801025391 327.8671569824 328.3208618164 328.2636413574 327.9469909668 327.9942932129 326.7830505371 325.0138854980 323.5049133301 322.3819885254 322.0362243652 322.7593383789 323.4496459961 324.3828430176 324.1049499512 324.0207824707 324.1075439453 323.7056274414 323.8115844727
9999.0000000000 9999.0000000000 9999.0000000000 9999.0000000000 9999.0000000000 9999.0000000000 9999.0000000000 326.4404296875 326.6618957520 327.5828857422 330.7464294434 333.2811279297 335.5229797363 336.2573547363 336.5955505371 336.8941650391 335.9065551758 334.9965820312 334.6598510742 333.5892944336 332.7560424805 331.4209899902 329.5793151855 327.9541015625 326.6290893555 325.7554931641 325.8255920410 326.1259460449 326.0883483887 327.2294921875 327.9122314453 328.0565795898 328.1537780762 328.2717590332 327.6156616211 326.5482788086 325.5715332031 324.7344665527 324.5111999512 324.4363098145 324.6188049316 325.2406005859 324.9782104492 324.8231811523 324.5496520996 324.6145019531 324.5690917969
9999.0000000000 9999.0000000000 9999.0000000000 9999.0000000000 9999.0000000000 9999.0000000000 9999.0000000000 325.4079895020 325.9313964844 328.1608276367 330.7460021973 334.2794494629 336.7524108887 337.3359680176 337.1104431152 337.3224487305 336.2652282715 335.0076293945 334.0997009277 333.2705383301 332.5049133301 330.9120788574 329.1920471191 327.4739685059 325.9669189453 325.1367187500 325.2279357910 325.2282409668 325.7818298340 326.1323852539 327.1371459961 326.9646911621 327.2187194824 327.6622619629 327.7518920898 327.1366577148 326.5745239258 325.7334594727 325.3056030273 325.2562561035 324.3080444336 324.4447937012 324.2725830078 324.4852905273 324.5670166016 324.5064392090 324.6881408691
9999.0000000000 9999.0000000000 9999.0000000000 9999.0000000000 9999.0000000000 9999.0000000000 325.8325500488 325.2365112305 327.1351013184 329.0934143066 331.4360961914 334.0251159668 336.8932495117 337.1825561523 337.0334472656 336.8539123535 335.5581970215 334.2312011719 333.5509338379 333.0146789551 331.7281188965 330.4058837891 328.6847839355 326.9093017578 325.7050476074 324.7800903320 324.5801696777 324.7784423828 324.7649536133 325.1178894043 325.2644042969 325.5335388184 326.0556640625 326.4945983887 326.8245849609 327.3999938965 327.1022338867 326.5185241699 325.5909729004 324.7965698242 323.9978942871 323.1022949219 322.8370971680 323.2475280762 323.5751953125 324.3942260742 324.5473632812
9999.0000000000 9999.0000000000 9999.0000000000 9999.0000000000 9999.0000000000 324.3381652832 327.5250244141 328.2686462402 329.8484497070 332.5474853516 333.8461914062 335.3405151367 336.3768615723 336.5970153809 336.3965454102 336.1200561523 334.7070312500 333.9608154297 333.0546264648 332.2729797363 330.9777832031 329.6154174805 328.1489257812 326.5821533203 325.1724853516 324.4062194824 324.0337219238 323.7709960938 323.8031616211 323.8094177246 323.5220947266 324.0476074219 324.6891479492 325.2851562500 325.9238891602 326.6050415039 327.0708923340 326.7838439941 326.0754089355 324.9779663086 323.8635253906 323.3872985840 323.0151672363 323.3052673340 323.6107482910 324.1741638184 324.2727355957
9999.0000000000 9999.0000000000 9999.0000000000 9999.0000000000 9999.0000000000 330.6369628906 330.5778808594 332.4330444336 334.1160278320 336.1963500977 335.8670654297 336.6108093262 337.3886718750 337.3794860840 336.2640380859 335.4573669434 334.9073791504 333.5220947266 332.4681701660 331.1872253418 330.1722717285 328.7493591309 327.5581054688 326.0805664062 324.6298522949 324.0600585938 323.4725952148 322.8649597168 322.6878662109 322.7002563477 322.2396240234 322.7155456543 323.1420898438 323.1740417480 324.5285644531 325.4871520996 326.3672180176 326.5231323242 325.8661499023 324.6863098145 323.7245483398 323.1716308594 322.7796020508 323.3119812012 323.7584838867 324.0779113770 323.9328002930
331.7662658691 331.7663574219 332.1611328125 332.3300170898 332.6502990723 332.9019470215 333.9963073730 336.4028930664 337.8330688477 338.8309936523 338.7478942871 338.3923339844 337.6613159180 336.6994628906 335.8287353516 334.8279113770 333.8084106445 333.0759887695 331.9853820801 330.7535705566 329.5784301758 328.2042236328 326.9437561035 326.0291137695 324.4458312988 323.7275085449 322.7604980469 322.2333068848 321.8443908691 321.3380126953 321.1363220215 320.7169494629 321.3099670410 321.7243652344 322.8953857422 323.9450073242 324.9456176758 325.4390563965 324.8608703613 324.1382751465 323.1958007812 322.3515319824 322.6558227539 323.2918090820 323.7172546387 323.7430725098 323.4524841309
333.9628601074 333.8352661133 334.0128173828 334.3089294434 335.2418212891 336.3075256348 337.8568725586 339.3709106445 340.4613952637 341.2370910645 340.2368469238 339.4117736816 337.7480773926 336.2595520020 335.1134643555 334.1204223633 333.3557434082 332.4803466797 331.4249877930 330.1719055176 328.8788452148 327.7440185547 326.6699829102 325.6871643066 324.5101928711 323.6061401367 322.5889892578 322.0850219727 321.2514343262 320.9799194336 320.4743347168 320.2142944336 319.9692993164 319.8476562500 320.9705505371 322.1480102539 323.3163757324 324.2681579590 324.4248962402 323.0898742676 322.3302612305 321.9541625977 322.8205566406 323.2872009277 323.5280151367 323.4857482910 323.0355529785
337.4042053223 337.0693054199 337.3862915039 338.2261352539 338.6573181152 339.5945434570 340.8588562012 340.9579772949 341.4076843262 341.8587646484 340.7792968750 339.3220520020 337.6146240234 336.2188720703 334.6477050781 333.7020263672 332.9880981445 331.6838684082 330.8643188477 329.6869201660 328.3146057129 327.4925842285 326.5789794922 325.3509826660 324.3434448242 323.2828063965 322.4745483398 321.7594604492 321.4272155762 321.1280212402 320.6907653809 319.9965209961 318.8239746094 318.5045471191 319.7636718750 320.6454467773 321.2387695312 321.7135314941 321.9131774902 321.4916687012 321.8316955566 321.6021423340 322.1760559082 323.1552429199 323.4231872559 323.0135803223 322.0047607422
340.6223144531 341.1670227051 341.7846984863 342.0504455566 342.3850708008 342.2853393555 342.7013854980 342.4433593750 342.6195373535 342.3486022949 340.9735717773 339.0528259277 337.2460937500 335.8937072754 334.2624816895 333.2806396484 332.3491516113 331.1566162109 330.0911254883 329.4680480957 327.9772338867 327.1024780273 326.2730102539 325.0926513672 324.2547607422 323.3489990234 322.3342590332 321.9829711914 321.3546142578 321.3579406738 321.2061462402 320.2199096680 318.5182495117 316.8862609863 317.5119628906 9999.0000000000 9999.0000000000 318.9525756836 319.5079040527 319.7097167969 320.3729553223 321.7303771973 322.2536010742 322.0858154297 321.9919738770 321.9619750977 321.3287658691
343.1347656250 343.6661376953 344.0703735352 344.4966735840 344.6844787598 344.2377014160 343.7664794922 343.1079101562 342.4649963379 341.5097656250 340.0917663574 338.3169860840 336.9921264648 335.7145080566 334.2290039062 333.0276794434 331.9090881348 330.9539489746 329.9328613281 329.0583801270 327.6669616699 326.6469116211 325.7740783691 324.8563232422 323.9024963379 322.9973754883 322.2677307129 321.9491577148 321.6258544922 321.5868530273 321.4864501953 320.5209045410 318.7111511230 316.0018005371 9999.0000000000 9999.0000000000 9999.0000000000 9999.0000000000 317.8384704590 317.7247924805 319.0134887695 320.2031555176 321.6333007812 321.3812561035 321.0025634766 321.0300903320 319.6446533203
343.9347839355 344.2104187012 344.5203552246 344.5583801270 344.4369812012 343.8169860840 343.0053100586 342.0963745117 341.1299743652 340.0238342285 339.0868530273 337.9044799805 336.7316894531 335.5206298828 334.1082763672 332.7673339844 331.7029418945 330.3591613770 329.2371826172 328.1490478516 326.9100952148 326.1001586914 325.5289306641 324.4999694824 323.4282226562 322.6282958984 322.3146057129 321.7691345215 321.6480712891 321.6217956543 321.5697631836 320.4075622559 319.1967773438 317.6076354980 9999.0000000000 9999.0000000000 9999.0000000000 9999.0000000000 316.8768310547 317.3255004883 317.3156127930 318.2982788086 319.5775451660 320.2504272461 321.8742675781 319.6853332520 318.3922119141
343.6748352051 343.4584350586 343.8815002441 343.2849731445 342.9353637695 341.7353515625 341.0076293945 339.9672851562 338.9605712891 337.9339599609 337.7241210938 337.1855163574 336.1044311523 335.1582031250 333.8923034668 332.8120117188 331.5945129395 329.8369140625 328.8009338379 327.7120666504 326.0452270508 325.5954284668 325.0278625488 323.8989562988 323.3193359375 322.6265563965 322.0640258789 321.8734436035 321.5428466797 321.2347412109 321.1787414551 320.5806274414 319.8166809082 318.6805114746 317.3210144043 9999.0000000000 9999.0000000000 9999.0000000000 9999.0000000000 316.7892150879 316.6326599121 316.4226074219 317.2209167480 317.9699096680 318.7585754395 318.3606262207 317.1846313477
342.9448547363 342.7803039551 342.0416870117 341.4471435547 340.4333801270 339.4868164062 9999.0000000000 337.4119873047 337.0412292480 335.5682067871 335.4654846191 336.0811157227 335.7250671387 334.6844482422 333.8688354492 332.6016235352 331.4518432617 329.7937316895 328.4686279297 326.9553527832 325.3232421875 324.3059997559 323.6403503418 323.2449035645 322.5941162109 322.0645446777 321.7481079102 321.4370117188 321.0652465820 320.9781494141 320.9358825684 320.8050537109 320.2461853027 319.8553771973 319.3002319336 9999.0000000000 9999.0000000000 9999.0000000000 9999.0000000000 9999.0000000000 315.1650085449 315.7745971680 315.4175415039 315.6341247559 316.2131652832 316.7039794922 315.7912597656
342.0526428223 341.5859375000 340.7753906250 339.6265869141 338.4657592773 9999.0000000000 9999.0000000000 9999.0000000000 334.2201538086 333.1054992676 333.5797729492 334.4654846191 335.0964050293 334.1180114746 333.3936767578 332.1555175781 330.8561706543 329.3574523926 327.9418945312 326.1461486816 324.8709411621 323.6824645996 323.3482971191 322.7652282715 321.9830017090 321.8559265137 321.4666442871 321.1403503418 320.7047119141 320.6020507812 320.6596374512 320.7123107910 320.7699584961 320.7765197754 320.2457885742 318.9234008789 315.9481201172 9999.0000000000 9999.0000000000 9999.0000000000 9999.0000000000 9999.0000000000 314.0973510742 313.8192749023 314.0120239258 314.6491394043 314.1642761230
