model_inputs/inputs/rsds7.asc
ncols 720
nrows 360
xllcorner -180
yllcorner -90
cellsize 0.500000
NODATA_value 9999.000000
[rows 21 to 41 of 360, columns 235 to 281 of 720]
270.9303283691 272.0419311523 273.2455139160 274.4357910156 275.8008728027 276.9949951172 277.9879760742 279.0559692383 280.0159606934 280.8972473145 281.7861022949 283.0417480469 283.5818786621 284.0879821777 284.5930786133 284.6567077637 285.3293762207 285.8390502930 286.3381652832 286.8242797852 287.2430725098 287.5788879395 287.8797302246 288.6842651367 289.3536376953 290.1919250488 290.9311523438 291.5954589844 292.1887817383 292.9514160156 293.8170471191 295.4405822754 296.6567382812 297.4921264648 298.1084899902 299.0013732910 299.9049987793 301.2312927246 302.3270568848 303.3367309570 304.3586425781 305.4187316895 306.1750488281 307.5605773926 308.5986022949 309.5218200684 310.1820983887
274.5028076172 274.9699096680 275.4499816895 275.8141479492 276.9758605957 278.2878112793 279.4443664551 280.5246582031 281.0868225098 281.7252502441 282.3251342773 283.6666259766 284.4577636719 284.3983154297 284.8625183105 285.4825134277 286.5158081055 287.4433288574 288.3707580566 289.1439208984 289.7893981934 290.4389648438 290.7199707031 291.1950378418 292.1458435059 293.1596069336 293.9351806641 294.8204956055 295.4222106934 296.3240966797 297.8160095215 298.3849792480 298.7119750977 299.4372863770 300.8925170898 302.5972595215 303.5707092285 304.5257568359 305.2171936035 306.0673217773 306.9096374512 308.3955993652 309.2425537109 309.8799438477 310.4960327148 311.1634521484 311.9552001953
275.6763916016 275.1585998535 275.3566589355 275.7444458008 276.2301025391 276.9146423340 278.4271850586 278.7750854492 278.9917907715 280.0000000000 281.3877258301 282.3751525879 284.1253051758 284.6334533691 285.1658325195 286.1387939453 287.2065429688 287.9253234863 289.3115234375 289.8710327148 290.5090637207 291.4459533691 292.4856567383 293.1375732422 294.4560546875 295.1109313965 295.9736633301 297.1631469727 298.2764587402 299.0184326172 300.3015441895 301.0062866211 302.0994873047 303.3855895996 304.6796875000 305.1254272461 306.1109008789 306.7391967773 307.6606445312 308.8900146484 309.7787780762 310.2446594238 310.9642639160 311.5097045898 312.6044616699 313.5899047852 314.2170410156
273.6223144531 273.5300903320 273.4585266113 272.9935607910 273.0531616211 273.9244384766 275.1081848145 276.1652221680 277.0150451660 277.8414306641 279.1552734375 280.4543762207 281.7850952148 282.9677734375 284.1484375000 285.3630371094 286.6624145508 287.8922729492 289.0015563965 290.1268920898 291.3036804199 292.5176696777 293.5429687500 294.6402893066 295.6934509277 296.8312377930 297.9573669434 298.9320373535 299.9760437012 301.0022277832 301.9354858398 302.9578552246 304.0755310059 305.0369262695 306.2672729492 307.0850524902 307.9147644043 308.7783813477 309.6890563965 310.4903869629 311.1015014648 311.6809692383 312.1033325195 312.6941528320 313.1397399902 313.4326782227 313.7214355469
264.2244873047 264.2749633789 264.8190002441 265.7377319336 266.4816589355 267.9971618652 268.9844055176 269.5542907715 270.9368896484 272.8411254883 274.8665771484 277.2296447754 278.6694335938 280.1740722656 281.6443481445 283.6845703125 285.7401428223 287.8857727051 289.0608215332 290.2790527344 291.3534240723 292.6672058105 293.9432373047 295.1258239746 296.3881225586 297.0741271973 298.0598449707 299.1228637695 300.1989440918 300.9417114258 302.2035217285 302.9775085449 304.3925170898 305.8700866699 307.1508483887 307.9522705078 308.7558593750 309.2558288574 310.4407958984 311.2052001953 311.9085693359 312.5812377930 312.7214050293 312.9057312012 313.3302001953 313.7239990234 314.0052795410
254.1244964600 253.9020690918 254.9331817627 256.5958251953 257.3961181641 257.8028869629 258.8088684082 262.2857971191 265.6823120117 266.4095458984 269.1545104980 271.7127990723 273.8919067383 278.0935058594 279.7637939453 282.0327148438 284.6327819824 285.8149108887 288.2261962891 290.4651184082 291.5352783203 293.1807250977 293.9244079590 294.6906433105 296.1434020996 296.9355163574 298.3381652832 299.0657653809 299.5871887207 300.6753234863 301.5619201660 303.1531372070 304.0661926270 305.0163574219 306.4756164551 307.8248901367 308.9815368652 309.7191162109 310.1469116211 311.1331176758 312.1920776367 312.6833190918 312.9235839844 313.1043090820 313.3908386230 313.6419372559 313.9137573242
241.4363555908 243.2917175293 245.0138092041 246.6426544189 248.2201080322 250.3391418457 251.6316375732 254.0258941650 257.1721801758 260.3045654297 263.4634399414 267.7864379883 269.7689208984 272.5555419922 276.0708923340 280.4694213867 283.1342468262 285.3274230957 287.2456359863 289.0007019043 291.6134033203 292.7775268555 293.5670776367 294.3352661133 295.3758239746 296.6379089355 297.7894592285 298.7263488770 299.4883117676 300.3222045898 301.0253906250 302.4499511719 303.6304321289 304.6340332031 306.1022949219 307.0724487305 307.9234619141 308.5419921875 309.3174438477 310.5036010742 311.7485656738 312.2413635254 312.6328430176 312.9789428711 313.0830993652 313.5449829102 313.6778869629
9999.0000000000 9999.0000000000 9999.0000000000 9999.0000000000 245.3451080322 246.9774169922 248.8080902100 250.6606445312 252.0632171631 254.3074035645 256.8582763672 261.9259338379 266.5310974121 270.7926940918 274.8024291992 278.1745910645 280.6376037598 283.1814575195 285.7491760254 288.2825927734 291.1891479492 292.6257019043 293.8199462891 294.8950195312 295.8933105469 296.9084167480 297.7024841309 298.4347534180 299.1040649414 299.7839965820 300.5488281250 301.6484375000 302.6599426270 303.6746215820 304.7302856445 305.9038085938 307.3862304688 308.4564208984 309.2792053223 310.0559997559 310.8407287598 311.3561706543 311.7944335938 312.3966064453 312.6453857422 312.9653625488 313.1302185059
9999.0000000000 9999.0000000000 9999.0000000000 9999.0000000000 9999.0000000000 9999.0000000000 9999.0000000000 9999.0000000000 249.8964080811 252.1740417480 254.8292846680 256.6365051270 263.0080566406 267.2823791504 272.2325439453 275.8345642090 281.0555725098 284.3599853516 286.4800720215 288.9347839355 291.5925292969 294.3695678711 295.9920654297 297.1224670410 298.2710266113 299.0165100098 299.8761901855 300.3970336914 300.9706726074 301.8525695801 302.3237304688 303.2307739258 303.8319702148 304.4998779297 306.2303161621 306.9454345703 307.9479370117 308.4533386230 308.9779357910 310.0179443359 310.4679565430 310.9493103027 311.3292541504 311.6328430176 312.3357543945 312.5753479004 312.8770141602
9999.0000000000 9999.0000000000 9999.0000000000 9999.0000000000 9999.0000000000 9999.0000000000 9999.0000000000 9999.0000000000 9999.0000000000 249.2246093750 250.9742584229 254.3359375000 256.1681213379 262.3678588867 267.5258789062 274.3768920898 276.8924865723 281.4785156250 286.0557861328 288.8194274902 292.9424438477 294.3984375000 297.2347106934 299.0980834961 300.3440856934 301.9394836426 302.6254577637 303.4684143066 303.7508239746 304.2280273438 304.8623352051 305.6143798828 306.3065185547 306.5790405273 307.3527221680 307.9985656738 308.7362060547 309.0718078613 309.3292541504 309.6284179688 310.2262878418 310.7192077637 310.9940185547 311.5031433105 311.9816589355 312.4698486328 312.4993591309
9999.0000000000 9999.0000000000 9999.0000000000 9999.0000000000 9999.0000000000 9999.0000000000 9999.0000000000 9999.0000000000 9999.0000000000 9999.0000000000 250.1722717285 251.8361816406 253.6675109863 256.7988586426 262.8388977051 268.5856323242 274.0220031738 279.8617248535 283.1445922852 286.6074523926 290.6032409668 294.3121643066 297.6003417969 299.4870605469 301.2178344727 302.9037475586 304.9118957520 305.5248718262 306.2142639160 306.9122924805 307.4470825195 307.6494445801 307.8130493164 307.8186645508 307.9620056152 307.9594116211 308.7783203125 309.4793090820 309.3328247070 309.5673828125 310.0440979004 310.4155883789 310.7462463379 310.9822082520 311.3688964844 311.9830932617 312.3005371094
9999.0000000000 9999.0000000000 9999.0000000000 9999.0000000000 9999.0000000000 9999.0000000000 9999.0000000000 9999.0000000000 9999.0000000000 9999.0000000000 9999.0000000000 250.4227447510 252.8615264893 255.1904296875 256.5071105957 260.9779357910 267.1757507324 273.2572326660 279.2609558105 283.8221435547 287.3647155762 289.5295715332 293.7899780273 295.6485900879 297.9461975098 300.4781494141 303.6011352539 304.8200683594 306.6525573730 308.3175659180 309.0187377930 308.4114685059 308.1371459961 308.1016540527 307.4804077148 307.3556823730 308.1792602539 308.9763793945 309.2286376953 309.5619506836 309.7706604004 310.3994445801 310.9451904297 311.1325378418 311.5232543945 312.1074829102 312.2952270508
9999.0000000000 9999.0000000000 9999.0000000000 9999.0000000000 9999.0000000000 9999.0000000000 9999.0000000000 9999.0000000000 9999.0000000000 9999.0000000000 9999.0000000000 9999.0000000000 252.2441864014 253.6668701172 254.3068695068 255.7294158936 256.7268981934 264.6677246094 272.1534118652 275.0027770996 277.5120849609 284.1021728516 289.4603271484 292.7542724609 293.8973999023 297.6655273438 300.4605712891 303.6376342773 304.1978149414 306.0378112793 307.1772766113 308.2492370605 308.4868774414 307.8829650879 307.5864868164 307.1971130371 307.2451477051 307.5852050781 307.9601135254 308.4478454590 308.9579467773 309.4110412598 310.1221618652 310.6909484863 311.2073669434 311.4690551758 312.3972473145
9999.0000000000 9999.0000000000 9999.0000000000 9999.0000000000 9999.0000000000 9999.0000000000 9999.0000000000 9999.0000000000 9999.0000000000 9999.0000000000 9999.0000000000 9999.0000000000 251.3063812256 252.7063751221 254.1156311035 255.1165466309 255.0629577637 254.6640319824 259.0674743652 263.0290527344 268.7053833008 276.3568725586 280.9875793457 284.5833129883 288.4665832520 293.4015197754 295.9363098145 298.2657775879 300.6260986328 304.3256225586 305.5276489258 305.6287231445 306.2909545898 307.4012756348 307.5632324219 307.1131896973 307.1782531738 307.1641540527 307.7448120117 308.1290588379 308.5967407227 308.9088134766 309.6503601074 310.2454833984 310.8961486816 311.8378601074 311.3573913574
9999.0000000000 9999.0000000000 9999.0000000000 9999.0000000000 9999.0000000000 9999.0000000000 9999.0000000000 9999.0000000000 9999.0000000000 9999.0000000000 9999.0000000000 9999.0000000000 9999.0000000000 243.1388397217 243.2763366699 243.5122680664 243.8005065918 244.3076324463 250.7641448975 257.0637817383 262.7630310059 267.5462036133 272.7998046875 276.8927001953 281.6230773926 286.9302368164 290.3545837402 293.7127685547 296.9766845703 300.8315429688 302.5937805176 304.0110168457 305.2965087891 306.0971679688 306.0636596680 306.4673767090 306.8817443848 306.9387207031 307.3729858398 307.8208312988 308.2840270996 308.8010253906 309.4248352051 310.0714416504 310.7874145508 311.3148193359 311.6250000000
9999.0000000000 9999.0000000000 9999.0000000000 9999.0000000000 9999.0000000000 9999.0000000000 9999.0000000000 9999.0000000000 9999.0000000000 9999.0000000000 9999.0000000000 9999.0000000000 9999.0000000000 239.9006652832 239.6663360596 239.2784118652 237.9187316895 238.7125244141 242.1562957764 248.3419342041 253.8494873047 260.3818664551 266.5898742676 270.2597961426 274.5067443848 281.0129394531 286.0305175781 289.0320129395 290.5964050293 295.4434814453 298.8800354004 300.7790527344 301.3597106934 303.2483215332 303.7568359375 304.3706359863 305.3514404297 306.6653137207 307.5917358398 308.1918945312 308.5469055176 309.1840820312 310.0851745605 310.6782226562 311.1595458984 311.7791442871 312.1870117188
9999.0000000000 9999.0000000000 9999.0000000000 9999.0000000000 9999.0000000000 9999.0000000000 9999.0000000000 9999.0000000000 9999.0000000000 9999.0000000000 9999.0000000000 9999.0000000000 9999.0000000000 9999.0000000000 230.9413604736 230.9469299316 231.0501708984 232.9156036377 239.3248748779 241.6181793213 246.5004882812 253.8497772217 258.3594360352 262.1133117676 268.9709777832 273.5157775879 277.0978393555 280.9423217773 286.0557250977 289.7308654785 292.5359191895 295.3006591797 298.2593688965 300.6102294922 302.4718627930 303.9246215820 305.2637634277 306.3188476562 307.2118835449 308.1593322754 308.9227600098 309.6165161133 310.3043823242 311.2037048340 311.8153076172 312.4635314941 312.7652282715
9999.0000000000 9999.0000000000 9999.0000000000 9999.0000000000 9999.0000000000 9999.0000000000 9999.0000000000 9999.0000000000 9999.0000000000 9999.0000000000 9999.0000000000 9999.0000000000 9999.0000000000 9999.0000000000 9999.0000000000 223.1959228516 223.6271362305 225.6798095703 232.2385253906 236.3534393311 240.2543792725 245.8757324219 251.5630950928 256.8178710938 262.5350646973 267.2454223633 271.3788757324 275.4300537109 280.1461181641 284.0857543945 287.7880554199 291.4760437012 294.8868408203 297.8525085449 300.5277404785 303.3412780762 304.6788635254 306.0922546387 307.6658935547 308.8591613770 309.5968933105 310.3422241211 311.1054077148 311.6624755859 312.2974548340 312.5510559082 313.0167846680
9999.0000000000 9999.0000000000 9999.0000000000 9999.0000000000 9999.0000000000 9999.0000000000 9999.0000000000 9999.0000000000 9999.0000000000 9999.0000000000 9999.0000000000 9999.0000000000 9999.0000000000 9999.0000000000 9999.0000000000 214.9296264648 216.2261047363 219.0118560791 223.6927795410 228.5381622314 233.0429229736 241.0388793945 246.5092926025 249.7756347656 256.0505981445 260.5926513672 265.3721618652 270.6827697754 276.4957580566 279.7962646484 283.9113159180 289.7402954102 292.9787597656 295.5065002441 298.6578063965 302.5442810059 304.6357727051 306.9897460938 308.0331420898 309.0890197754 310.4844970703 311.0742187500 311.5195617676 311.8120727539 312.3779296875 312.8045959473 313.2096557617
9999.0000000000 9999.0000000000 9999.0000000000 9999.0000000000 9999.0000000000 9999.0000000000 9999.0000000000 9999.0000000000 9999.0000000000 9999.0000000000 9999.0000000000 9999.0000000000 9999.0000000000 9999.0000000000 9999.0000000000 216.8001708984 212.7802581787 212.8319396973 215.3801879883 221.4958496094 227.5922088623 231.9134979248 239.0997314453 244.5998687744 250.4628906250 257.2272338867 261.1496887207 267.4818725586 276.1406250000 281.3311157227 284.0626525879 290.1263732910 295.3243713379 298.2131958008 299.4686279297 302.7944641113 304.0666503906 305.4157104492 306.8374023438 309.4966735840 310.0347290039 310.4718627930 310.9790039062 311.8950195312 312.4237060547 312.7701416016 313.4594726562
9999.0000000000 9999.0000000000 9999.0000000000 9999.0000000000 9999.0000000000 9999.0000000000 9999.0000000000 9999.0000000000 9999.0000000000 9999.0000000000 9999.0000000000 9999.0000000000 9999.0000000000 9999.0000000000 9999.0000000000 9999.0000000000 211.0379028320 207.6678771973 212.0848846436 216.2251586914 218.5651702881 9999.0000000000 229.8171997070 238.0174102783 245.5100860596 253.6680297852 262.3747863770 269.7391967773 277.6765747070 283.6048278809 289.1193847656 292.8239135742 297.1520996094 300.0395202637 302.2773132324 303.3674011230 304.2014465332 305.0705566406 306.7269287109 308.5372009277 308.5840759277 309.5299682617 310.6053771973 310.7249755859 311.3010253906 312.0914916992 313.0135498047
