model_inputs/inputs/rsds4.asc
ncols 720
nrows 360
xllcorner -180
yllcorner -90
cellsize 0.500000
NODATA_value 9999.000000
[rows 42 to 62 of 360, columns 0 to 46 of 720]
160.0907135010 160.1224975586 160.2245635986 9999.0000000000 9999.0000000000 9999.0000000000 9999.0000000000 9999.0000000000 9999.0000000000 9999.0000000000 9999.0000000000 9999.0000000000 9999.0000000000 9999.0000000000 9999.0000000000 9999.0000000000 9999.0000000000 9999.0000000000 9999.0000000000 9999.0000000000 9999.0000000000 9999.0000000000 9999.0000000000 9999.0000000000 9999.0000000000 9999.0000000000 9999.0000000000 162.2009735107 162.3257751465 161.4582214355 160.8662567139 159.5522155762 158.9512634277 156.8197021484 157.0328674316 155.5822601318 155.1477050781 154.9001464844 155.1157836914 155.9679565430 162.2306823730 161.9714355469 155.8460235596 157.1807250977 158.5295104980 158.9999084473 159.6915283203
159.3378295898 160.3164062500 159.3855590820 159.2840576172 160.6976928711 160.0569000244 9999.0000000000 9999.0000000000 9999.0000000000 9999.0000000000 9999.0000000000 9999.0000000000 9999.0000000000 9999.0000000000 9999.0000000000 9999.0000000000 9999.0000000000 9999.0000000000 9999.0000000000 9999.0000000000 9999.0000000000 9999.0000000000 9999.0000000000 9999.0000000000 9999.0000000000 9999.0000000000 9999.0000000000 163.1600341797 163.4613189697 161.8535614014 160.8833923340 160.1844329834 159.6445770264 158.1692047119 158.1105346680 157.0288543701 156.7806549072 157.4039154053 157.7426452637 158.2438049316 158.4284973145 157.9245300293 158.3523406982 159.0386657715 159.9552917480 160.1803741455 160.9541473389
160.4801940918 160.5585784912 159.9759063721 159.6708831787 159.7547454834 160.0113525391 160.7929534912 161.2152404785 161.2235565186 9999.0000000000 9999.0000000000 9999.0000000000 9999.0000000000 9999.0000000000 9999.0000000000 9999.0000000000 9999.0000000000 9999.0000000000 9999.0000000000 9999.0000000000 9999.0000000000 9999.0000000000 9999.0000000000 9999.0000000000 9999.0000000000 9999.0000000000 9999.0000000000 9999.0000000000 9999.0000000000 162.2035980225 160.9385986328 160.7417755127 159.5970916748 159.1310577393 160.0806121826 160.6046905518 160.9940643311 160.4456787109 160.7333679199 160.9422760010 160.8039855957 161.2897033691 161.4615478516 161.0855560303 160.6417541504 160.6159973145 161.3862609863
161.4979553223 161.2647399902 160.9108886719 160.5466461182 160.2710723877 159.5910034180 159.3666687012 159.2040710449 161.2832183838 161.2236480713 161.1036376953 161.3663177490 161.6180877686 9999.0000000000 9999.0000000000 9999.0000000000 9999.0000000000 9999.0000000000 9999.0000000000 9999.0000000000 9999.0000000000 9999.0000000000 9999.0000000000 9999.0000000000 9999.0000000000 9999.0000000000 9999.0000000000 9999.0000000000 9999.0000000000 9999.0000000000 9999.0000000000 9999.0000000000 159.7384033203 160.8893585205 162.7602691650 162.6392059326 163.4855957031 163.8246459961 163.7561645508 163.3153076172 163.1275482178 162.2466430664 161.5419158936 160.8373718262 160.2195587158 160.3663330078 159.7111206055
163.7303009033 163.0950012207 162.8231201172 162.1987609863 161.0771331787 160.6863250732 160.1889801025 159.3919067383 159.5591888428 159.3165435791 158.7389221191 158.1643829346 158.5513000488 159.1777954102 161.9703979492 163.5106658936 165.3703002930 166.2788696289 9999.0000000000 9999.0000000000 9999.0000000000 9999.0000000000 9999.0000000000 9999.0000000000 9999.0000000000 9999.0000000000 9999.0000000000 9999.0000000000 9999.0000000000 9999.0000000000 9999.0000000000 160.3751373291 161.6449127197 9999.0000000000 165.2072143555 166.3812866211 166.5466003418 166.5258941650 165.8286285400 165.7653045654 165.3383178711 162.5859375000 161.2427215576 160.4012298584 158.8557434082 157.6538391113 157.8115386963
166.8000183105 166.0570068359 164.5674743652 163.3404235840 163.0151824951 162.1052093506 161.4850921631 161.2381439209 160.1161956787 159.4196929932 158.6321563721 158.3995971680 158.1377410889 158.1347503662 158.2003021240 159.6477203369 161.6199493408 166.7011260986 166.7112121582 167.3452301025 168.1039886475 9999.0000000000 176.5471496582 9999.0000000000 9999.0000000000 9999.0000000000 164.9950561523 164.8058319092 165.2277221680 164.0492706299 162.5361633301 163.1962585449 165.0166625977 166.2776184082 166.6080932617 9999.0000000000 168.6565856934 168.4966278076 167.7420501709 167.5075683594 166.5063781738 164.5391998291 162.4008789062 160.9806518555 158.9927215576 158.2244720459 156.9683990479
169.2367095947 9999.0000000000 167.2075195312 165.9822082520 164.4856262207 164.3506774902 163.7669830322 163.3359222412 162.3485107422 161.1786651611 160.5000152588 159.9141540527 158.6984252930 159.3395843506 159.8477325439 160.2458801270 163.7411651611 166.4727630615 167.0881195068 167.9703063965 9999.0000000000 9999.0000000000 9999.0000000000 170.7899627686 167.8064575195 168.1199035645 168.0586547852 168.5303802490 168.7390441895 166.9551239014 165.5394592285 166.8300476074 167.1111907959 167.9892272949 169.3256683350 170.2189331055 170.5692749023 169.8203735352 169.4170532227 169.3299255371 166.8516082764 164.9078979492 162.9726715088 160.8874816895 159.3237152100 157.6446685791 157.2993774414
169.5936431885 9999.0000000000 9999.0000000000 167.6377105713 167.6820220947 167.8636322021 9999.0000000000 165.9926452637 164.4693145752 163.7877960205 162.8958282471 162.3027496338 161.8059082031 161.7536621094 161.7504425049 162.7899627686 9999.0000000000 9999.0000000000 9999.0000000000 9999.0000000000 9999.0000000000 9999.0000000000 9999.0000000000 9999.0000000000 171.3739929199 168.3052368164 169.7191772461 169.7567291260 170.2833404541 170.4713134766 169.6512603760 170.1992340088 169.9676361084 170.9197692871 170.9203796387 170.8253936768 171.6443023682 170.7463836670 169.2944946289 168.3482055664 166.3816223145 164.4996948242 162.5292205811 161.0120697021 160.5928344727 159.6169586182 158.4154663086
9999.0000000000 9999.0000000000 9999.0000000000 9999.0000000000 9999.0000000000 9999.0000000000 9999.0000000000 9999.0000000000 165.2374725342 165.0539855957 165.1344451904 164.1535949707 163.9960327148 163.6425933838 163.7696380615 9999.0000000000 9999.0000000000 9999.0000000000 9999.0000000000 9999.0000000000 9999.0000000000 9999.0000000000 9999.0000000000 9999.0000000000 9999.0000000000 9999.0000000000 172.3694763184 169.8523864746 169.7627716064 170.1676177979 170.3968811035 170.7247467041 171.3387603760 171.3696899414 170.7329864502 170.2354278564 170.2936859131 170.4942169189 168.6616516113 167.2296295166 165.3520812988 165.3589172363 163.1151275635 161.7516937256 161.0228424072 160.4805145264 160.1856536865
9999.0000000000 9999.0000000000 9999.0000000000 9999.0000000000 9999.0000000000 9999.0000000000 9999.0000000000 9999.0000000000 9999.0000000000 9999.0000000000 9999.0000000000 166.1433715820 165.5892028809 165.4301452637 164.9049072266 9999.0000000000 9999.0000000000 9999.0000000000 9999.0000000000 9999.0000000000 9999.0000000000 9999.0000000000 9999.0000000000 9999.0000000000 9999.0000000000 9999.0000000000 9999.0000000000 9999.0000000000 9999.0000000000 169.3523712158 170.0312652588 9999.0000000000 9999.0000000000 170.8749542236 170.0567626953 9999.0000000000 9999.0000000000 170.2619934082 169.0852813721 167.5034637451 166.0063171387 164.7052001953 162.7734375000 161.9135437012 161.6016845703 161.0785980225 160.9982910156
9999.0000000000 9999.0000000000 9999.0000000000 9999.0000000000 9999.0000000000 9999.0000000000 9999.0000000000 9999.0000000000 9999.0000000000 9999.0000000000 9999.0000000000 9999.0000000000 9999.0000000000 9999.0000000000 9999.0000000000 9999.0000000000 168.7167510986 168.7467803955 169.6281280518 169.6151123047 9999.0000000000 9999.0000000000 9999.0000000000 9999.0000000000 9999.0000000000 9999.0000000000 9999.0000000000 9999.0000000000 9999.0000000000 9999.0000000000 9999.0000000000 9999.0000000000 9999.0000000000 9999.0000000000 9999.0000000000 9999.0000000000 9999.0000000000 9999.0000000000 168.7918243408 167.5898132324 166.7655487061 165.7725067139 164.2752227783 162.7853088379 162.4237823486 161.9645690918 160.8623809814
9999.0000000000 9999.0000000000 9999.0000000000 9999.0000000000 9999.0000000000 9999.0000000000 9999.0000000000 9999.0000000000 9999.0000000000 9999.0000000000 9999.0000000000 9999.0000000000 9999.0000000000 9999.0000000000 9999.0000000000 9999.0000000000 169.8665771484 169.7200927734 169.6325378418 170.0659637451 170.5604858398 170.5105285645 171.5674438477 9999.0000000000 9999.0000000000 9999.0000000000 9999.0000000000 9999.0000000000 9999.0000000000 9999.0000000000 9999.0000000000 168.9840850830 168.7770233154 168.8338317871 168.7966308594 167.1967315674 167.3506774902 167.6105804443 167.3203735352 167.7959442139 167.4032440186 166.9323425293 165.2453002930 163.8631439209 162.7362365723 162.0083923340 161.6152496338
9999.0000000000 9999.0000000000 9999.0000000000 9999.0000000000 9999.0000000000 9999.0000000000 9999.0000000000 9999.0000000000 9999.0000000000 9999.0000000000 9999.0000000000 9999.0000000000 9999.0000000000 9999.0000000000 9999.0000000000 9999.0000000000 9999.0000000000 9999.0000000000 9999.0000000000 9999.0000000000 9999.0000000000 9999.0000000000 9999.0000000000 9999.0000000000 9999.0000000000 9999.0000000000 9999.0000000000 9999.0000000000 9999.0000000000 9999.0000000000 174.2693023682 170.3451538086 169.0571594238 168.4435882568 167.4488525391 167.0057373047 167.2256927490 167.6451873779 168.6015625000 169.3707122803 168.5463409424 167.2806091309 167.5586090088 165.7293090820 164.2146911621 163.8038024902 163.1876678467
9999.0000000000 9999.0000000000 9999.0000000000 9999.0000000000 9999.0000000000 9999.0000000000 9999.0000000000 9999.0000000000 9999.0000000000 9999.0000000000 9999.0000000000 9999.0000000000 9999.0000000000 9999.0000000000 9999.0000000000 9999.0000000000 9999.0000000000 9999.0000000000 9999.0000000000 9999.0000000000 9999.0000000000 9999.0000000000 9999.0000000000 9999.0000000000 9999.0000000000 9999.0000000000 9999.0000000000 9999.0000000000 176.2622680664 175.5904693604 175.2483978271 170.5833129883 169.6733703613 168.8101196289 168.8242797852 168.1484832764 167.0942230225 166.9912872314 168.2734375000 168.9552917480 168.7775573730 169.0913848877 168.0284729004 166.8111114502 165.5245361328 164.4198303223 164.8607788086
9999.0000000000 9999.0000000000 9999.0000000000 9999.0000000000 9999.0000000000 9999.0000000000 9999.0000000000 9999.0000000000 9999.0000000000 9999.0000000000 9999.0000000000 9999.0000000000 9999.0000000000 9999.0000000000 9999.0000000000 9999.0000000000 9999.0000000000 9999.0000000000 9999.0000000000 9999.0000000000 9999.0000000000 9999.0000000000 9999.0000000000 9999.0000000000 9999.0000000000 9999.0000000000 9999.0000000000 175.6127014160 177.0756988525 178.2723846436 177.5964965820 176.3839569092 172.1788024902 171.1543426514 170.4094848633 169.7861785889 170.1195068359 169.0017547607 168.3237609863 168.3063659668 168.0155029297 168.1647644043 167.2905426025 166.3538360596 166.3176269531 165.2125396729 166.4259643555
9999.0000000000 9999.0000000000 9999.0000000000 9999.0000000000 9999.0000000000 9999.0000000000 9999.0000000000 9999.0000000000 9999.0000000000 9999.0000000000 9999.0000000000 9999.0000000000 9999.0000000000 9999.0000000000 9999.0000000000 9999.0000000000 9999.0000000000 9999.0000000000 9999.0000000000 9999.0000000000 9999.0000000000 9999.0000000000 9999.0000000000 9999.0000000000 9999.0000000000 9999.0000000000 9999.0000000000 174.9366607666 176.8113098145 177.8477478027 177.8064270020 177.8450317383 173.5974426270 172.4359130859 172.6142120361 171.1646575928 171.0281677246 169.5991363525 168.7547912598 168.2618255615 169.0629119873 168.2805328369 167.8141326904 166.3823852539 167.0434417725 167.2630004883 167.2299041748
9999.0000000000 9999.0000000000 9999.0000000000 9999.0000000000 9999.0000000000 9999.0000000000 9999.0000000000 9999.0000000000 9999.0000000000 9999.0000000000 9999.0000000000 9999.0000000000 9999.0000000000 9999.0000000000 9999.0000000000 9999.0000000000 9999.0000000000 9999.0000000000 9999.0000000000 9999.0000000000 9999.0000000000 9999.0000000000 9999.0000000000 9999.0000000000 9999.0000000000 9999.0000000000 9999.0000000000 9999.0000000000 9999.0000000000 176.8377227783 176.8413696289 176.9785919189 174.6699218750 173.7225952148 171.6646270752 171.1416320801 170.4293212891 169.2860260010 168.5462036133 168.4926757812 168.1347656250 168.6263732910 167.8740539551 167.3092498779 167.3447418213 167.9448242188 166.7158050537
9999.0000000000 9999.0000000000 9999.0000000000 9999.0000000000 9999.0000000000 9999.0000000000 9999.0000000000 9999.0000000000 9999.0000000000 9999.0000000000 9999.0000000000 9999.0000000000 9999.0000000000 9999.0000000000 9999.0000000000 9999.0000000000 9999.0000000000 9999.0000000000 9999.0000000000 9999.0000000000 9999.0000000000 9999.0000000000 9999.0000000000 9999.0000000000 9999.0000000000 175.6242218018 175.7517547607 175.8684997559 175.9057312012 175.8040008545 175.6672973633 175.6008300781 172.0383453369 171.7844085693 174.8149261475 170.6295928955 169.9666900635 170.8570861816 170.1237792969 169.2947845459 168.5790863037 168.8999633789 168.5588989258 169.2263336182 166.7114715576 165.2685699463 165.0332794189
9999.0000000000 9999.0000000000 9999.0000000000 9999.0000000000 9999.0000000000 9999.0000000000 9999.0000000000 9999.0000000000 9999.0000000000 9999.0000000000 9999.0000000000 9999.0000000000 9999.0000000000 9999.0000000000 9999.0000000000 9999.0000000000 9999.0000000000 9999.0000000000 9999.0000000000 9999.0000000000 9999.0000000000 9999.0000000000 9999.0000000000 9999.0000000000 9999.0000000000 174.3994445801 174.4201660156 174.4704589844 174.5001983643 9999.0000000000 9999.0000000000 174.1327819824 174.0617523193 174.0673980713 174.1787567139 174.0024871826 170.3768768311 170.0160522461 169.5635833740 169.6945343018 169.9467620850 169.6834259033 169.0605926514 168.0044555664 165.6147308350 166.0708465576 163.4465026855
9999.0000000000 9999.0000000000 9999.0000000000 9999.0000000000 9999.0000000000 9999.0000000000 9999.0000000000 9999.0000000000 9999.0000000000 9999.0000000000 9999.0000000000 9999.0000000000 9999.0000000000 9999.0000000000 9999.0000000000 9999.0000000000 9999.0000000000 9999.0000000000 9999.0000000000 9999.0000000000 9999.0000000000 9999.0000000000 9999.0000000000 9999.0000000000 9999.0000000000 9999.0000000000 9999.0000000000 9999.0000000000 9999.0000000000 9999.0000000000 9999.0000000000 9999.0000000000 9999.0000000000 9999.0000000000 9999.0000000000 9999.0000000000 169.3409118652 168.8397369385 168.8164978027 167.6745758057 169.0770416260 166.5407714844 168.2155761719 165.1772613525 163.9892272949 164.5392761230 161.0434875488
9999.0000000000 9999.0000000000 9999.0000000000 9999.0000000000 9999.0000000000 9999.0000000000 9999.0000000000 9999.0000000000 9999.0000000000 9999.0000000000 9999.0000000000 9999.0000000000 9999.0000000000 9999.0000000000 9999.0000000000 9999.0000000000 9999.0000000000 9999.0000000000 9999.0000000000 9999.0000000000 9999.0000000000 9999.0000000000 9999.0000000000 9999.0000000000 9999.0000000000 9999.0000000000 9999.0000000000 9999.0000000000 9999.0000000000 9999.0000000000 9999.0000000000 9999.0000000000 9999.0000000000 9999.0000000000 9999.0000000000 9999.0000000000 168.0563049316 167.9660491943 166.6763610840 166.0551910400 165.7772521973 165.5766906738 165.0109558105 163.1502227783 162.5702056885 161.9674835205 159.4826660156
