model_inputs/inputs/rsds4.asc
ncols 720
nrows 360
xllcorner -180
yllcorner -90
cellsize 0.500000
NODATA_value 9999.000000
[rows 42 to 62 of 360, columns 517 to 563 of 720]
147.8421478271 147.4287261963 146.8435821533 146.7647705078 146.2289581299 146.1717376709 146.5483703613 145.8298797607 146.2584686279 146.1321716309 145.9718322754 145.8348693848 145.6728973389 145.5482330322 145.7420806885 146.3084716797 146.0417175293 146.0615844727 145.8812866211 143.8176422119 143.9020996094 142.8743286133 142.9184875488 142.2488861084 142.6049041748 142.9232330322 144.2872924805 144.6317901611 145.6851806641 146.4699554443 147.4123229980 149.3704071045 150.2808685303 153.9391479492 154.6368408203 155.3294830322 156.0050811768 156.1682739258 156.4066162109 156.5146636963 156.4920196533 154.7913513184 154.5335998535 154.4639282227 152.9526977539 151.6179351807 150.1884918213
147.7501831055 147.8020477295 147.9585266113 148.2958679199 149.1169891357 148.4083709717 148.8596954346 148.8618011475 148.4622497559 148.5730895996 148.2015380859 147.5485382080 147.9455566406 147.8588409424 147.6727294922 148.2695007324 147.4929656982 147.0403289795 146.7769622803 146.8408050537 146.1606597900 145.4711914062 146.2223510742 145.7492980957 145.6864318848 145.8469696045 145.7120666504 146.6284942627 147.1766662598 147.8096466064 149.8781127930 150.4466247559 150.8727264404 154.3874053955 155.2485809326 155.6840972900 156.7134857178 157.4174194336 157.4542236328 157.8664245605 158.2926025391 157.6072082520 158.2664947510 157.5213165283 155.1097106934 154.6696014404 153.4011688232
149.4293975830 149.6498413086 149.3520355225 149.9980010986 150.6283264160 150.5676727295 150.8596191406 150.5802459717 150.6262207031 150.5145721436 150.2717437744 149.9777221680 149.6285552979 149.3989715576 149.5615081787 149.4731140137 149.0081024170 148.8815155029 148.7351226807 148.0699310303 148.0175018311 148.2056884766 148.2976074219 147.0163269043 147.2713928223 147.2624359131 147.3946380615 148.5437011719 148.7039031982 149.4173431396 150.2720336914 151.2213897705 153.9432067871 155.1200714111 156.3549804688 157.0688171387 157.6123199463 158.4889678955 158.9397583008 159.4011688232 159.8201141357 160.1798400879 160.2923736572 159.7288360596 159.3781127930 157.5886535645 155.4828643799
153.5479278564 153.5371246338 153.5509033203 150.8798980713 151.0938262939 151.3678894043 151.9021301270 151.9020233154 151.8168792725 151.7072906494 151.6242523193 151.3646545410 151.1690368652 151.2615966797 150.5800781250 151.0987854004 150.6188354492 150.1509552002 150.0685272217 149.6824188232 149.8997650146 149.8310241699 150.5462951660 149.5321960449 149.2488098145 149.6135253906 149.7454528809 150.0113983154 150.4699249268 150.9639587402 151.5380706787 154.5495452881 155.3148498535 156.1726074219 156.9321746826 157.7101440430 158.5079650879 159.1495666504 159.7325897217 160.3247833252 160.8462677002 161.0495910645 162.3910369873 162.3248138428 160.9144744873 159.8237762451 158.3884887695
155.0563354492 154.8636779785 154.8252868652 154.9465637207 154.7406463623 154.8783569336 152.6827545166 153.0133056641 152.9744262695 153.1067199707 152.8854370117 152.6385345459 152.4589080811 152.1872253418 152.2837219238 152.5470275879 152.1377105713 152.3917083740 152.4882507324 153.0825500488 152.0375213623 151.2617950439 151.6730041504 151.7890472412 152.1291809082 151.9568176270 151.4284515381 152.0216369629 154.7952270508 155.2041931152 155.6785125732 156.0603027344 156.8448791504 157.3929138184 157.9827728271 158.6627197266 159.2213745117 159.8499603271 160.3321533203 160.8776702881 161.5022888184 162.0027923584 162.3463592529 162.6216125488 162.5481109619 161.6680755615 160.0398864746
156.4169921875 156.4418334961 156.3807220459 156.2936401367 156.4543151855 156.5015869141 156.4339599609 156.5610504150 156.5715026855 156.3989715576 156.3276062012 156.2645874023 154.1226501465 153.9640045166 154.7043151855 154.2346343994 155.1261138916 154.7551879883 155.4491119385 154.7328033447 154.9233551025 154.6911468506 154.3404846191 154.4127655029 156.2324829102 156.1614685059 156.5703735352 156.8676605225 156.7868194580 157.3014831543 157.8624877930 157.8548431396 158.4225616455 159.2193298340 159.3201141357 159.9087829590 160.2711486816 160.7339477539 161.3254394531 161.4783020020 161.7562561035 161.8180847168 161.5531311035 161.2041473389 161.4097595215 160.6216278076 160.2630004883
157.9175872803 157.9045867920 157.7621307373 157.9988403320 158.0844879150 158.0339050293 158.2301635742 158.2947540283 158.2382812500 158.4262847900 158.3574066162 158.1219940186 158.2554626465 158.2129211426 158.0830688477 158.2631072998 158.2265930176 158.0024719238 158.1939697266 158.1379852295 157.8705596924 158.0566101074 158.0650482178 157.8189086914 158.1435546875 158.3121337891 158.3503265381 158.7261047363 158.9392547607 159.0581054688 159.6253814697 159.9490356445 160.1165466309 160.7735748291 161.1777191162 161.3809967041 161.9098968506 162.2380676270 162.3233184814 160.4521942139 161.9400482178 161.1193542480 160.5866851807 160.5583038330 160.9740905762 159.6286010742 160.3898315430
158.9728393555 158.9654541016 159.1021423340 159.0596923828 159.1985778809 159.4175567627 159.4492645264 159.5289306641 159.7624511719 159.7084960938 159.7593383789 159.9492034912 159.7965393066 159.9376068115 160.2418823242 160.0114440918 160.0609283447 160.2084960938 159.8710479736 159.6733856201 159.7656097412 159.5720062256 159.4888000488 159.4720306396 159.5562286377 159.6509094238 159.9658203125 160.1101379395 160.2903289795 160.6634521484 160.8283386230 161.1857757568 161.7056274414 161.9232482910 162.3088073730 162.2194824219 161.6978912354 161.5052032471 161.7835083008 161.4015045166 160.7764739990 161.0547180176 160.5744628906 159.8130950928 159.5294799805 158.7602233887 158.8104095459
160.2029266357 160.0119323730 159.9581451416 159.9493713379 160.0734710693 160.1683807373 160.3268737793 160.3268890381 160.5375366211 160.6736145020 160.8700561523 160.9566650391 161.0597381592 161.2545928955 161.3355712891 161.2808074951 161.4088897705 161.3655395508 161.2192840576 161.0343475342 161.0461425781 160.8547363281 160.9737091064 160.7851257324 160.7267761230 160.9162292480 161.0522003174 161.3392028809 161.3021697998 161.5555267334 161.8786010742 162.1826171875 162.5979309082 161.1198577881 161.9279785156 161.7398376465 161.9435729980 162.0608062744 162.7180175781 162.4224395752 161.8556060791 160.8960723877 159.6920013428 159.2528228760 158.8258361816 158.3301239014 158.5038909912
160.6610107422 160.5270385742 160.3239440918 160.0554199219 160.1054382324 160.1776733398 160.1358489990 160.3030242920 160.4697418213 160.5327453613 160.7650604248 160.9118347168 160.7774200439 160.9903564453 161.1459350586 161.0039672852 161.0683898926 161.2871704102 161.3483123779 161.3602294922 161.5528106689 161.7413940430 161.7393035889 161.7405548096 161.8365783691 161.8740997314 161.7469787598 161.7006225586 161.7897338867 161.7930297852 161.8843994141 160.3472595215 160.7895965576 161.7635803223 162.0832519531 162.6438751221 162.2599639893 162.1168212891 162.3212127686 161.3660888672 160.5866699219 160.4849395752 159.9547271729 159.1541137695 158.5935363770 158.8018341064 159.0420074463
161.2855224609 160.5880584717 160.0827789307 159.7398529053 159.3936004639 159.2879638672 159.3093109131 159.3744049072 159.4316101074 159.5257263184 159.6022796631 159.5104827881 159.3965148926 159.2761383057 159.2889862061 159.2926788330 159.3518066406 159.7683105469 160.1322021484 160.5990905762 161.1536407471 161.6996154785 162.0726165771 162.1983184814 162.3326721191 162.2136383057 161.9212341309 161.6243438721 161.3864135742 161.2099151611 159.5885467529 160.3927154541 160.3712310791 160.2621765137 160.0740356445 160.5686340332 161.2695465088 161.3336944580 161.4083404541 161.2405548096 160.9843444824 160.9527435303 160.7742614746 160.5865173340 160.6895599365 160.4264221191 160.9071350098
161.2597656250 160.6184844971 159.8948822021 159.4912261963 158.6803588867 158.4431457520 158.4141082764 158.2824401855 158.4349365234 158.3847351074 158.3497467041 158.2796783447 158.0979156494 157.5662078857 157.5920715332 157.2820587158 157.5211486816 158.5851287842 158.9959411621 159.7815551758 161.0240325928 161.6497192383 162.1641998291 162.2472381592 162.5101928711 162.2443084717 161.6743011475 161.3392486572 157.8671417236 157.3934631348 157.0339508057 157.4726104736 158.5931396484 158.2147674561 158.7143707275 159.9915924072 160.0170593262 160.6259307861 160.5813598633 160.4547729492 160.1597290039 159.7269744873 160.4869537354 160.6812286377 160.5646057129 161.1781463623 161.6741333008
162.4802093506 161.0330352783 156.1281127930 155.3117065430 155.0877838135 154.7128753662 155.1060485840 154.9105529785 155.0910949707 154.9920959473 154.9668884277 154.6974792480 154.2431945801 154.0620269775 153.8520202637 153.6932983398 154.1531219482 154.8050231934 158.4713439941 159.5433959961 160.4049377441 161.5551147461 162.5317535400 162.8513641357 162.9983520508 162.5809936523 158.0303039551 157.8811035156 156.8167419434 156.7106170654 156.4842987061 156.5668182373 157.2561035156 157.6670837402 158.2757415771 159.0709533691 160.4351654053 160.1038818359 160.9556732178 160.5548400879 161.1329803467 161.0679931641 161.6213378906 162.2008209229 162.8339538574 163.2635650635 163.7059783936
160.2357025146 158.5261840820 156.8594818115 156.1476898193 155.4261779785 156.0396728516 155.0269622803 155.6175689697 155.8091278076 155.5159301758 155.8280029297 155.6092224121 155.9103546143 155.7101440430 155.4867401123 155.7083129883 155.4842834473 155.9997100830 156.4450378418 157.2882690430 158.4815673828 158.4229431152 159.1823577881 159.5524749756 159.1811218262 158.3846740723 159.1035614014 159.0308685303 158.0342407227 158.8303833008 159.1280059814 159.2182159424 158.8281555176 158.7266845703 159.2006530762 159.8633117676 160.5952301025 161.8769226074 161.7283630371 162.8324432373 163.3736114502 162.7080383301 163.4329071045 164.4631042480 164.6446990967 165.0207672119 165.5104522705
161.3783874512 159.5525512695 158.2387390137 157.9942626953 157.4094543457 156.4684143066 156.1452484131 156.3764190674 156.5844573975 157.4942016602 157.9312133789 157.7742004395 158.0311431885 157.9822540283 158.3160247803 158.8837738037 158.3761749268 158.5484619141 158.8880767822 159.3344116211 159.4536895752 160.0368652344 159.7805786133 159.7847747803 159.4803161621 159.3053741455 159.5256958008 159.2768859863 159.9288482666 159.7079925537 159.7000579834 160.1413574219 160.8271026611 161.3376312256 161.4545135498 161.9855804443 162.8770751953 162.9033813477 164.2841033936 164.4850769043 164.4790802002 164.9977264404 165.1895446777 166.0502014160 166.7024230957 166.3051147461 166.7744903564
162.3581390381 161.7149963379 160.7696533203 159.6582183838 159.1944580078 159.0916137695 158.8640747070 158.8494720459 159.0227966309 159.0621643066 160.4598388672 159.6380004883 160.1481323242 160.3814697266 161.0781250000 161.7673034668 161.7424011230 161.5846862793 161.6180725098 161.2313537598 161.4166412354 160.7426452637 161.3377227783 161.1471405029 160.2116394043 160.7315673828 160.9035644531 160.1989440918 160.1989288330 160.8529357910 161.5281524658 162.0120849609 162.5992584229 164.5162200928 164.1455535889 163.7838134766 165.0933685303 165.3933715820 166.2638702393 166.9459991455 167.0983428955 166.4890441895 168.0269470215 168.3962860107 168.6789550781 168.4902801514 168.1853485107
163.7158813477 162.7072906494 162.7446289062 161.1971588135 161.1986999512 161.2433471680 160.4366760254 160.8442382812 160.8480682373 161.4018859863 161.8902435303 163.3803253174 163.1031951904 162.6130828857 162.6269073486 164.0333862305 162.9844970703 162.9517669678 163.2684326172 162.7541046143 162.5873413086 162.1390533447 161.5562286377 161.4306793213 161.4560241699 161.9592742920 162.8040771484 161.9781951904 162.4943847656 163.1696166992 163.2820739746 163.9267578125 164.6753540039 165.3446960449 167.2870788574 167.2530670166 167.6091766357 167.6257629395 168.2923583984 169.4445648193 169.0470428467 168.9250488281 169.9702301025 170.4432525635 170.7681579590 170.8339233398 170.0955810547
164.1282806396 164.1682434082 163.4384460449 162.7069244385 163.2167205811 163.0985870361 163.3227539062 163.1970825195 162.9277343750 163.6155700684 163.5203247070 163.6881256104 163.9307250977 164.8244781494 164.7099151611 164.5712738037 164.1056823730 165.1043853760 164.3419036865 165.3670043945 164.1796875000 163.9420776367 163.5785827637 163.0977935791 164.0320892334 164.0422058105 164.0867004395 163.6700592041 164.6071777344 164.6622772217 165.2724609375 165.8843078613 166.5317382812 167.1271972656 168.1788635254 168.8441162109 170.0090332031 171.1734924316 171.3583374023 172.0655517578 171.7916259766 172.3097686768 172.0615081787 171.9851226807 171.9268646240 171.9702301025 171.8549804688
165.0069122314 164.7564392090 165.2669525146 165.3183288574 164.7550048828 165.2712249756 164.8305511475 163.9744720459 164.3649902344 164.3768615723 164.4682922363 165.1765899658 164.8487854004 165.5438995361 165.7809295654 166.2737731934 166.0714721680 165.6868896484 164.9788055420 165.1031494141 165.2809600830 165.9187011719 165.3419342041 164.8750152588 166.5364532471 166.0951232910 166.0612945557 165.7565765381 166.1189880371 166.5037231445 167.7095642090 168.0574188232 168.9150085449 169.9903259277 171.0391387939 171.6684875488 172.4857177734 173.5288543701 173.6224822998 174.0009460449 173.9702453613 174.5581817627 174.4409332275 173.9794769287 174.1149139404 173.7097778320 173.8040771484
165.7589874268 166.6398925781 165.8562164307 166.1193389893 166.3042144775 166.7971801758 166.4265441895 166.3004913330 166.1607818604 166.5657653809 166.4868011475 165.9558258057 166.2938995361 166.4142150879 166.6250305176 166.7447662354 167.5896911621 166.8614654541 166.8646240234 166.5485076904 166.2325897217 166.3726959229 166.6537933350 166.6094512939 168.4022216797 168.3219146729 167.6632995605 168.5510864258 169.2270507812 169.8178405762 169.8893432617 171.0885009766 171.1757507324 172.4015045166 172.9178924561 174.1300048828 175.0439758301 174.8583679199 174.7359619141 174.4120635986 174.8809661865 175.9794158936 176.2021026611 175.9813690186 175.7219696045 175.0573272705 175.6288146973
167.5418395996 167.1367645264 167.7968444824 169.2317199707 169.2707672119 169.2614746094 169.1916809082 169.1616668701 168.2973480225 168.6625366211 169.7282562256 169.4557800293 168.6157989502 168.4896850586 168.3143768311 168.4684906006 168.1019897461 168.3458862305 168.2384948730 167.9292907715 167.8350830078 167.2455291748 168.2424163818 168.0882568359 169.1343078613 169.3349456787 169.4225006104 170.0172424316 169.4884796143 170.4096679688 171.8389587402 172.6285400391 173.6865081787 174.8803863525 175.3356781006 176.3936614990 176.3638000488 176.9436798096 176.8184204102 176.9623413086 176.9232635498 177.8759460449 178.1771240234 177.9863891602 177.5543975830 178.0058288574 177.8514556885
