model_inputs/inputs/rsds12.asc
ncols 720
nrows 360
xllcorner -180
yllcorner -90
cellsize 0.500000
NODATA_value 9999.000000
[rows 42 to 62 of 360, columns 470 to 516 of 720]
9999.0000000000 0.0003729282 0.0002584975 0.0000119768 0.0000000045 0.0000316724 0.0000000045 0.0000000045 0.0000548717 0.0000284710 0.0000000045 0.0000470332 0.0001472071 0.0000000045 0.0000000045 0.0001525260 0.0000000045 0.0000000045 0.0001187151 0.0000531969 0.0000000045 0.0000684579 0.0001051545 0.0000000045 0.0000000045 0.0001041231 9999.0000000000 0.0000000045 0.0001255010 0.0000533405 0.0000000045 0.0000757771 0.0001108552 0.0000000045 0.0003431479 0.0008575380 0.0010551463 0.0011078323 9999.0000000000 0.0003128918 0.0000000045 0.0000575607 0.0001548314 0.0000000045 0.0000000045 0.0001865837 0.0000000045
0.0115394108 0.0114182504 0.0107276198 0.0112272426 0.0122373300 0.0114365788 0.0103916815 0.0110684484 0.0104470626 0.0128391236 0.0117671657 0.0123362476 0.0104593681 0.0111208688 0.0105447071 0.0108764116 0.0125583215 0.0111379065 0.0110097677 0.0131066907 0.0125369169 0.0115276882 0.0132945450 0.0137973735 0.0142958406 0.0124254180 0.0124042043 0.0132591473 0.0120795490 0.0140902782 0.0133994622 0.0117626758 0.0131740123 0.0139122708 0.0139723932 0.0141506884 0.0132954493 0.0125019383 0.0114435283 0.0119237723 0.0127663845 0.0133914910 0.0113847684 0.0122123491 0.0116838133 0.0121456375 0.0140306866
0.0380727015 0.0374422483 0.0416090637 0.0400459915 0.0423205309 0.0429170020 0.0380198807 0.0447618403 0.0459905751 0.0390015207 0.0407798477 0.0402428173 0.0448902920 0.0414834991 0.0428496376 0.0442948230 0.0388779603 0.0402599201 0.0482503027 0.0512183383 0.0465793833 0.0537555143 0.0492564477 0.0465754718 0.0483243838 0.0519718826 0.0514725223 0.0513115861 0.0541961230 0.0468062647 0.0460466743 0.0528544076 0.0488470346 0.0434607603 0.0477720574 0.0494140014 0.0499034859 9999.0000000000 9999.0000000000 0.0428305492 0.0444898829 0.0442859568 0.0506860428 0.0468630455 0.0494393967 0.0502461009 0.0432779826
0.0832684785 0.0825017691 0.0818528458 0.0824810863 0.0802657157 0.0833026394 0.0832665935 0.0848487318 0.0840520188 0.0850899145 0.0867417008 0.0832452103 0.0835174620 0.0868891478 0.0877068639 0.0880903453 0.0895263553 0.0911664814 0.0878789127 0.0901145115 0.0926816016 0.0945776403 0.1004595309 0.1063721180 0.1051566228 0.1086719334 0.1103078052 0.1053173840 0.1022015363 0.1028337330 0.1043866351 0.0985425934 0.0988267958 0.1025652289 0.1011726037 0.0984833837 9999.0000000000 9999.0000000000 0.0954969749 0.0963400602 0.1006151065 0.0985598639 0.0999251828 0.1068557426 0.0984274745 0.0998433083 0.1024648473
0.2276468724 0.2178527415 0.2257814258 0.2155392021 0.2106886655 0.2207201570 0.2099335045 0.2168370634 0.2227524519 0.2185981423 0.2288066000 0.2375637293 0.2522187829 0.2464045286 0.2484681606 0.2562128007 0.2432883829 0.2503524423 0.2715220153 0.2570810914 0.2625243068 0.2550465763 0.2546276450 0.2557616532 0.2565261722 0.2620885670 0.2532890141 0.2468996942 0.2543140650 0.2359922528 0.2475055307 0.2557448447 0.2413271964 0.2438654453 9999.0000000000 0.2377469987 0.2387036979 0.2434243262 0.2496752590 0.2522828877 0.2506020963 0.2574358881 0.2429736406 0.2480066419 0.2700150907 0.2482697368 0.2549196482
0.3939311802 0.3811618984 0.3725695014 0.4328399301 0.4168003798 0.4131461978 0.4132965505 0.4319767952 0.4276210368 0.4642220140 0.4687253237 0.4584298432 0.4837647378 0.4863984883 0.4882039428 0.4656796455 0.5014948845 0.4940787852 0.4716739953 0.4676989019 0.4600709081 0.4299786091 0.4353486001 0.4386747777 0.4119903147 0.3939835727 0.4021780789 0.4017280638 0.4058333933 0.4002686441 0.3940910697 0.4034370184 0.4152072966 0.3926060200 0.4260671139 0.4010266960 0.4235562384 0.3990778625 0.3826526701 0.4143314362 0.4091070592 0.3994903564 0.4283475280 0.4248601198 0.4147248864 0.4313593805 0.4282781184
0.5962235332 0.5599549413 0.6154977679 0.6389933825 0.6374785304 0.6688004136 0.6377585530 0.6554127336 0.6954534650 0.7116935253 0.6884661317 0.7183491588 0.7235413790 0.6560122967 0.6828203797 0.6862465739 0.6636179686 0.6810571551 0.6796087027 0.6943230033 0.6658475399 0.6757380366 0.6399502158 0.6727646589 0.6661772728 0.6146209836 0.6517645121 0.6323966384 0.6059732437 0.6326166391 0.6386991143 0.6036031246 0.6308427453 0.6363818645 0.6064937115 0.6365123391 0.6290172935 0.5787854791 0.6240928769 0.6020574570 0.5531108379 0.5790101886 0.5641366839 0.5393654704 0.5582275391 0.5683316588 0.5476438403
0.7765499353 0.8117639422 0.8093913794 0.8066110611 0.8225681782 0.8211172223 0.8431856036 0.8811353445 0.8338688016 0.8740515113 0.8718988895 0.8548141718 0.8702507615 0.9173963070 0.8956639171 0.9521182775 0.9707500935 0.9429413080 0.9002218843 0.9116457105 0.8674091697 0.8265119791 0.8766000271 0.8471202254 0.8121378422 0.8248691559 0.8350784183 0.8114899993 0.8507854939 0.8230420947 0.8364996910 0.8405898213 0.8246555328 0.8412603736 0.8447314501 0.8240966797 0.8118613958 0.8291857839 0.7907704115 0.7914690971 0.8011748791 0.7460834980 0.7496516109 0.7444357872 0.7262891531 0.7371366024 0.7554572821
0.9488534927 0.9682147503 0.9823058248 0.9621871710 0.9853212237 1.0035163164 0.9901380539 1.1170448065 1.1070206165 1.1198799610 1.1204029322 1.1339499950 1.1931025982 1.2175064087 1.2152978182 1.2467689514 1.2141041756 1.1980097294 1.1539623737 1.1684043407 1.1277806759 1.1656517982 1.1774109602 1.1436398029 1.1092699766 1.1040406227 1.0415370464 1.0691672564 1.0611070395 1.0618512630 1.0361886024 1.0677659512 1.0585343838 1.0928603411 1.0709261894 1.1122950315 1.0375381708 1.0648272038 1.0614259243 1.0446271896 1.0501546860 1.0096256733 0.9911892414 0.9769279361 0.9962670803 0.9572850466 0.9753794074
1.2404962778 1.2051770687 1.1660555601 1.1780003309 1.1831698418 1.1988440752 1.2638802528 1.3306242228 1.3455365896 1.3178005219 1.3851172924 1.4807198048 1.4964294434 1.5011116266 1.5445699692 1.5481626987 1.5112909079 1.4943896532 1.4756919146 1.4242098331 1.4266160727 1.4648060799 1.4246922731 1.4403920174 1.4058920145 1.3783173561 1.4212034941 1.3752883673 1.3354479074 1.3742245436 1.3292967081 1.3281285763 1.3546283245 1.3171252012 1.3247860670 1.3266935349 1.3773047924 1.3428431749 1.3567013741 1.3734743595 1.3369811773 1.3228437901 1.2950311899 1.3064663410 1.2959494591 1.3303675652 1.3017498255
1.3886725903 1.3640764952 1.3670463562 1.3861932755 1.4190310240 1.4618226290 1.5268776417 1.6069406271 1.6813951731 1.6489158869 1.6751420498 1.7144352198 1.7596269846 1.7381221056 1.7798517942 1.7675161362 1.7278763056 1.7053576708 1.6758189201 1.6535159349 1.6891832352 1.7145289183 1.6914595366 1.6773624420 1.6663043499 1.6922466755 1.7013307810 1.7089766264 1.6828349829 1.6708054543 1.6372755766 1.6516234875 1.6678699255 1.6852184534 1.7010053396 1.6487191916 1.6506643295 1.6576982737 1.6472836733 1.6317888498 1.6274211407 1.5933492184 1.6274013519 1.5750496387 1.5478429794 1.5390262604 1.6284118891
1.5811995268 1.5336580276 1.5561305285 1.6066662073 1.5973113775 1.6938775778 1.7706154585 1.8040373325 1.9596351385 2.0291056633 2.0121369362 2.0981361866 2.0661251545 2.0548069477 2.0416030884 2.0353729725 1.9284352064 1.8940013647 1.8434625864 1.9091664553 1.9520888329 1.9129723310 1.9455370903 1.9196628332 1.9039294720 1.9630650282 1.9890625477 1.9260256290 1.9624620676 1.9534546137 1.8801527023 1.9325982332 1.9233703613 1.9536634684 1.9919619560 1.9737362862 1.9621962309 2.0300955772 1.9919136763 2.0220918655 2.0180840492 1.9741250277 1.9450515509 1.9575244188 1.9194413424 1.9552965164 1.9119120836
1.8866125345 1.8592939377 1.7947126627 1.8858250380 1.9084959030 2.0203981400 2.1814846992 2.1782228947 2.3600883484 2.4041540623 2.3756294250 2.4334249496 2.4056079388 2.4659466743 2.3968708515 2.2924296856 2.2756950855 2.2236065865 2.2742922306 2.2647254467 2.2729132175 2.3114397526 2.2818548679 2.2291567326 2.3213856220 2.3311309814 2.3585436344 2.3494768143 2.3743171692 2.2640879154 2.3157918453 2.3208489418 2.2705531120 2.3953354359 2.3801510334 2.4013886452 2.4202132225 2.3932728767 2.4244477749 2.4145722389 2.3671517372 2.3948206902 2.3635144234 2.3226885796 2.3463156223 2.3122770786 2.2700123787
2.1891443729 2.2134549618 2.1639511585 2.2245831490 2.3054964542 2.4052851200 2.6394407749 2.7464339733 2.8486931324 2.9145567417 2.9248356819 2.9432404041 2.9288408756 2.8821086884 2.8268117905 2.7912549973 2.6947715282 2.6780772209 2.6307258606 2.6893501282 2.7572319508 2.6831517220 2.6924421787 2.7294569016 2.7729179859 2.7611048222 2.7634358406 2.7523374557 2.7023365498 2.6910874844 2.7918460369 2.7146034241 2.7189931870 2.7388696671 2.6863944530 2.7166781425 2.6887724400 2.7029318810 2.7324738503 2.7892129421 2.7991220951 2.8027749062 2.7712993622 2.7502212524 2.7298159599 2.6919600964 2.7294197083
2.5364460945 2.5231556892 2.5017750263 2.6111786366 2.6937429905 2.8572063446 3.0672314167 3.1862671375 3.3578450680 3.4556338787 3.5784428120 3.5093147755 3.4513995647 3.4576077461 3.4171035290 3.3064484596 3.2701122761 3.1975164413 3.1784410477 3.2302227020 3.1970350742 3.2251780033 3.2821638584 3.2930002213 3.2415311337 3.2711718082 3.2837867737 3.2881219387 3.2600715160 3.2434451580 3.1791770458 3.1451735497 3.1279807091 3.1470456123 3.0977730751 3.0712654591 3.0794508457 3.0798044205 3.0642776489 3.0938508511 3.1320269108 3.1461207867 3.2064559460 3.1291506290 3.1455760002 3.1261103153 3.0897333622
2.8869996071 2.9144263268 2.8769979477 2.9476015568 2.9989194870 3.2603509426 3.4975943565 3.6979959011 3.9522757530 3.9104423523 4.0543947220 4.2030568123 4.1957674026 4.1171970367 3.9409453869 3.8429775238 3.8221194744 3.8501579762 3.7844965458 3.8247816563 3.7671613693 3.7636585236 3.7951064110 3.7981095314 3.8113632202 3.7332861423 3.7780930996 3.7703895569 3.8458292484 3.7894029617 3.7192401886 3.6723611355 3.5564610958 3.6388323307 3.5458078384 3.5490889549 3.4858410358 3.4911761284 3.4848308563 3.5298261642 3.5873010159 3.5992472172 3.6483774185 3.6618778706 3.5507569313 3.6334705353 3.5770535469
3.3996071815 3.3517560959 3.3505301476 3.4605672359 3.5094978809 3.7571408749 3.9753906727 4.0815262794 4.4458312988 4.6856236458 4.8395485878 4.8677067757 4.8975272179 4.6409349442 4.6134996414 4.4066815376 4.4271426201 4.4509253502 4.3614306450 4.4051208496 4.3725371361 4.2308378220 4.2890849113 4.2886023521 4.2710924149 4.2339138985 4.2428774834 4.2540583611 4.2380566597 4.1943349838 4.1654639244 4.1720452309 4.1785640717 4.1500859261 4.0865921974 4.0522866249 4.0517988205 4.0395374298 4.0618619919 4.0251646042 4.0954518318 4.1684107780 4.1560416222 4.1402873993 4.1350140572 4.1377654076 4.1761274338
3.7502794266 3.6883876324 3.7335348129 3.7777917385 3.9100537300 4.0820970535 4.3752698898 4.6623473167 4.9616398811 5.3309140205 5.4357676506 5.4159660339 5.3910551071 5.3044853210 5.1096963882 4.9341602325 4.9092769623 4.8365998268 4.7633028030 4.7542867661 4.8965244293 4.9478216171 4.8871750832 4.8819341660 4.7897953987 4.7422432899 4.7370448112 4.6550440788 4.6781992912 4.6646780968 4.6322050095 4.6138000488 4.5613384247 4.5186309814 4.5739512444 4.5915021896 4.5959105492 4.5957202911 4.6045737267 4.4827027321 4.5291614532 4.5362725258 4.5359530449 4.5067462921 4.5546302795 4.5657691956 4.5738210678
4.2462282181 4.2381277084 4.1951112747 4.3000941277 4.4386363029 4.5961332321 4.8594479561 5.3662419319 5.6925573349 5.7631311417 6.0545635223 6.0510702133 6.0207414627 5.9693026543 5.8470811844 5.7332148552 5.4842319489 5.4428062439 5.4343309402 5.3314356804 5.3635668755 5.2957057953 5.4277710915 5.3477487564 5.2728404999 5.2353410721 5.1448335648 5.1438589096 5.0741267204 4.9658379555 4.9814391136 4.9292130470 4.9377689362 4.9472346306 4.9523129463 5.0767655373 5.0083079338 5.0364842415 5.1220974922 5.0382833481 5.1230936050 5.0874714851 5.1812157631 5.1352219582 5.0514016151 5.1427268982 5.1416006088
5.0438237190 4.8985910416 4.8138303757 4.9099268913 5.0126218796 5.1528396606 5.4816427231 5.9271278381 6.1516728401 6.4827184677 6.7787594795 6.7783002853 6.8220791817 6.6783719063 6.6026124954 6.4285407066 6.3823738098 6.1848855019 6.1317749023 6.2791018486 6.1622724533 6.1886157990 6.2976517677 6.2050209045 6.0548009872 5.8974003792 5.9123396873 5.7127690315 5.5166950226 5.6381654739 5.5699791908 5.6175169945 5.7008662224 5.6664319038 5.5992202759 5.6108570099 5.6355638504 5.7215051651 5.7277445793 5.6703567505 5.6804161072 5.6825461388 5.7771449089 5.8321862221 5.7827944756 5.8052949905 5.8135118484
5.6135916710 5.5779867172 5.5793313980 5.5904645920 5.6663374901 5.8128867149 6.3138747215 6.6189718246 6.7876467705 7.1701102257 7.3876342773 7.5284357071 7.4415817261 7.4078350067 7.4732942581 7.2279353142 7.3070359230 7.1725707054 7.1837072372 7.1305356026 7.0421619415 7.0924210548 7.0089521408 6.9950032234 6.8462438583 6.7080769539 6.5682859421 6.4566597939 6.3444080353 6.1970500946 6.2376604080 6.2654376030 6.2501277924 6.2644457817 6.2774181366 6.2801146507 6.2991409302 6.3875236511 6.4078273773 6.3834137917 6.3742265701 6.3673739433 6.4533576965 6.4646315575 6.4764380455 6.4912395477 6.4999122620
