model_inputs/inputs/rsds12.asc
ncols 720
nrows 360
xllcorner -180
yllcorner -90
cellsize 0.500000
NODATA_value 9999.000000
[rows 84 to 104 of 360, columns 470 to 516 of 720]
38.0481300354 38.4378471375 38.2670974731 38.6762428284 38.7227020264 39.0805969238 39.0708503723 39.7647933960 40.1586990356 40.9810485840 41.1568222046 42.0145721436 42.3523025513 42.5904731750 42.3598251343 42.8935508728 42.6205101013 42.8029747009 42.7949295044 42.7930908203 42.7597503662 42.9809265137 43.0825119019 43.4028167725 43.7689285278 43.8196334839 44.1263694763 43.4842414856 43.5749893188 43.3038330078 43.5076179504 43.6871681213 43.8969993591 43.9609870911 44.9892883301 44.8590278625 45.8763694763 46.0073623657 46.9059486389 46.9477958679 47.4368400574 47.3077621460 47.7461242676 47.4657440186 47.8380928040 47.5327987671 47.3686408997
39.9363136292 40.3050346375 40.5330772400 40.7117385864 41.2025451660 41.3411827087 41.8070678711 42.4237785339 43.0159187317 44.1575202942 45.0056266785 45.5648536682 45.7781524658 45.7426528931 45.5283241272 45.7278366089 45.4383316040 45.1260147095 45.3789329529 45.2273750305 45.6315078735 45.8812561035 45.6232566833 45.7704086304 46.1329727173 46.3671646118 45.9670219421 46.2330436707 45.7598075867 45.7503166199 46.1040077209 46.1950836182 46.5391044617 46.7276611328 46.9393348694 47.5820007324 48.4598731995 49.1653556824 49.4238357544 49.5833015442 49.9496192932 49.8352432251 49.5191154480 49.9055786133 49.4528045654 49.0935630798 49.3433799744
41.8529663086 41.8836097717 42.4174232483 42.6741714478 43.1917495728 43.5077209473 44.4623680115 44.8035049438 45.8685455322 47.1696205139 47.9683723450 48.5166625977 49.2519836426 49.4385681152 49.1066932678 48.0548362732 47.8614120483 47.4094772339 47.8179740906 47.7210044861 47.9049720764 47.9514350891 48.2768592834 48.4919471741 48.2730484009 48.7423439026 48.5986328125 48.4314422607 48.2017021179 48.4405784607 48.3199005127 48.6572113037 48.8102722168 48.9697303772 49.1018867493 50.0361785889 50.6395301819 51.5873413086 52.1935653687 51.6411857605 51.9035415649 52.4879913330 52.3697242737 51.7389793396 51.5241470337 51.5184822083 51.6601219177
43.3503074646 43.8428115845 44.1160697937 44.4033546448 44.9037666321 45.4520568848 46.3527412415 47.0320091248 48.4141044617 49.1854782104 50.1720428467 51.1472396851 51.9744033813 52.5959205627 51.5963325500 50.5573692322 49.9411354065 49.7671241760 49.7383041382 49.8693771362 50.3081359863 50.6451988220 50.3105316162 50.4157791138 50.4833717346 50.4631309509 50.5446586609 50.2822952271 50.1477394104 50.1421127319 50.0776901245 50.2745094299 50.4399833679 50.8076362610 51.5118331909 52.5494842529 53.1466293335 53.6371459961 53.9211845398 54.4890403748 54.8663825989 54.2118377686 53.8792266846 53.5871200562 53.4541625977 53.4812431335 53.5498352051
45.5506324768 45.8659019470 46.1909561157 46.5208511353 47.1240196228 47.7766799927 48.4837837219 49.9840812683 50.8309059143 51.2377662659 51.6800079346 52.2162780762 52.7322998047 53.6939964294 53.5164146423 52.6822814941 52.0950737000 51.8311576843 51.9264297485 52.2369346619 52.4252433777 52.6284828186 52.4057960510 52.5595436096 52.5646171570 52.7102890015 52.2761459351 52.5661544800 52.4961166382 52.8257637024 52.6381340027 53.0459785461 53.0703582764 53.4124374390 53.9523811340 54.6718482971 55.1460723877 55.4580459595 55.8794136047 56.1700363159 56.2530403137 55.5802574158 55.6741867065 55.1894454956 55.5870666504 55.5001869202 56.1006622314
48.3999481201 48.7623138428 48.6131668091 49.1195182800 49.8149528503 50.2475242615 50.9790229797 51.1961288452 51.7280349731 52.2609672546 52.7318611145 53.2420310974 53.7657852173 54.5500717163 55.0859832764 54.2560997009 54.5344200134 54.2690277100 54.5100708008 55.0303573608 55.2954330444 54.9903144836 54.8874053955 54.7310752869 54.8605041504 54.6435508728 54.9948501587 54.9987106323 55.1298904419 55.2115783691 55.6866760254 55.8873977661 55.5687370300 56.1336860657 55.9893188477 56.2219352722 56.9241485596 57.4689102173 57.6571807861 57.9058036804 57.4810066223 57.6420364380 57.2184295654 57.1657104492 57.6109962463 58.1816062927 58.5704650879
50.7831573486 51.2433547974 51.4345283508 51.7307090759 52.2472038269 52.6577377319 53.4871978760 53.7074775696 53.8621063232 53.8998641968 54.0916328430 54.7086868286 55.1979713440 55.9193916321 56.5023117065 56.5233650208 56.6199607849 57.0233955383 57.2016181946 57.6069068909 57.2452621460 57.3822593689 57.1145210266 56.9529075623 57.1414260864 57.1803321838 57.3992652893 57.4702606201 57.6627273560 57.9242019653 57.6811485291 58.3383293152 58.0070610046 58.1432533264 58.1745529175 58.4524765015 58.4897003174 58.8324356079 59.2783546448 59.2907676697 59.2991256714 59.2683639526 59.6404113770 59.6268653870 60.2235374451 60.5121994019 61.3578262329
53.8131904602 54.0619544983 54.1428985596 54.5022926331 54.9731407166 55.4018592834 55.8020248413 56.1513214111 56.6422996521 56.4016380310 56.1116027832 56.1188392639 56.2750663757 57.1547508240 57.8807334900 58.4743232727 59.4092483521 59.4906654358 60.0437316895 59.8766212463 59.8113746643 59.6981315613 59.3054199219 59.3584289551 59.1465072632 59.6127586365 59.5895957947 59.8362388611 60.0905952454 60.4297637939 60.5284118652 60.3618545532 60.6411323547 60.8170433044 61.0681419373 60.5444755554 60.7889862061 60.8316116333 61.2096023560 61.3539352417 61.7811126709 61.9531135559 62.3610725403 62.9517364502 63.7648048401 64.1698989868 65.1140365601
57.0842018127 56.8472633362 57.5932388306 57.2725944519 57.5366783142 58.3377914429 58.6239891052 58.7726287842 58.8810768127 58.8061370850 58.9255867004 58.9810104370 59.0457878113 59.4575424194 60.5238800049 61.4196434021 62.0657157898 62.3057594299 62.4528160095 62.6408996582 62.3237457275 62.5355453491 61.7623977661 61.7580070496 61.4512672424 61.5003471375 61.6800651550 61.9709968567 63.0740127563 63.3173294067 62.8438796997 62.7243041992 63.2238273621 63.5374565125 63.8154487610 63.1803512573 63.8730545044 64.8550872803 64.9269638062 64.8348999023 66.0950698853 66.8809585571 67.4310607910 68.2434234619 69.2838058472 70.2879867554 70.7941055298
60.2428779602 60.8070945740 60.8716545105 60.7520904541 61.1543006897 61.2716598511 61.6782112122 61.4672966003 61.9318466187 61.4925346375 62.1676979065 61.9576225281 62.6709365845 63.3588790894 63.3737945557 64.6164627075 64.8558197021 65.2801818848 65.2357864380 65.2593078613 64.9853210449 65.0042343140 64.4506912231 63.7732582092 63.7865028381 63.4337615967 64.0607528687 64.1328201294 64.9236297607 65.7413406372 65.7849502563 65.6053390503 65.0246429443 65.3877716064 65.8818664551 66.8670196533 67.4733657837 68.3640823364 69.4772796631 70.5233840942 71.7997436523 72.6054306030 74.3353881836 74.5919799805 75.7477874756 76.4979934692 77.6675491333
63.6781616211 63.7023239136 63.8182182312 63.9593086243 64.0553665161 64.0108795166 64.2376480103 64.4137725830 64.5832061768 64.9010696411 65.1853332520 65.6406097412 65.7837219238 66.3475570679 66.7376785278 67.3857421875 67.7930450439 67.5130081177 67.3999938965 67.5810852051 67.3062973022 66.9460830688 66.4289093018 66.0916213989 65.6787261963 65.4568481445 65.7269210815 66.0494308472 66.5701675415 67.1028900146 67.3582153320 66.8651580811 66.5610351562 66.9236068726 67.4949417114 69.1373291016 70.3211212158 72.2035598755 73.9060897827 75.2923049927 77.2035980225 78.4334716797 79.9261016846 81.1772155762 82.4904251099 83.5010833740 84.3553237915
67.3916091919 66.9306945801 66.9315261841 67.3307495117 67.2809371948 67.1194915771 67.1055221558 67.7736892700 67.5052719116 68.5279235840 68.3165664673 69.2952728271 69.0052032471 69.2241210938 69.8630905151 69.7028808594 70.3061523438 69.9277725220 69.7712097168 69.8180770874 69.7614135742 69.0910110474 68.2801055908 68.1448211670 67.5229339600 67.3944320679 66.9667053223 67.1818008423 67.4475479126 68.0165786743 68.4706954956 68.4859771729 68.6393814087 68.8597488403 69.1884918213 70.6454086304 73.3421630859 75.9497070312 77.9993057251 79.3338165283 81.7636718750 83.8037872314 85.0328369141 87.0491333008 87.7075042725 88.9084167480 89.5285110474
71.2302398682 71.2904434204 70.9535675049 70.7401351929 71.0364761353 70.8519821167 71.4118957520 71.1874771118 71.7679443359 72.0130538940 72.5483856201 72.7563934326 72.7574844360 73.2346572876 72.9535140991 73.5298233032 73.2054138184 73.2467651367 72.6787719727 72.2738876343 71.8627243042 71.0399703979 70.2510833740 69.5072937012 69.1288223267 68.4902267456 68.7301712036 69.1118316650 69.3648300171 69.4703292847 69.5981674194 70.1982421875 70.0202789307 70.9205856323 71.2658081055 73.4438781738 76.0605087280 78.4608993530 81.2834854126 83.5463790894 85.8682556152 88.1735534668 90.2148208618 91.6116485596 92.5744552612 92.9539489746 93.6050338745
74.6690521240 74.5640487671 74.0919494629 74.0127639771 74.3161773682 74.2838363647 74.6200485229 74.8545913696 75.1438446045 75.7160568237 75.8808441162 76.1942520142 76.0982818604 76.3210830688 76.5101013184 76.2431411743 76.1440963745 75.5442047119 75.2245330811 74.4703292847 73.7586898804 72.9619445801 71.8061828613 71.1220397949 70.4882736206 69.7612152100 70.4674987793 70.7529449463 70.9117507935 70.9493255615 71.2754364014 71.6763610840 71.9130706787 72.0696640015 73.0153198242 75.1903228760 77.6199798584 80.5331268311 83.4968566895 86.3235549927 88.7475585938 91.0237655640 92.6050033569 94.4382247925 95.1152343750 95.5004653931 95.3207321167
77.6898651123 77.1823196411 77.2325286865 77.0806427002 77.2467117310 77.4615936279 77.7113876343 77.9881896973 78.2732467651 78.6857833862 78.9641571045 79.3457336426 79.2553863525 79.3744506836 79.3406600952 79.3985214233 78.9571456909 78.4647293091 77.6913681030 76.8075714111 76.0339965820 74.5501632690 73.5406341553 72.4837188721 71.6562347412 71.6585998535 71.9967727661 72.1151809692 71.9810104370 72.9154739380 73.3220520020 73.2613296509 73.5424499512 73.9312896729 75.4240570068 77.3057098389 80.1382064819 82.9476852417 86.5420227051 89.3242340088 91.7982635498 93.8310852051 95.5045776367 96.8340911865 96.9746322632 96.8145751953 96.3589782715
81.0086898804 80.3342132568 79.9580612183 80.2978744507 80.2110900879 80.2060928345 80.5390319824 80.9128952026 80.8071670532 81.2056198120 81.7856445312 82.0974121094 82.3049850464 81.9817657471 82.3462066650 82.1647796631 81.8599929810 80.8044586182 80.6246871948 79.3150863647 78.1632537842 76.7752532959 75.2653961182 74.8103256226 73.3978881836 73.1439437866 73.3826751709 73.6044845581 74.6165847778 75.2385406494 75.8971710205 76.4767761230 76.7551040649 76.7673568726 79.2782669067 81.1741180420 84.1129531860 88.6490478516 92.1028518677 95.5063934326 96.8495407104 97.9552230835 99.7571792603 99.5623321533 98.9720077515 98.8499526978 98.1578063965
83.6611175537 83.7537460327 83.2176742554 82.7495498657 82.9942016602 82.6998596191 83.0999221802 83.1794586182 83.6610717773 84.3151702881 84.3983230591 84.8758239746 84.8901596069 84.8430938721 85.0208129883 84.6537017822 84.5700988770 83.8569641113 82.7130813599 81.6017303467 80.4208831787 79.8681259155 78.3243865967 76.8025131226 76.1235656738 75.4897308350 75.8748779297 76.0224838257 76.7832260132 77.9506454468 78.7645111084 79.8608093262 80.8312454224 81.1342391968 84.3432083130 86.6474761963 91.5845336914 96.3832015991 99.0195770264 101.9979171753 103.0202789307 104.5371322632 104.1734542847 103.6576919556 102.9140853882 101.4283828735 100.5914077759
86.4896163940 86.0271224976 85.6669235229 85.2783737183 85.0279312134 84.9150085449 84.9019622803 85.1805191040 85.4422760010 85.9317321777 86.5069122314 86.8296279907 86.9844818115 87.2735137939 87.2190933228 87.0824356079 86.7121963501 85.8073883057 85.0385208130 83.6714706421 82.8732757568 81.9398651123 80.7411956787 79.8249893188 78.8109588623 77.9424362183 77.8788299561 78.3301925659 79.3673553467 80.7075424194 82.4489822388 83.5059509277 84.4712371826 86.3436508179 89.7017669678 93.4065170288 98.9620971680 102.7780227661 107.2290496826 109.1874542236 110.0371704102 109.5895538330 108.7291717529 107.6430511475 105.8643188477 104.2259750366 103.3142242432
89.4330291748 88.7124481201 88.2020568848 88.3077316284 87.7075881958 87.4051971436 87.2609176636 87.5551071167 87.5569229126 87.9410171509 88.6201477051 88.6165084839 89.0572586060 89.4232559204 88.9827728271 88.9767227173 88.3339920044 87.3206939697 87.4284439087 85.9424438477 85.0888366699 84.1766586304 83.2262496948 82.6966323853 81.5162506104 80.4095611572 81.0099029541 81.9437255859 82.4924011230 84.8313446045 87.0524520874 88.5443344116 90.1388244629 92.7749557495 95.5949401855 99.9950866699 104.1398773193 110.3746337891 113.8926239014 115.7212066650 116.1987762451 114.7851257324 114.2806777954 112.2302780151 110.2139282227 108.0061111450 106.7842941284
91.7041320801 91.3934860229 91.2659835815 90.7051696777 91.0589523315 90.3604660034 90.5214157104 90.0660552979 90.8243408203 90.6999664307 90.9995803833 91.4561767578 91.0246810913 91.2405700684 90.8015747070 90.1698913574 89.6281280518 88.6939544678 88.1416854858 87.0576171875 86.6002655029 86.4139251709 85.3730239868 84.8234939575 83.5983123779 82.5702667236 83.0681076050 85.0641326904 87.0513916016 90.1963348389 92.3808212280 94.3606414795 96.0057067871 98.1757125854 103.0644531250 104.7266693115 108.2700881958 114.1363830566 117.1460647583 119.3771209717 119.5780258179 118.4497680664 118.7565689087 118.1339569092 115.5992965698 113.4527816772 113.4680633545
93.7349472046 93.9506683350 93.8892211914 94.0299606323 94.1878509521 94.1520233154 94.1592178345 94.1437225342 93.8879776001 93.8787384033 93.7012100220 93.5592880249 93.1492538452 92.9646148682 92.2897949219 91.2600708008 90.5444107056 89.6893997192 88.6825866699 87.9772033691 87.4735031128 87.0624923706 86.9721145630 85.8251266479 84.8441009521 84.1545639038 85.3687896729 87.5164031982 91.1574783325 94.8476409912 98.6256561279 100.3834838867 102.4275894165 104.0577011108 105.4109649658 107.7852859497 111.2700042725 113.8180236816 116.3982696533 118.5484466553 120.7969207764 121.7061996460 123.1057586670 122.6053619385 122.0248947144 120.9090499878 120.0877685547
