model_inputs/inputs/rsds4.asc
ncols 720
nrows 360
xllcorner -180
yllcorner -90
cellsize 0.500000
NODATA_value 9999.000000
[rows 168 to 188 of 360, columns 423 to 469 of 720]
239.0196075439 238.7675170898 241.3365478516 243.4534912109 242.7364501953 240.8365478516 237.2436065674 233.5427398682 224.9644165039 222.4646911621 223.2451934814 220.7939758301 220.3708648682 220.6269683838 220.6267700195 222.6894836426 223.5588073730 225.5918273926 227.2098388672 228.0355224609 227.6248779297 225.3156890869 222.7356262207 222.0356445312 224.4258575439 229.5653686523 234.9015197754 239.1601562500 242.1579437256 245.4975433350 248.1106872559 251.0159606934 254.9998474121 260.2847595215 267.0796203613 9999.0000000000 9999.0000000000 9999.0000000000 9999.0000000000 9999.0000000000 9999.0000000000 9999.0000000000 9999.0000000000 9999.0000000000 9999.0000000000 9999.0000000000 9999.0000000000
237.1072845459 240.4482574463 244.8267822266 248.3313751221 250.9017028809 250.7556457520 247.6378479004 244.1534729004 241.0847473145 237.3185424805 235.9762420654 234.6599884033 231.6215057373 228.4672546387 227.3904571533 224.9034423828 224.6929168701 225.0579681396 226.2049560547 226.1613311768 224.4180603027 223.7212219238 221.5503845215 222.2733764648 225.6194152832 230.0968017578 237.7837066650 241.0821228027 244.1693115234 246.5244903564 249.4270019531 252.3339080811 257.3929443359 263.1889343262 265.4690856934 9999.0000000000 9999.0000000000 9999.0000000000 9999.0000000000 9999.0000000000 9999.0000000000 9999.0000000000 9999.0000000000 9999.0000000000 9999.0000000000 9999.0000000000 9999.0000000000
236.5550537109 241.9052124023 247.2360382080 252.4899291992 255.5750427246 256.4970092773 255.9226684570 252.9642333984 251.7985687256 249.8523559570 246.9486389160 243.7244873047 239.1344299316 235.0923309326 232.4463958740 226.3851165771 223.2602844238 222.3919677734 223.0654296875 223.8383941650 223.3822631836 222.3222808838 222.4619140625 223.0926208496 226.9948577881 231.6431121826 237.4772796631 243.1192932129 245.7226867676 248.5065612793 251.4729309082 254.7394866943 259.7376098633 262.6465759277 9999.0000000000 9999.0000000000 9999.0000000000 9999.0000000000 9999.0000000000 9999.0000000000 9999.0000000000 9999.0000000000 9999.0000000000 9999.0000000000 9999.0000000000 9999.0000000000 9999.0000000000
237.1497802734 243.1542053223 247.3134307861 253.6237945557 257.9009399414 259.6350097656 261.9447937012 260.5022888184 260.1938781738 259.8443908691 256.6297607422 250.0962066650 243.9584350586 239.0709533691 231.6320495605 223.7838592529 217.2828979492 216.6913146973 219.3728332520 220.5333709717 221.1798248291 222.1324157715 222.1305541992 223.0269622803 226.3932189941 231.3981781006 236.7912597656 242.6635894775 247.4201507568 249.3486480713 254.8404998779 259.4495849609 261.6236877441 9999.0000000000 9999.0000000000 9999.0000000000 9999.0000000000 9999.0000000000 9999.0000000000 9999.0000000000 9999.0000000000 9999.0000000000 9999.0000000000 9999.0000000000 9999.0000000000 9999.0000000000 9999.0000000000
235.1547546387 240.3930358887 247.7260284424 252.5184936523 257.0868835449 260.9269409180 264.4751586914 266.5367736816 266.7453002930 267.2982177734 264.5326538086 258.8072204590 248.7862396240 240.8187103271 229.4157257080 217.5848236084 212.4181213379 210.9091796875 212.7446899414 215.8920898438 219.2387847900 221.3589630127 223.7286224365 224.8454284668 228.3837432861 232.4415435791 237.5130462646 241.3051757812 247.1199340820 254.6757049561 259.5996704102 261.0266418457 9999.0000000000 9999.0000000000 9999.0000000000 9999.0000000000 9999.0000000000 9999.0000000000 9999.0000000000 9999.0000000000 9999.0000000000 9999.0000000000 9999.0000000000 9999.0000000000 9999.0000000000 9999.0000000000 9999.0000000000
232.5538635254 235.6991271973 242.3698577881 246.7091674805 248.7219390869 254.0806884766 261.3088989258 266.0038757324 270.9013366699 272.7803649902 270.6049804688 265.5775756836 255.2838592529 244.9483184814 229.9828491211 216.3081512451 207.7460479736 205.9132385254 210.4930419922 214.0868072510 218.1403656006 221.3188476562 223.7880859375 226.8348999023 229.7931213379 234.1606750488 238.3413543701 241.3497619629 248.6004638672 256.1953430176 260.9409790039 9999.0000000000 9999.0000000000 9999.0000000000 9999.0000000000 9999.0000000000 9999.0000000000 9999.0000000000 9999.0000000000 9999.0000000000 9999.0000000000 9999.0000000000 9999.0000000000 9999.0000000000 9999.0000000000 9999.0000000000 9999.0000000000
228.9700775146 231.4213409424 234.7354431152 236.8130645752 240.0440368652 246.1806793213 255.4406127930 264.3462524414 269.9861450195 274.0881652832 274.7793273926 269.5314025879 260.6734619141 247.8688201904 233.7991180420 219.1281280518 207.9130401611 207.3991088867 210.3353271484 214.9596099854 218.7193145752 220.4865264893 223.6899719238 227.5039215088 231.1452026367 235.8550720215 241.2572784424 245.0245208740 251.8293151855 257.9287109375 260.2095031738 9999.0000000000 9999.0000000000 9999.0000000000 9999.0000000000 9999.0000000000 9999.0000000000 9999.0000000000 9999.0000000000 9999.0000000000 9999.0000000000 9999.0000000000 9999.0000000000 9999.0000000000 9999.0000000000 9999.0000000000 9999.0000000000
221.4021606445 222.5944366455 222.5608367920 221.2008056641 224.1379699707 228.0021362305 243.1990966797 256.2980651855 265.6296691895 275.7252502441 276.8251037598 273.4941711426 264.5921630859 254.7842254639 240.5954742432 223.3458404541 214.4001007080 212.8003234863 214.8471374512 218.4109191895 221.8832244873 223.5747070312 225.7004241943 228.6967773438 233.2482147217 241.5170898438 246.9719696045 251.7970581055 252.9002990723 9999.0000000000 9999.0000000000 9999.0000000000 9999.0000000000 9999.0000000000 9999.0000000000 9999.0000000000 9999.0000000000 9999.0000000000 9999.0000000000 9999.0000000000 9999.0000000000 9999.0000000000 9999.0000000000 9999.0000000000 9999.0000000000 9999.0000000000 9999.0000000000
217.0269927979 213.5540466309 209.3960266113 202.9939880371 201.3814849854 211.7285614014 227.8746948242 245.3523254395 262.0361022949 271.8065795898 276.4035034180 275.4029541016 269.0402832031 260.2329711914 248.6390380859 231.5983581543 220.5565643311 219.9664459229 220.2902221680 223.1082611084 225.0002899170 225.6012115479 228.1649780273 230.6637878418 234.4029541016 244.3505554199 246.2574920654 248.4133148193 9999.0000000000 9999.0000000000 9999.0000000000 9999.0000000000 9999.0000000000 9999.0000000000 9999.0000000000 9999.0000000000 9999.0000000000 9999.0000000000 9999.0000000000 9999.0000000000 9999.0000000000 9999.0000000000 9999.0000000000 9999.0000000000 9999.0000000000 9999.0000000000 9999.0000000000
210.3601531982 206.7825469971 198.7785491943 190.3333129883 189.2785034180 200.0913696289 216.8169250488 237.6085662842 256.3172302246 267.7358398438 274.1591796875 273.5809326172 270.9848327637 263.3000183105 251.9891357422 238.0040283203 228.6288604736 226.1128234863 225.7949676514 226.2724304199 225.6999206543 227.7956695557 230.0436706543 231.9447937012 238.7793273926 241.3733215332 265.2133789062 9999.0000000000 9999.0000000000 9999.0000000000 9999.0000000000 9999.0000000000 9999.0000000000 9999.0000000000 9999.0000000000 9999.0000000000 9999.0000000000 9999.0000000000 9999.0000000000 9999.0000000000 9999.0000000000 9999.0000000000 9999.0000000000 9999.0000000000 9999.0000000000 9999.0000000000 9999.0000000000
206.3155822754 202.7781982422 196.7483673096 193.0621643066 194.9036712646 199.6766815186 216.1582031250 233.9299468994 250.1043701172 261.2528686523 267.1167907715 269.0489501953 266.4844970703 260.7875976562 251.7695007324 240.9086456299 232.2126464844 227.7634582520 226.0578460693 225.6463623047 226.7335205078 229.5666046143 234.5955963135 237.8137512207 239.8817443848 9999.0000000000 9999.0000000000 9999.0000000000 9999.0000000000 9999.0000000000 9999.0000000000 9999.0000000000 9999.0000000000 9999.0000000000 9999.0000000000 9999.0000000000 9999.0000000000 9999.0000000000 9999.0000000000 9999.0000000000 9999.0000000000 9999.0000000000 9999.0000000000 9999.0000000000 9999.0000000000 9999.0000000000 9999.0000000000
204.4418182373 200.4927673340 198.1610565186 197.3961639404 203.3938140869 205.5025482178 220.3128967285 232.6010437012 245.6343536377 254.2738342285 258.2193908691 260.7557067871 258.4909667969 255.2769927979 249.4334716797 241.4880371094 233.1326599121 228.3176879883 225.2216491699 222.9666442871 224.4105834961 231.6245117188 236.9953308105 237.7350006104 9999.0000000000 9999.0000000000 9999.0000000000 9999.0000000000 9999.0000000000 9999.0000000000 9999.0000000000 9999.0000000000 9999.0000000000 9999.0000000000 9999.0000000000 9999.0000000000 9999.0000000000 9999.0000000000 9999.0000000000 9999.0000000000 9999.0000000000 9999.0000000000 9999.0000000000 9999.0000000000 9999.0000000000 9999.0000000000 9999.0000000000
202.2224884033 200.1222686768 200.7691192627 204.1095428467 207.8392028809 211.0327453613 221.7186889648 230.7702178955 237.4781341553 245.1427917480 249.6196899414 250.8015747070 252.6805267334 249.7084350586 244.9006805420 237.1792449951 233.4380035400 227.2867126465 222.5999908447 220.5583801270 222.5555572510 231.0131683350 234.6228637695 9999.0000000000 9999.0000000000 9999.0000000000 9999.0000000000 9999.0000000000 9999.0000000000 9999.0000000000 9999.0000000000 9999.0000000000 9999.0000000000 9999.0000000000 9999.0000000000 9999.0000000000 9999.0000000000 9999.0000000000 9999.0000000000 9999.0000000000 9999.0000000000 9999.0000000000 9999.0000000000 9999.0000000000 9999.0000000000 9999.0000000000 9999.0000000000
201.5946960449 204.1440734863 207.4024658203 211.1605987549 214.2260131836 213.4916381836 225.5629577637 230.5323944092 235.8283233643 238.8146362305 241.7093963623 243.6806945801 243.2003173828 243.3133392334 240.6650543213 235.3034362793 231.0152130127 225.6281890869 220.6751861572 218.9274597168 221.2675628662 228.4849395752 9999.0000000000 9999.0000000000 9999.0000000000 9999.0000000000 9999.0000000000 9999.0000000000 9999.0000000000 9999.0000000000 9999.0000000000 9999.0000000000 9999.0000000000 9999.0000000000 9999.0000000000 9999.0000000000 9999.0000000000 9999.0000000000 9999.0000000000 9999.0000000000 9999.0000000000 9999.0000000000 9999.0000000000 9999.0000000000 9999.0000000000 9999.0000000000 9999.0000000000
200.2924499512 205.4629974365 211.5208129883 218.2044067383 219.2615814209 223.1832275391 228.6210021973 232.7000579834 236.3400268555 237.6537628174 238.9932403564 239.7907562256 240.1434936523 239.2575378418 237.1148071289 232.8901367188 228.6124114990 224.8135223389 222.0650634766 220.1828918457 222.1084442139 9999.0000000000 9999.0000000000 9999.0000000000 9999.0000000000 9999.0000000000 9999.0000000000 9999.0000000000 9999.0000000000 9999.0000000000 9999.0000000000 9999.0000000000 9999.0000000000 9999.0000000000 9999.0000000000 9999.0000000000 9999.0000000000 9999.0000000000 9999.0000000000 9999.0000000000 9999.0000000000 9999.0000000000 9999.0000000000 9999.0000000000 9999.0000000000 9999.0000000000 9999.0000000000
198.4697265625 205.1387939453 209.2904968262 217.5591278076 221.2750244141 227.0960388184 231.9494323730 236.3990478516 236.8215484619 238.7882385254 238.0619506836 238.1429748535 235.6507873535 234.7413940430 231.7894592285 227.7119903564 225.1944885254 223.0118103027 220.6198272705 220.2437744141 223.2731628418 9999.0000000000 9999.0000000000 9999.0000000000 9999.0000000000 9999.0000000000 9999.0000000000 9999.0000000000 9999.0000000000 9999.0000000000 9999.0000000000 9999.0000000000 9999.0000000000 9999.0000000000 9999.0000000000 9999.0000000000 9999.0000000000 9999.0000000000 9999.0000000000 9999.0000000000 9999.0000000000 9999.0000000000 9999.0000000000 9999.0000000000 9999.0000000000 9999.0000000000 9999.0000000000
198.8194885254 203.9070587158 211.6952056885 217.9201965332 224.4100341797 231.1189880371 236.1979980469 236.9881134033 236.8720245361 237.8673095703 237.2068176270 234.8624114990 232.1550903320 229.8665466309 226.4031219482 223.4150543213 221.5662536621 220.8064880371 217.0032348633 219.4076843262 9999.0000000000 9999.0000000000 9999.0000000000 9999.0000000000 9999.0000000000 9999.0000000000 9999.0000000000 9999.0000000000 9999.0000000000 9999.0000000000 9999.0000000000 9999.0000000000 9999.0000000000 9999.0000000000 9999.0000000000 9999.0000000000 9999.0000000000 9999.0000000000 9999.0000000000 9999.0000000000 9999.0000000000 9999.0000000000 9999.0000000000 9999.0000000000 9999.0000000000 9999.0000000000 9999.0000000000
199.1606750488 207.3784027100 214.2718658447 220.7178649902 228.4678039551 233.3459014893 237.8755493164 237.5872650146 237.5202331543 237.0123748779 233.4105377197 230.6031646729 227.5100860596 223.3825531006 221.3312683105 217.9609222412 215.6505432129 215.9811248779 216.7698364258 9999.0000000000 9999.0000000000 9999.0000000000 9999.0000000000 9999.0000000000 9999.0000000000 9999.0000000000 9999.0000000000 9999.0000000000 9999.0000000000 9999.0000000000 9999.0000000000 9999.0000000000 9999.0000000000 9999.0000000000 9999.0000000000 9999.0000000000 9999.0000000000 9999.0000000000 9999.0000000000 9999.0000000000 9999.0000000000 9999.0000000000 9999.0000000000 9999.0000000000 9999.0000000000 9999.0000000000 9999.0000000000
203.6256561279 210.7413635254 218.4634857178 226.0367431641 232.0327453613 235.9001464844 239.3072357178 238.4225311279 233.5368652344 231.0617370605 229.1378173828 223.3125610352 219.5964660645 216.7427978516 214.4690704346 210.2969818115 208.2213439941 212.4323730469 9999.0000000000 9999.0000000000 9999.0000000000 9999.0000000000 9999.0000000000 9999.0000000000 9999.0000000000 9999.0000000000 9999.0000000000 9999.0000000000 9999.0000000000 9999.0000000000 9999.0000000000 9999.0000000000 9999.0000000000 9999.0000000000 9999.0000000000 9999.0000000000 9999.0000000000 9999.0000000000 9999.0000000000 9999.0000000000 9999.0000000000 9999.0000000000 9999.0000000000 9999.0000000000 9999.0000000000 9999.0000000000 9999.0000000000
209.0328826904 215.7371520996 223.3922271729 230.5647888184 236.9004364014 240.1918640137 238.7666320801 235.7157440186 229.4343261719 225.8924407959 221.3162689209 215.4878997803 211.3885803223 208.6121520996 203.7180786133 202.1035919189 203.9762725830 9999.0000000000 9999.0000000000 9999.0000000000 9999.0000000000 9999.0000000000 9999.0000000000 9999.0000000000 9999.0000000000 9999.0000000000 9999.0000000000 9999.0000000000 9999.0000000000 9999.0000000000 9999.0000000000 9999.0000000000 9999.0000000000 9999.0000000000 9999.0000000000 9999.0000000000 9999.0000000000 9999.0000000000 9999.0000000000 9999.0000000000 9999.0000000000 9999.0000000000 9999.0000000000 9999.0000000000 9999.0000000000 9999.0000000000 9999.0000000000
213.6479187012 219.8019866943 226.7764739990 234.6264190674 240.8934478760 242.8211364746 239.3167572021 233.0554809570 226.2585449219 218.4568023682 212.7235565186 208.7737426758 205.0119934082 199.9932556152 198.2790222168 196.9880065918 199.8762054443 207.0718688965 9999.0000000000 9999.0000000000 9999.0000000000 9999.0000000000 9999.0000000000 9999.0000000000 9999.0000000000 9999.0000000000 9999.0000000000 9999.0000000000 9999.0000000000 9999.0000000000 9999.0000000000 9999.0000000000 9999.0000000000 9999.0000000000 9999.0000000000 9999.0000000000 9999.0000000000 9999.0000000000 9999.0000000000 9999.0000000000 9999.0000000000 9999.0000000000 9999.0000000000 9999.0000000000 9999.0000000000 9999.0000000000 9999.0000000000
