model_inputs/inputs/rsds5.asc
ncols 720
nrows 360
xllcorner -180
yllcorner -90
cellsize 0.500000
NODATA_value 9999.000000
[rows 105 to 125 of 360, columns 564 to 610 of 720]
274.8769836426 275.4765625000 278.8241882324 281.3472900391 283.5483093262 282.3310546875 280.3424377441 279.0549621582 275.6629638672 273.9880676270 271.1577453613 267.7838439941 266.4585266113 264.3021240234 263.6520385742 262.8598327637 262.1606750488 261.8301696777 261.1278686523 260.7439270020 260.3840332031 259.1642456055 258.6428222656 256.4052734375 256.1888732910 257.3656921387 258.3884887695 260.6696472168 261.8106384277 262.7041625977 262.7950439453 261.6055603027 260.8668823242 260.3884887695 259.9434204102 259.2696533203 259.0183105469 259.0112915039 258.4469909668 257.7294311523 257.2099609375 257.0761108398 9999.0000000000 9999.0000000000 9999.0000000000 9999.0000000000 9999.0000000000
271.4238281250 272.2889099121 274.2184753418 277.5714111328 279.4664306641 276.5476989746 273.6971130371 270.3682556152 268.0194091797 265.7745361328 262.2411499023 260.7660827637 259.6490478516 258.9052734375 259.5214538574 258.4725036621 258.4353637695 257.9029846191 258.1720275879 257.5270996094 257.0736694336 257.4620056152 256.8656005859 254.7648773193 254.4372253418 256.0894165039 257.5096435547 259.1320495605 262.2907104492 262.0699462891 262.3674011230 261.6645202637 260.0070495605 259.5092773438 259.2274169922 258.6240234375 258.3746643066 258.6433410645 258.6409301758 257.5261840820 257.7871704102 257.2667846680 9999.0000000000 9999.0000000000 9999.0000000000 9999.0000000000 9999.0000000000
267.9061584473 270.0069580078 269.8331909180 270.1396179199 269.0136108398 267.1634521484 264.8840332031 261.9168395996 259.9467163086 258.1918640137 256.2495117188 254.5877838135 253.3533630371 253.0576019287 254.0893249512 254.3580017090 254.3640136719 255.3621673584 254.1349182129 253.4036865234 253.2144775391 253.3884429932 253.4756469727 253.5848846436 253.0883026123 254.5487060547 256.2452392578 258.6709594727 259.8804321289 260.0817871094 260.7207641602 260.7204589844 259.2247619629 258.5867919922 258.5125732422 258.4978027344 257.9085083008 258.6533203125 9999.0000000000 9999.0000000000 9999.0000000000 9999.0000000000 9999.0000000000 9999.0000000000 9999.0000000000 9999.0000000000 9999.0000000000
267.3733215332 265.6373291016 265.0258178711 260.8567504883 259.0428161621 256.2012939453 255.2312011719 253.8849639893 250.3428344727 248.9643707275 248.3871459961 246.5716400146 247.3777618408 247.5182952881 247.8348541260 249.9647521973 249.6170959473 250.4433898926 249.5615844727 248.1548614502 249.9033203125 250.4948425293 250.2334747314 251.2469024658 253.2915496826 253.5046234131 255.2903594971 256.1958923340 257.8564758301 258.6799926758 259.9627990723 260.3540344238 259.5900573730 259.2291259766 259.5817565918 258.8830566406 257.9360351562 9999.0000000000 9999.0000000000 9999.0000000000 9999.0000000000 9999.0000000000 9999.0000000000 9999.0000000000 9999.0000000000 9999.0000000000 9999.0000000000
264.3079223633 260.7936096191 257.9419250488 253.0915222168 246.7086486816 244.4891967773 242.6838531494 242.8544006348 241.5696563721 238.4945831299 239.1980743408 237.5681457520 237.4702148438 239.5321502686 239.8408660889 242.8968963623 244.6493377686 244.4024658203 243.4495086670 243.1839752197 243.3466186523 244.9361724854 247.3793792725 248.5111846924 255.0529479980 252.7022705078 253.5505065918 254.3699493408 255.1147918701 256.1957397461 257.2174682617 256.8112792969 257.9572448730 258.5847473145 259.5270385742 259.3070983887 9999.0000000000 9999.0000000000 9999.0000000000 9999.0000000000 9999.0000000000 9999.0000000000 9999.0000000000 9999.0000000000 9999.0000000000 9999.0000000000 9999.0000000000
261.5786743164 252.4106750488 245.3756256104 238.5306396484 234.2176818848 231.9353027344 232.1431121826 230.3445739746 228.9881744385 229.5673828125 227.7474060059 228.2961578369 228.6163940430 229.3356475830 232.4319915771 233.3189849854 235.3947448730 237.7564392090 236.3387298584 236.0255889893 237.6873168945 239.9168395996 242.6839904785 244.9601135254 246.8419799805 248.9613647461 250.4906768799 251.9405059814 252.8343048096 253.0435485840 253.8820648193 254.4200439453 255.3229827881 256.3861389160 258.0434570312 9999.0000000000 9999.0000000000 9999.0000000000 9999.0000000000 9999.0000000000 9999.0000000000 9999.0000000000 9999.0000000000 9999.0000000000 9999.0000000000 9999.0000000000 9999.0000000000
259.3549499512 249.7653656006 239.5815734863 229.1569519043 221.3083648682 220.6259918213 219.7413177490 219.7713317871 220.4727783203 220.5341644287 220.0831756592 219.5091857910 218.6534118652 220.7963714600 222.9400024414 226.1138153076 228.9152374268 230.8108520508 231.2861633301 232.8453979492 233.3371734619 236.5512695312 238.2218017578 241.1760864258 243.2324371338 245.5904693604 247.0152130127 247.8225250244 248.9941711426 249.6325531006 250.6067199707 251.4859161377 252.8283691406 254.3267517090 256.3529968262 257.6577148438 258.1089477539 9999.0000000000 9999.0000000000 9999.0000000000 9999.0000000000 9999.0000000000 9999.0000000000 9999.0000000000 9999.0000000000 9999.0000000000 9999.0000000000
259.1374206543 245.1314849854 230.3095550537 217.5734405518 207.4736328125 209.2153778076 208.7459716797 211.4150390625 213.6370086670 213.5215606689 211.6339416504 211.1560363770 208.6201019287 211.9435729980 215.5593109131 217.9509277344 222.5648040771 223.7550506592 227.0940551758 229.5225067139 230.5251464844 232.6992645264 235.5590820312 236.8170776367 240.1271209717 241.8841552734 242.7686767578 244.1593475342 245.3143463135 246.4822845459 247.0500030518 248.4677124023 250.6282501221 250.6237487793 250.6219482422 252.4349822998 251.8868408203 249.3293609619 9999.0000000000 9999.0000000000 9999.0000000000 9999.0000000000 9999.0000000000 9999.0000000000 9999.0000000000 9999.0000000000 9999.0000000000
251.9578552246 239.4813995361 226.8739776611 206.9726104736 195.3325347900 196.0174713135 199.8876495361 201.5905914307 203.5939636230 206.1953582764 203.0201263428 201.4215393066 198.8983154297 201.7717132568 205.3531494141 209.4044036865 214.1073150635 218.5777740479 220.7454986572 224.3703765869 227.8605804443 229.1604919434 231.7611083984 233.0890045166 235.1450042725 236.6401824951 237.1518859863 239.1459197998 240.4729003906 241.5635681152 242.9331359863 243.1941070557 244.2850799561 244.0292053223 243.1121063232 243.7048950195 243.5343780518 244.1603698730 9999.0000000000 9999.0000000000 9999.0000000000 9999.0000000000 9999.0000000000 9999.0000000000 9999.0000000000 9999.0000000000 9999.0000000000
248.0519409180 235.3395538330 214.5958557129 200.2809143066 186.6249084473 186.4068145752 188.9360809326 193.8825988770 197.1402587891 198.8002166748 195.8784484863 193.5854187012 192.1487731934 194.8144989014 198.4514617920 202.9570159912 207.0653381348 212.6366577148 217.3563842773 221.0107727051 224.6711730957 226.2514190674 227.7084350586 229.2862243652 231.0416259766 231.8602600098 232.9514617920 234.1434020996 235.4026031494 236.1289062500 237.6048126221 237.6376342773 237.4862670898 236.9574279785 236.7478179932 236.5343627930 236.6889801025 237.3654937744 9999.0000000000 9999.0000000000 9999.0000000000 9999.0000000000 9999.0000000000 9999.0000000000 9999.0000000000 9999.0000000000 9999.0000000000
239.8357086182 226.2568969727 211.3126983643 196.7760772705 185.6447296143 182.9397888184 186.1795501709 190.0922698975 192.5110626221 194.8276367188 193.2642059326 192.1720123291 190.4259185791 192.3214111328 195.4253082275 198.2238311768 203.7144470215 207.8856353760 213.4429321289 218.7209014893 221.9231567383 224.9024200439 225.6141510010 226.9734191895 227.6329345703 228.9744720459 230.0236968994 230.5555419922 230.2530212402 230.7386169434 231.6077880859 232.0525054932 232.5658111572 231.8197021484 231.3326568604 231.8537750244 231.2155303955 232.8413696289 234.9864044189 238.0468444824 9999.0000000000 9999.0000000000 9999.0000000000 9999.0000000000 9999.0000000000 9999.0000000000 9999.0000000000
229.6231689453 218.7921142578 203.1850280762 191.3196716309 183.7729034424 181.3311767578 183.4524993896 187.7407836914 189.8958129883 191.2655792236 190.2765655518 189.4850463867 189.1620483398 189.9119110107 192.1676330566 194.2231292725 198.6820068359 205.6572113037 209.8805389404 214.5258178711 219.1748809814 221.9907989502 222.8806152344 223.4333190918 223.5319061279 223.9841156006 223.9049682617 224.0747070312 225.8781738281 225.9160156250 225.9333038330 226.5719604492 226.5856781006 225.6448059082 224.9347534180 224.9117584229 224.9637145996 227.4176483154 232.0326690674 234.6661834717 9999.0000000000 9999.0000000000 9999.0000000000 9999.0000000000 9999.0000000000 9999.0000000000 9999.0000000000
220.9914093018 208.2113952637 197.8916473389 188.0611724854 180.1873168945 179.7086791992 180.9394378662 183.8805541992 185.8628845215 186.9195251465 186.8353118896 186.9637298584 187.0795593262 186.9324493408 188.5351104736 190.1836395264 193.4414672852 199.8291015625 205.5634765625 210.3326721191 215.3889923096 218.3636322021 218.3706054688 218.3156738281 217.9765014648 218.3048248291 218.5120086670 219.0335998535 219.8302001953 219.5855712891 220.1444854736 219.4110870361 219.8835601807 219.0512084961 218.6390838623 218.5306243896 218.5825958252 221.7880554199 225.7186584473 230.1080169678 9999.0000000000 9999.0000000000 9999.0000000000 9999.0000000000 9999.0000000000 9999.0000000000 9999.0000000000
213.3472900391 200.8530120850 191.3315887451 181.8781890869 178.4790802002 177.2301940918 180.3618164062 181.8495330811 184.0345458984 184.7270812988 184.6440582275 184.3431854248 184.4912872314 184.1049652100 184.8843231201 185.8251190186 189.1163177490 195.1425018311 201.2515869141 206.8437500000 211.5844116211 214.3787841797 215.1866607666 214.2552642822 213.0911560059 213.7507629395 214.0951995850 213.9211730957 214.0380096436 214.0409698486 213.9008941650 214.2073669434 213.4995117188 212.3138732910 211.8295745850 211.9847412109 212.3057861328 216.2539672852 220.4861145020 225.2751159668 223.9346466064 223.3718414307 9999.0000000000 9999.0000000000 9999.0000000000 9999.0000000000 9999.0000000000
211.0858612061 198.8737792969 183.5832366943 173.6574707031 175.3387756348 174.9746551514 179.9377899170 181.9968872070 183.3627929688 182.5685119629 180.9900054932 180.4638061523 179.3366546631 178.4789123535 178.6414489746 180.8924713135 185.5512390137 189.9765930176 196.3222351074 202.3255310059 208.0664367676 210.5221862793 211.3754730225 210.6562652588 209.2576446533 209.1042480469 209.2997741699 208.9246063232 209.1845397949 208.4752044678 207.0188751221 206.2149047852 206.4048004150 204.9064331055 205.3089294434 204.4432983398 206.3485107422 211.6540527344 215.7103271484 220.1906890869 218.7940216064 219.0434722900 9999.0000000000 9999.0000000000 9999.0000000000 9999.0000000000 9999.0000000000
209.7015991211 192.2862701416 175.2264251709 168.0508880615 169.9026489258 176.2399444580 180.8444366455 182.1571044922 182.0951385498 180.7180328369 179.1073455811 176.2455596924 174.0865936279 172.3237609863 173.9706726074 175.9521484375 180.6035919189 186.8447265625 192.3785095215 196.6467742920 202.5373840332 206.4905090332 206.2472686768 205.4875183105 205.1826934814 203.4919891357 204.1697540283 203.7545776367 202.3403625488 201.9911804199 200.4511413574 200.2265167236 198.4421081543 197.0098266602 195.8287963867 196.2718658447 199.5675964355 205.0498657227 209.8254089355 215.1875762939 214.5341186523 9999.0000000000 9999.0000000000 9999.0000000000 9999.0000000000 9999.0000000000 9999.0000000000
207.6677856445 190.2035064697 176.5598449707 165.5236511230 170.2275848389 176.7672729492 182.2452697754 181.9319458008 181.4506072998 179.7292480469 176.6868438721 173.5083160400 170.3127136230 168.0023345947 168.3326873779 172.0733032227 176.8122100830 182.9343719482 188.2891082764 193.5921478271 196.9427032471 201.2945861816 201.6289062500 201.2656555176 201.0445861816 199.8219451904 199.1740722656 199.2306823730 198.3685302734 195.7904205322 193.6799621582 190.5351867676 189.0552978516 188.9207305908 188.3814086914 188.6836090088 191.8686981201 197.4358215332 203.7206420898 211.1111755371 9999.0000000000 9999.0000000000 9999.0000000000 9999.0000000000 9999.0000000000 9999.0000000000 9999.0000000000
209.7209625244 190.9493560791 178.9836730957 173.0832977295 174.4545440674 179.2881622314 182.4510955811 182.1330261230 182.0602111816 179.7579650879 175.8683319092 172.5663146973 168.8733367920 166.7872467041 167.1828613281 170.6682434082 176.0623931885 180.6470794678 186.3902435303 190.9226074219 194.2263793945 197.2380676270 198.1639709473 198.6542205811 196.8348999023 196.9365081787 196.0641784668 194.9995880127 193.6665344238 191.5706481934 187.4511108398 184.9462585449 182.9315032959 181.6683349609 182.6217498779 183.2088623047 184.7492065430 192.6463317871 199.4976654053 211.5232696533 9999.0000000000 9999.0000000000 9999.0000000000 9999.0000000000 9999.0000000000 9999.0000000000 9999.0000000000
213.2418670654 199.7847595215 188.5914154053 184.1961975098 182.4729003906 181.8262329102 183.7745361328 182.8224639893 181.6427612305 179.3057403564 176.1579437256 172.0051269531 168.9754638672 167.3628692627 167.7373199463 170.9087066650 174.6018676758 180.7477111816 185.1595764160 187.6723022461 191.2272338867 193.2206573486 194.5667724609 194.9968261719 193.8690338135 193.2975006104 192.2891235352 190.0169219971 188.9275207520 185.8929901123 181.9423980713 179.7810974121 177.8659515381 175.5854034424 177.2123413086 177.9875793457 178.4373931885 187.7098083496 198.7384948730 9999.0000000000 9999.0000000000 9999.0000000000 9999.0000000000 9999.0000000000 9999.0000000000 9999.0000000000 9999.0000000000
218.0932006836 212.7907104492 204.5792694092 197.2050170898 195.2074890137 189.4176635742 184.0863647461 182.6675415039 180.7380981445 179.5314025879 177.4270935059 173.4455871582 170.1567077637 167.7013397217 168.2795867920 170.9649200439 174.9139404297 180.3981323242 183.9171447754 186.2429656982 186.4184722900 188.1445159912 189.4741363525 189.8140563965 190.5169219971 189.3338470459 187.4629516602 185.7780761719 182.5800323486 179.4890289307 177.5519409180 175.8118286133 171.9620208740 171.3395233154 172.2540740967 171.6261291504 173.7021484375 187.2567749023 9999.0000000000 9999.0000000000 9999.0000000000 9999.0000000000 9999.0000000000 9999.0000000000 9999.0000000000 9999.0000000000 9999.0000000000
224.8823547363 220.6146697998 215.6310119629 209.9059143066 201.6938781738 193.7339782715 185.4913330078 183.2513580322 181.3704986572 180.5346832275 178.2494354248 174.7093963623 170.7145080566 167.6746368408 167.5172729492 170.1118011475 174.3807983398 178.6805572510 181.6007843018 182.5624847412 183.4205932617 183.9643249512 185.7593536377 187.0524139404 188.0003814697 187.3183898926 185.6462097168 182.6197814941 180.3690338135 177.2964324951 174.4727325439 173.3861083984 171.5005950928 169.6859436035 170.3612823486 170.9076690674 171.9965209961 187.4306793213 9999.0000000000 9999.0000000000 9999.0000000000 9999.0000000000 9999.0000000000 9999.0000000000 9999.0000000000 9999.0000000000 9999.0000000000
