model_inputs/inputs/rsds12.asc
ncols 720
nrows 360
xllcorner -180
yllcorner -90
cellsize 0.500000
NODATA_value 9999.000000
[rows 42 to 62 of 360, columns 94 to 140 of 720]
0.0000000045 0.0001587165 0.0000000045 0.0000000045 0.0001416978 0.0000561965 0.0000000045 0.0000644052 0.0001590230 0.0000000045 0.0000000045 0.0002055702 0.0000000045 0.0000000045 0.0001604124 0.0000787162 0.0000000045 0.0000806781 0.0001501644 0.0000000045 0.0000000045 0.0001954629 0.0000000045 0.0000000045 0.0001759878 0.0000659766 0.0000000045 0.0000537596 0.0001879234 0.0000000045 0.0000000045 0.0001448147 0.0000000045 0.0000000045 0.0000955089 0.0000265593 0.0000000045 0.0006919979 9999.0000000000 0.0058584069 0.0082722446 0.0101932278 0.0112021482 0.0109458324 0.0105008529 0.0104830610 0.0104138637
0.0125038242 0.0123263756 0.0146187097 0.0144602042 0.0137583725 0.0123024145 0.0149233621 0.0156044522 0.0134536931 0.0144501776 0.0137008848 0.0142929852 0.0163010322 0.0158380978 0.0155131295 0.0128003582 0.0140387453 0.0122129275 0.0135977613 0.0141633786 0.0145680727 0.0126429442 0.0123929707 0.0133345276 0.0130068408 0.0155143049 0.0148452185 0.0155960508 0.0133212423 0.0144585241 0.0134440204 0.0134171564 0.0154513968 0.0135095734 0.0129331229 0.0152453901 0.0151016405 0.0199558605 0.0212879926 9999.0000000000 9999.0000000000 9999.0000000000 0.0168334115 0.0198588762 0.0234711729 9999.0000000000 9999.0000000000
0.0611198060 0.0606194586 0.0515741669 0.0585577525 0.0637232363 0.0557012595 0.0577355176 0.0601781495 0.0693783164 0.0605692193 0.0641435608 0.0650538281 0.0550133511 0.0555723235 0.0611066669 0.0645483211 0.0562286563 0.0648513362 0.0617873929 0.0561591052 0.0570954680 0.0749185830 0.0705234855 0.0640738532 0.0730881318 0.0604117215 0.0627266169 0.0614470281 0.0713216588 0.0664700568 0.0579802431 0.0678531900 0.0664691702 0.0621843040 0.0698985159 0.0577835776 0.0547579043 0.0548281781 0.0544264354 0.0530965887 0.0546147563 0.0572217219 0.0596964806 0.0610653684 0.0553240217 0.0563860610 0.0563520826
0.1307693422 0.1306463480 0.1334338635 0.1353168637 0.1342636347 0.1366557032 0.1327961981 0.1318159401 0.1335168481 0.1445761770 0.1368239522 0.1382279396 0.1425179094 0.1381251663 0.1355084926 0.1372304261 0.1415018290 0.1386035830 0.1426822245 0.1492027938 0.1387297958 0.1399107873 0.1428009868 0.1525930315 0.1604025364 0.1649407744 0.1556246132 0.1529846042 0.1510308683 0.1551234275 0.1488659531 0.1422042549 0.1426399797 0.1522753388 0.1450245380 0.1486012340 0.1480611265 0.1421303600 0.1393733621 0.1334098428 0.1354173422 0.1293106228 0.1297930777 0.1351806074 0.1303223222 0.1302296072 0.1345319599
0.3803138733 0.3943437040 0.3883285522 0.3798485100 0.3913904130 0.3758943677 0.4013390243 0.4048373401 0.3850147426 0.3888228834 0.3874820173 0.3738342226 0.3797083199 0.3986481428 0.3956606388 0.3852926195 0.4020234644 0.4088662267 0.3941368461 0.4290840030 0.4426245689 0.4499194622 0.4329843521 0.4592304230 0.4673952758 0.4740779400 0.4643648267 0.4764308035 0.4998713136 0.4790476561 0.4424383044 0.4372966886 0.4590812325 0.4226485193 0.3993464112 0.4206582904 0.4105364680 0.3972574770 0.4178243876 0.4151822627 0.4152726829 0.4205942750 0.4406865537 0.4376165867 0.4235571921 0.4708857834 0.4477109015
0.6491152644 0.6692592502 0.6953125596 0.6819658279 0.6913977265 0.7157438993 0.6872345805 0.6735231280 0.6971862316 0.6943207979 0.6624614000 0.6922339797 0.7125589848 0.6875059605 0.7176898718 0.7270249724 0.6870986223 0.7107532620 0.7286532521 0.6992118359 0.7335753441 0.7756256461 0.7609704733 0.7749759555 0.8004639149 0.8217610121 0.8304994106 0.8012603521 0.7809256315 0.7908030152 0.7842085361 0.7711502910 0.7849679589 0.7444413304 0.7663232088 0.7397622466 0.6860256791 0.7095780969 0.7201910019 0.6920048594 0.7230943441 0.7361805439 0.7402976155 0.7714213729 0.7930746078 0.7796585560 0.7807781100
0.9531412721 0.9607805014 0.9351598024 0.9859320521 1.0047112703 0.9919612408 1.0076533556 0.9981009364 0.9598127604 1.0063028336 1.0078278780 0.9722325802 1.0172438622 1.0259757042 0.9957069159 1.0284975767 1.0231457949 0.9895654917 1.0402901173 1.0407856703 1.0081218481 0.9919350147 0.9808003902 0.9780285358 1.0224548578 1.0401601791 1.0547852516 1.0663441420 1.0489300489 1.0494765043 1.0836815834 1.0862214565 1.0435981750 1.0782145262 1.0789808035 1.0393506289 1.0818793774 1.0720146894 1.0407084227 1.0815448761 1.0809509754 1.0475322008 1.1027081013 1.1225149632 1.0837979317 1.1355814934 1.1146305799
1.1948992014 1.2060186863 1.2455412149 1.2509473562 1.2540969849 1.3036043644 1.2657376528 1.2890107632 1.3275620937 1.3098236322 1.3013943434 1.3426508904 1.3193269968 1.3524045944 1.3803488016 1.3529179096 1.3368041515 1.3671550751 1.3277812004 1.3126487732 1.3459953070 1.3449842930 1.3387752771 1.3355807066 1.2926579714 1.2692128420 1.2831993103 1.2695878744 1.2726328373 1.2713522911 1.2705959082 1.2708388567 1.3231130838 1.2980406284 1.3159004450 1.3402916193 1.3283619881 1.3233566284 1.3972662687 1.3752106428 1.3857886791 1.4243524075 1.4003698826 1.4182237387 1.4626425505 1.4346740246 1.4203358889
1.4918508530 1.5481760502 1.5664767027 1.6072286367 1.5748202801 1.6401915550 1.6238350868 1.6971967220 1.6593587399 1.6829864979 1.6919907331 1.7241891623 1.6803148985 1.7413113117 1.7254315615 1.7800247669 1.7114036083 1.7319195271 1.6616345644 1.7047305107 1.6141532660 1.6232241392 1.5658339262 1.5927348137 1.5641648769 1.6173039675 1.6058963537 1.5629947186 1.5878264904 1.5465029478 1.5702650547 1.6015522480 1.6928503513 1.6003004313 1.6629284620 1.6419769526 1.6613602638 1.6451587677 1.7128951550 1.7339085340 1.7014040947 1.8504158258 1.8013771772 1.8564997911 1.8491225243 1.8596665859 1.8057429790
1.9338498116 1.9215172529 1.9091702700 1.9516843557 1.9540899992 1.9581738710 2.0409996510 2.0574147701 2.0879933834 2.1750085354 2.1973011494 2.2071490288 2.2739448547 2.2731807232 2.2328557968 2.2234015465 2.1962044239 2.0946543217 2.0919566154 2.0750248432 2.0051231384 2.0102968216 2.0148129463 1.8892260790 1.9002889395 1.9247568846 1.8813176155 1.8947957754 1.9139945507 1.8518313169 1.8802387714 1.9505727291 1.9640287161 2.0111951828 2.0310690403 2.0110175610 2.0742719173 2.1108136177 2.0870640278 2.1496367455 2.1851630211 2.1496977806 2.2756009102 2.2578773499 2.2476716042 2.2929134369 2.2287306786
2.3701601028 2.3669893742 2.3654589653 2.3600590229 2.3689055443 2.3908970356 2.4098730087 2.4460294247 2.5448198318 2.6249234676 2.6982636452 2.7548389435 2.7811098099 2.8240761757 2.8100807667 2.7608821392 2.7416048050 2.6928675175 2.6449968815 2.5769071579 2.4975020885 2.4530785084 2.4160258770 2.4278557301 2.3984010220 2.3780179024 2.3254184723 2.2440042496 2.2565939426 2.2580518723 2.3570208549 2.3619914055 2.3791151047 2.4059393406 2.4855611324 2.5057008266 2.5443418026 2.5654711723 2.6064970493 2.5830612183 2.6354267597 2.7191593647 2.6922659874 2.6866395473 2.6819229126 2.6534173489 2.6445763111
2.7384636402 2.7657413483 2.6755383015 2.7230386734 2.7621071339 2.8007421494 2.8817675114 2.9303548336 2.9454636574 3.0437948704 3.2021856308 3.2918841839 3.4510853291 3.4375712872 3.3743901253 3.4669091702 3.3507065773 3.2865493298 3.3117787838 3.1567060947 3.1013138294 3.1250455379 3.0726413727 2.8852379322 2.8657107353 2.7389364243 2.7510542870 2.7442123890 2.7840366364 2.7923746109 2.8928630352 2.8833644390 2.9803502560 3.0216541290 3.0227763653 3.0670030117 3.1214509010 3.0864789486 3.1901814938 3.1829936504 3.1479723454 3.2229619026 3.2015309334 3.1122956276 3.1526689529 3.1566917896 3.0769987106
3.3275485039 3.2484354973 3.2627029419 3.2097690105 3.1473960876 3.2537271976 3.2653372288 3.3840279579 3.5971031189 3.6122906208 3.8333559036 4.0076661110 3.9710485935 4.1705408096 4.1838879585 4.1073975563 4.1954231262 4.0283212662 3.8693461418 3.9457459450 3.8165957928 3.6938557625 3.6978638172 3.5786976814 3.5290193558 3.5225176811 3.4011323452 3.4612760544 3.4695067406 3.5683054924 3.4971332550 3.5155863762 3.6316866875 3.5648274422 3.6688404083 3.7618823051 3.8025226593 3.8374710083 3.8171370029 3.7921805382 3.6974055767 3.8099477291 3.7218971252 3.6489362717 3.7180171013 3.6712684631 3.7305057049
3.8389463425 3.8108854294 3.7685644627 3.7695240974 3.7184200287 3.7601079941 3.8623156548 3.8849008083 4.0952148438 4.3034715652 4.4172830582 4.6009950638 4.6738786697 4.7696275711 4.8194055557 4.7799267769 4.7011947632 4.7508034706 4.6366124153 4.6511502266 4.5807762146 4.5057339668 4.4552850723 4.3526687622 4.3157415390 4.2678227425 4.2086057663 4.1724929810 4.2032489777 4.2600164413 4.2631745338 4.2603387833 4.2889776230 4.2875871658 4.3791937828 4.3537702560 4.4097714424 4.3443584442 4.3436317444 4.3551521301 4.3711118698 4.3130712509 4.2674784660 4.2324576378 4.1879963875 4.1653017998 4.1587734222
4.3472046852 4.3269701004 4.2982635498 4.2564921379 4.3013210297 4.3589353561 4.3608193398 4.4539752007 4.5703167915 4.7232837677 4.9324479103 5.0564470291 5.1648573875 5.3150362968 5.3785233498 5.4366111755 5.3625578880 5.3963069916 5.3948459625 5.4377374649 5.3233752251 5.3150811195 5.2543010712 5.1831250191 5.1178598404 5.0486574173 4.9548859596 5.0419335365 5.0008859634 5.1051054001 5.1258859634 5.0803518295 5.0975661278 5.0407423973 5.1862983704 5.1831574440 5.1346230507 5.0464000702 5.2327656746 5.1814661026 5.0901384354 4.9451961517 4.8738369942 4.8320617676 4.7797083855 4.7471060753 4.7993683815
5.0135850906 4.9080505371 4.9609661102 4.9966564178 4.9705338478 5.1187992096 5.0882773399 5.0947079659 5.2052168846 5.4389677048 5.5632810593 5.7287249565 5.7346258163 5.9986119270 6.0164794922 6.0699925423 6.2664928436 6.1117777824 6.2790379524 6.2179079056 6.3888092041 6.2116355896 6.1595039368 6.2218713760 6.1365146637 5.9690470695 5.9142751694 5.8718223572 5.9754371643 5.9885854721 6.0026993752 6.0293097496 6.0386023521 5.9840846062 6.0129785538 5.9328150749 5.9035587311 5.8143091202 5.6587352753 5.7023830414 5.6924691200 5.5992875099 5.5614695549 5.5016560555 5.4124541283 5.4767298698 5.5457496643
5.7411069870 5.7176609039 5.7164139748 5.8659391403 5.8723149300 5.8929586411 5.9640073776 5.9479207993 6.1172943115 6.3488521576 6.3558735847 6.5648593903 6.8104152679 6.9059877396 7.0845694542 7.0974030495 7.1905913353 7.2983288765 7.1722469330 7.3309068680 7.2144260406 7.2044601440 7.1647849083 7.0456428528 7.0609612465 6.9487504959 6.8675136566 6.8660478592 6.9154143333 6.8186612129 6.9557576180 6.9498748779 6.9100041389 6.9607996941 6.8356814384 6.7834734917 6.7196350098 6.6088461876 6.7141623497 6.5962576866 6.5667362213 6.4491295815 6.3574519157 6.3540077209 6.3715844154 6.3976802826 6.5256881714
6.3721642494 6.3542885780 6.4751653671 6.5666227341 6.6569819450 6.7451987267 6.8461217880 7.0209569931 7.2048630714 7.3851327896 7.4676966667 7.6140627861 7.9094066620 8.0107812881 8.1314878464 8.1694936752 8.2675037384 8.1617879868 8.1529893875 8.0952415466 8.0762872696 8.0166673660 8.0172357559 7.9572782516 7.9654817581 7.8888134956 7.7785382271 7.7136187553 7.7403163910 7.7723250389 7.7559447289 7.6988244057 7.7285857201 7.7442221642 7.7989106178 7.7115612030 7.6364264488 7.5855302811 7.6001806259 7.5480270386 7.4788346291 7.3651385307 7.3070478439 7.2894258499 7.2621827126 7.3399558067 7.3732991219
6.8754057884 6.9824676514 7.1076736450 7.3102731705 7.3800840378 7.5216565132 7.6934037209 7.8155140877 8.0792865753 8.4313335419 8.4654865265 8.8452796936 8.9384803772 9.2132530212 9.1796369553 9.2473592758 9.3045606613 9.2629709244 9.1148548126 9.0307893753 8.9941368103 9.0332231522 8.9389333725 8.8706922531 8.9674310684 8.7356786728 8.8078937531 8.6458854675 8.8476934433 8.8267221451 8.6541662216 8.7440004349 8.5657777786 8.7285737991 8.6784982681 8.5887079239 8.7196941376 8.6439075470 8.5828456879 8.6893968582 8.4061212540 8.4144554138 8.2107057571 8.4000082016 8.4345016479 8.4449825287 8.5456886292
7.5859198570 7.5681357384 7.8137593269 8.0355396271 8.2410230637 8.3277969360 8.5290718079 8.7739181519 9.0195722580 9.3352222443 9.4603052139 9.7801656723 10.0455532074 10.2672224045 10.3983688354 10.3341035843 10.5160360336 10.4752101898 10.2687892914 10.2448091507 10.4080324173 10.0655126572 10.1853227615 9.9984512329 9.9721469879 10.1083040237 9.8901090622 9.9416923523 9.7675170898 9.7160425186 9.8413171768 9.6291770935 9.6806907654 9.5758647919 9.5836982727 9.7207727432 9.6773796082 9.7699184418 9.5956764221 9.7215108871 9.5649948120 9.4905023575 9.4401712418 9.4948034286 9.3101758957 9.5334596634 9.5488204956
7.8112621307 8.1692323685 8.4762973785 8.6826467514 8.8500471115 9.0856447220 9.2499570847 9.4580249786 9.7307825089 9.9287748337 10.2515125275 10.5565576553 10.7998037338 11.0976772308 11.2349987030 11.2894821167 11.5856447220 11.6226682663 11.5599727631 11.5912475586 11.6672906876 11.5083503723 11.6041259766 11.6013288498 11.3325500488 11.3395442963 11.0234098434 11.1258573532 11.0070323944 10.9643745422 10.9226531982 10.7785034180 10.7724142075 10.6525878906 10.7133483887 10.6857967377 10.6153430939 10.7819175720 10.7732267380 10.8163661957 10.6752309799 10.6228427887 10.5827245712 10.5587558746 10.5873031616 10.4099388123 10.4070291519
