model_inputs/inputs/tas1.asc
ncols 720
nrows 360
xllcorner -180
yllcorner -90
cellsize 0.500000
NODATA_value 9999.000000
[rows 105 to 125 of 360, columns 144 to 191 of 720]
-4.7766418457 -7.0033264160 -10.0766601562 -9.0966491699 -5.6866455078 -5.9999694824 -1.8867187500 1.1600036621 0.5332641602 0.0366516113 0.1600036621 0.1966857910 0.3299560547 0.6666564941 0.8366699219 1.1466979980 1.4399719238 1.5499877930 1.7267150879 1.6867065430 1.5799865723 1.4200134277 1.0700073242 0.7166442871 1.3199768066 1.0066528320 0.5766296387 0.4200134277 0.7399902344 0.9699707031 1.0799560547 1.0766601562 0.9466857910 0.7233276367 0.5966796875 0.7999877930 1.2266540527 1.6466674805 1.5866394043 1.3566284180 1.1366882324 1.5267028809 1.8066711426 1.5366821289 1.2766723633 1.0066833496 1.0833129883 1.1466674805
-0.6366577148 -2.7533264160 -5.2033691406 -7.1199951172 -5.1100158691 -6.2766723633 -1.7133178711 -0.6066894531 0.1633300781 1.3066711426 1.4566650391 1.3800048828 1.3833007812 1.5766601562 1.7100219727 1.9633789062 2.7466735840 3.0399780273 2.8566589355 2.9066467285 2.8399963379 2.6799926758 2.3633117676 2.2033386230 2.2333679199 1.9733581543 1.7566833496 1.4966430664 2.1466674805 2.2666931152 2.2699890137 2.2399902344 2.1533508301 2.0333251953 1.9000244141 2.0266723633 2.1999511719 2.3099670410 1.9833068848 1.7166748047 1.4700012207 1.8900146484 2.0766601562 2.1166687012 1.9566345215 1.7400512695 1.5066833496 1.5799865723
-0.1066284180 -1.7000122070 -3.9499816895 -2.9633483887 -3.3366699219 -4.7032775879 -0.8533935547 -0.0700073242 1.2133483887 2.1833496094 2.4333190918 2.3366394043 2.1066589355 2.1600036621 2.1366882324 2.4000244141 2.9200134277 3.1066589355 3.1500244141 3.3899841309 3.4400329590 3.6166687012 3.4600219727 3.2200317383 3.2300415039 3.0733032227 2.7533874512 2.7733154297 3.3066406250 3.1433410645 3.1366882324 3.2000122070 3.1100158691 3.2467346191 3.1033325195 3.0700073242 3.0566406250 2.8366699219 2.5633239746 2.3033752441 2.2766723633 2.7366638184 2.9400329590 2.8999938965 2.8533630371 2.3033752441 1.9466247559 1.8933715820
-1.0733337402 -0.9799804688 -2.1833190918 -1.1999816895 -2.6733398438 -0.7066650391 0.5966491699 1.7166748047 2.7133483887 2.9166564941 3.3066406250 3.0499877930 2.7933654785 2.6532897949 2.6700134277 2.7900390625 3.1699829102 3.5933532715 3.4999694824 3.7933349609 3.7533874512 3.9733581543 3.9699707031 4.0267333984 4.0267028809 4.1666564941 3.2333374023 2.9966735840 3.3699951172 3.5666809082 3.6133422852 3.7666931152 3.7399597168 3.8066406250 3.7833557129 3.8933105469 3.7833251953 3.4133605957 3.0366210938 2.8166503906 2.6666564941 2.8333435059 3.0133361816 3.2333679199 3.8500061035 2.9133605957 2.9866638184 3.0799865723
-1.3100280762 -0.4666442871 0.6533203125 -0.4166564941 0.3500061035 1.6933288574 2.3566894531 2.7633361816 3.1666870117 3.8099975586 3.6066589355 3.3767089844 3.1700134277 2.9566650391 3.1799926758 3.4433593750 3.8567199707 3.8400268555 4.0400085449 4.1233215332 4.0833129883 4.2799682617 4.4066772461 4.2167053223 4.1433715820 3.7533569336 4.0300292969 4.2299499512 4.6666259766 5.0633544922 5.0400390625 4.6766052246 4.2299804688 3.8500061035 4.0733947754 4.5634155273 4.2633056641 3.7433166504 3.5267028809 3.3133544922 2.6733398438 3.0466613770 3.2399902344 3.7433166504 3.9000244141 3.9400634766 4.0400085449 3.2033386230
-0.4766235352 1.1233215332 0.6100463867 0.1666870117 0.8233642578 1.8466186523 3.0867004395 2.9900207520 3.2933044434 3.4700317383 3.5899963379 3.5200195312 3.6000061035 3.8099365234 4.0700073242 4.1333312988 4.3533325195 4.6133422852 4.4400024414 4.6333312988 4.6766662598 4.8233642578 4.6466979980 4.6766967773 4.5299987793 4.3166809082 4.2566833496 4.3000183105 4.8599853516 5.2800292969 5.4333190918 5.3699645996 4.5666503906 3.9333496094 4.2166442871 4.9667358398 4.7867126465 4.1233520508 3.9600219727 4.0066223145 4.0700378418 4.2766113281 4.4599914551 4.1466369629 4.1299743652 4.2632751465 4.4167175293 3.6099853516
-0.0533447266 1.5032958984 1.2766723633 1.0866699219 1.1600036621 2.4067077637 3.6333312988 3.9666748047 3.8900146484 3.9899902344 3.9866943359 4.0532836914 4.0466918945 4.1133422852 4.5833435059 4.5333251953 4.5033569336 5.0066833496 5.2999572754 5.7000122070 5.6799621582 5.6066589355 5.5333557129 5.4100036621 5.2533264160 5.1066284180 5.0299987793 5.1699829102 5.5233154297 5.9499816895 5.9733276367 5.6266784668 5.1433715820 4.8599853516 4.7499694824 4.7833251953 4.7066650391 4.6266479492 4.9733886719 5.1933288574 5.0033264160 5.1166381836 5.0866699219 5.0199890137 4.7900085449 4.7266845703 5.1000061035 5.0833435059
1.1833190918 2.3466796875 3.7133178711 3.6466674805 2.5299987793 2.5866699219 4.6532592773 5.0199890137 4.5166320801 4.5133056641 4.6100158691 4.7066345215 4.7066650391 4.7366333008 5.0899963379 5.0400085449 5.5032958984 5.5266418457 5.8866577148 6.1500244141 6.0166625977 6.0800170898 6.1233215332 6.0133361816 5.8999938965 5.8866577148 6.0999755859 6.3500366211 6.6100769043 6.6666870117 6.4899902344 6.1033325195 5.8133239746 5.6966552734 5.4166259766 5.4833679199 5.3633117676 5.3066711426 5.9600219727 6.2233581543 6.0567016602 6.0633850098 5.9933166504 6.1833496094 5.7500000000 5.5133666992 5.9800109863 6.4733581543
1.8766479492 3.8566589355 3.8366394043 5.2166748047 1.5733337402 3.0399780273 5.2066040039 5.5433044434 5.0333251953 5.2266540527 5.4300231934 5.4166564941 5.4866943359 5.7366638184 5.7766723633 5.7133483887 6.1533203125 6.1533203125 6.3666381836 6.2566528320 6.4233093262 6.8466796875 6.8166503906 6.2100219727 6.3333129883 6.5533752441 6.6733093262 6.9833068848 7.2399902344 7.1866760254 7.0133666992 6.7200012207 6.6199645996 6.5466918945 6.4366455078 6.3833312988 6.1966247559 6.0133056641 6.2433471680 6.7699890137 6.8266906738 6.5633544922 6.4799804688 6.6733093262 6.2933959961 6.3599548340 6.9400329590 7.0866394043
4.0699462891 5.1700439453 4.3766479492 6.1600036621 2.4499816895 3.9499511719 5.5966491699 6.5499877930 5.9699707031 6.5033569336 6.6300048828 6.4633789062 6.4132995605 6.3799743652 6.3566589355 6.5799865723 6.8900146484 6.9099731445 6.7966308594 6.6699829102 6.4567260742 7.4666748047 7.5766601562 7.0333557129 6.8799743652 7.0199890137 7.2433471680 7.5166931152 7.9199829102 7.7933349609 7.5200195312 7.3533020020 7.3733215332 7.5866394043 7.6066589355 7.1866760254 7.0033264160 6.6933593750 6.9933471680 7.3966064453 7.6200256348 7.3466491699 6.7332763672 6.9733276367 6.8732910156 6.7700195312 7.6866760254 7.8266296387
5.5333251953 5.8900146484 5.8999328613 5.9400024414 6.5499877930 6.2066650391 5.4666748047 6.9466552734 7.0133056641 7.0400085449 7.0867004395 6.9900207520 6.9466552734 6.9033508301 6.7832946777 6.7166748047 7.2933349609 7.0400390625 7.0967102051 7.0033264160 7.1966552734 7.5699768066 7.7300109863 7.7799987793 7.5299987793 7.6033630371 7.7600402832 8.1166687012 8.5033264160 8.2633361816 8.0499877930 7.9400329590 8.2900085449 8.5367126465 8.4400024414 7.8533325195 7.5733642578 7.6533203125 7.8466186523 7.9466247559 7.9100036621 8.0433044434 8.1033630371 8.1133728027 7.6333618164 8.0967102051 8.4333190918 8.1899719238
7.0899353027 7.2599792480 7.1466979980 7.3133239746 6.4800720215 7.1700134277 6.3299560547 7.4000244141 8.0600585938 8.0133056641 7.4800109863 7.2900390625 7.0933227539 7.0332946777 7.1899719238 7.9266662598 7.8566589355 7.5866699219 7.1333312988 7.1499938965 7.9099426270 8.2600097656 8.2433471680 8.3433227539 8.3766479492 8.3999633789 8.4333190918 8.6400146484 8.7600097656 8.7933349609 8.6566772461 8.7466735840 9.1299743652 9.2866821289 8.6567077637 8.3800048828 8.2766723633 8.5567016602 8.6766967773 8.6766967773 8.5367126465 8.6266479492 8.5933227539 8.5200195312 8.3533325195 8.5266723633 8.4866333008 8.3366699219
7.8233337402 8.2533569336 7.9366760254 7.7233276367 7.8333435059 6.9966430664 7.1832885742 7.2266540527 8.3467102051 8.5900268555 7.9200134277 7.5100097656 7.6233520508 7.5100097656 7.5799865723 7.7666931152 7.9566650391 7.9300231934 7.5666503906 7.1733398438 8.4866333008 8.8799438477 9.1133117676 9.0366821289 9.2399902344 9.1900024414 9.2166748047 9.3133544922 9.3200683594 9.2533569336 9.1900024414 9.2366638184 9.7466735840 9.9366760254 9.2833251953 9.0800170898 9.1866149902 9.3366394043 9.3432922363 9.3766784668 9.6000366211 9.4033203125 9.3466186523 9.3366699219 9.2500305176 9.2500610352 9.1899719238 8.8899841309
7.6799926758 8.4633178711 8.4499511719 8.2266540527 7.8199768066 8.6333312988 8.2200012207 6.6866760254 7.0733642578 8.1499633789 8.2866821289 8.3599853516 8.4032897949 8.2799987793 8.1666259766 8.1632995605 8.2500000000 8.2999877930 8.1700134277 8.0233459473 8.8666687012 9.8367004395 10.0333251953 10.1300354004 9.9266662598 9.8599853516 9.8133239746 10.0632934570 10.0733337402 9.9866638184 9.9333190918 9.8766479492 10.3900146484 10.4466247559 10.0632934570 10.0433349609 10.0766296387 9.8099975586 9.8866577148 10.1466979980 10.3333129883 10.2933654785 10.1999816895 10.1300354004 10.1833496094 10.0533447266 10.1099853516 9.8033142090
8.2766418457 8.9466552734 9.0799865723 8.9533386230 9.1566467285 9.0466918945 8.6566772461 7.2466430664 7.0733032227 7.4533691406 7.8699645996 9.0766601562 9.5599975586 9.4599914551 9.2366943359 9.0333557129 9.0432739258 8.8433227539 8.4833068848 8.9800109863 10.1533508301 10.4933471680 10.9266662598 11.1166687012 10.6466674805 10.5599975586 10.5499877930 10.8133850098 10.9400024414 10.8366699219 10.7033081055 10.8332824707 11.0000000000 10.9699707031 10.7966308594 11.1665954590 11.1066284180 10.6500244141 11.2233276367 11.2033081055 11.2566223145 11.1966247559 11.1966552734 11.1799621582 11.0733032227 11.0166625977 11.1133422852 11.1400146484
6.1000366211 7.8333129883 7.9899597168 8.6899719238 9.6799926758 8.7900390625 10.1867370605 9.4400024414 8.8866882324 9.4633178711 9.7599792480 10.1666564941 10.7633361816 10.9333496094 10.3132934570 10.2133178711 10.3200073242 10.3266601562 9.9200439453 10.1299743652 10.6499938965 11.1966857910 11.5400085449 11.7866821289 11.5299682617 11.4999389648 11.6766662598 11.8166809082 11.7433776855 11.6966857910 11.6666259766 11.7266845703 11.6833190918 11.6132812500 11.5966491699 11.9366760254 12.0466613770 12.0932922363 9999.0000000000 9999.0000000000 9999.0000000000 9999.0000000000 9999.0000000000 9999.0000000000 9999.0000000000 12.0000000000 12.0633239746 12.5166931152
6.0033264160 7.2866516113 10.0867004395 12.3166503906 10.6066894531 9.8166198730 10.0766296387 9.8333435059 10.4033203125 10.3766479492 9.7533264160 8.6599731445 10.0533447266 11.4232788086 11.8999938965 11.9999694824 12.3099975586 12.2833862305 11.8500671387 11.5933227539 11.5232849121 11.9000244141 12.2699890137 12.5133666992 12.5066833496 12.6799926758 12.6366577148 9999.0000000000 9999.0000000000 9999.0000000000 9999.0000000000 9999.0000000000 9999.0000000000 12.4899902344 12.5067138672 12.5799560547 12.7933044434 12.7666625977 9999.0000000000 9999.0000000000 9999.0000000000 9999.0000000000 9999.0000000000 9999.0000000000 9999.0000000000 9999.0000000000 9999.0000000000 9999.0000000000
7.8033142090 6.6833190918 6.8499450684 8.3366394043 10.4633483887 10.2200012207 9.7733154297 8.9433288574 8.8900146484 10.2933044434 9.2799987793 8.5733032227 9.2633361816 11.2433471680 12.5299987793 12.8766784668 12.9466857910 12.8266296387 12.5699462891 12.3633422852 12.0400085449 12.4132690430 12.7999877930 12.9766845703 13.1367187500 13.1000061035 9999.0000000000 9999.0000000000 9999.0000000000 9999.0000000000 9999.0000000000 9999.0000000000 9999.0000000000 9999.0000000000 9999.0000000000 9999.0000000000 9999.0000000000 9999.0000000000 9999.0000000000 9999.0000000000 9999.0000000000 9999.0000000000 9999.0000000000 9999.0000000000 9999.0000000000 9999.0000000000 9999.0000000000 9999.0000000000
6.5033264160 6.5966491699 8.1633300781 9.2299804688 10.4100341797 10.1932983398 9.4766540527 9.2333374023 9.5866699219 10.0866699219 9.6932983398 8.6900024414 11.2833557129 11.9766540527 12.6499938965 13.3600158691 13.3966674805 13.4499816895 13.2533264160 13.0400085449 12.8332824707 13.1999816895 13.3666687012 13.4866333008 9999.0000000000 9999.0000000000 9999.0000000000 9999.0000000000 9999.0000000000 9999.0000000000 9999.0000000000 9999.0000000000 9999.0000000000 9999.0000000000 9999.0000000000 9999.0000000000 9999.0000000000 9999.0000000000 9999.0000000000 9999.0000000000 9999.0000000000 9999.0000000000 9999.0000000000 9999.0000000000 9999.0000000000 9999.0000000000 9999.0000000000 9999.0000000000
7.5400085449 6.8233337402 8.5833129883 9.7133483887 10.2033081055 10.1266479492 9.8066406250 9.5999755859 9.8766784668 10.8800354004 10.0899963379 9.6866455078 11.3033447266 12.5766296387 13.3866882324 13.9000549316 14.0566711426 14.0033264160 13.5733947754 13.5600280762 13.8734130859 13.9600524902 9999.0000000000 9999.0000000000 9999.0000000000 9999.0000000000 9999.0000000000 9999.0000000000 9999.0000000000 9999.0000000000 9999.0000000000 9999.0000000000 9999.0000000000 9999.0000000000 9999.0000000000 9999.0000000000 9999.0000000000 9999.0000000000 9999.0000000000 9999.0000000000 9999.0000000000 9999.0000000000 9999.0000000000 9999.0000000000 9999.0000000000 9999.0000000000 9999.0000000000 9999.0000000000
9.4800109863 7.6366882324 8.3733520508 10.0967102051 10.2799987793 10.6099853516 10.1433410645 9.8233337402 10.9133911133 11.6300354004 10.6566467285 11.4900207520 12.3066406250 13.5533142090 14.1366882324 14.6366577148 14.7399597168 14.5933227539 14.0933532715 14.2532958984 14.5333251953 14.2533264160 9999.0000000000 9999.0000000000 9999.0000000000 9999.0000000000 9999.0000000000 9999.0000000000 9999.0000000000 9999.0000000000 9999.0000000000 9999.0000000000 9999.0000000000 9999.0000000000 9999.0000000000 9999.0000000000 9999.0000000000 9999.0000000000 9999.0000000000 9999.0000000000 9999.0000000000 9999.0000000000 9999.0000000000 9999.0000000000 9999.0000000000 9999.0000000000 9999.0000000000 9999.0000000000
