model_inputs/inputs/tas1.asc
ncols 720
nrows 360
xllcorner -180
yllcorner -90
cellsize 0.500000
NODATA_value 9999.000000
[rows 63 to 83 of 360, columns 336 to 383 of 720]
9999.0000000000 9999.0000000000 9999.0000000000 9999.0000000000 9999.0000000000 9999.0000000000 9999.0000000000 9999.0000000000 9999.0000000000 4.2799682617 4.5799865723 4.2766723633 9999.0000000000 4.5033264160 2.5266418457 2.4333496094 2.7399902344 3.6566467285 9999.0000000000 9999.0000000000 9999.0000000000 9999.0000000000 9999.0000000000 9999.0000000000 9999.0000000000 9999.0000000000 9999.0000000000 9999.0000000000 9999.0000000000 9999.0000000000 9999.0000000000 9999.0000000000 9999.0000000000 9999.0000000000 9999.0000000000 2.4566345215 1.0499877930 -0.1233215332 -1.6100158691 -1.6867065430 -1.5566711426 -1.0899963379 9999.0000000000 9999.0000000000 9999.0000000000 9999.0000000000 -2.8433532715 -0.8333129883
9999.0000000000 9999.0000000000 9999.0000000000 9999.0000000000 9999.0000000000 9999.0000000000 9999.0000000000 9999.0000000000 9999.0000000000 4.4833068848 4.0766296387 3.8599548340 4.6799621582 2.4266662598 1.4699707031 2.6966247559 3.6033630371 3.6300048828 4.0499877930 3.6866149902 4.1166992188 9999.0000000000 9999.0000000000 9999.0000000000 9999.0000000000 9999.0000000000 9999.0000000000 9999.0000000000 9999.0000000000 9999.0000000000 9999.0000000000 9999.0000000000 9999.0000000000 9999.0000000000 9999.0000000000 9999.0000000000 9999.0000000000 9999.0000000000 9999.0000000000 9999.0000000000 9999.0000000000 9999.0000000000 9999.0000000000 -1.6600036621 -1.9499816895 -2.0766601562 9999.0000000000 0.0199890137
9999.0000000000 9999.0000000000 9999.0000000000 9999.0000000000 9999.0000000000 9999.0000000000 9999.0000000000 9999.0000000000 9999.0000000000 4.5899963379 4.1600036621 4.1499938965 3.1533508301 1.2699584961 1.5099792480 1.2666931152 1.3099670410 1.2566528320 2.5833435059 3.8266601562 4.0266418457 9999.0000000000 9999.0000000000 9999.0000000000 9999.0000000000 9999.0000000000 9999.0000000000 9999.0000000000 9999.0000000000 9999.0000000000 9999.0000000000 9999.0000000000 9999.0000000000 9999.0000000000 9999.0000000000 9999.0000000000 9999.0000000000 9999.0000000000 9999.0000000000 9999.0000000000 9999.0000000000 0.0533447266 -0.6099548340 0.1300048828 0.4633483887 -1.5366516113 -1.6399841309 -1.7466735840
9999.0000000000 9999.0000000000 9999.0000000000 9999.0000000000 9999.0000000000 9999.0000000000 9999.0000000000 9999.0000000000 4.8933410645 4.3533325195 4.5199584961 3.9366455078 3.2366333008 1.1566772461 0.1566467285 -0.0933227539 0.8567199707 1.5199890137 2.8599548340 3.5933837891 9999.0000000000 9999.0000000000 9999.0000000000 9999.0000000000 9999.0000000000 9999.0000000000 9999.0000000000 9999.0000000000 9999.0000000000 9999.0000000000 9999.0000000000 9999.0000000000 9999.0000000000 9999.0000000000 9999.0000000000 9999.0000000000 9999.0000000000 9999.0000000000 9999.0000000000 9999.0000000000 2.2033386230 1.1299743652 0.4466552734 0.1133422852 0.5733032227 -1.0333557129 9999.0000000000 9999.0000000000
9999.0000000000 9999.0000000000 9999.0000000000 9999.0000000000 9999.0000000000 9999.0000000000 9999.0000000000 9999.0000000000 9999.0000000000 9999.0000000000 4.6233215332 4.2266845703 4.4333801270 2.5366516113 1.5499877930 1.7633666992 2.4932861328 3.2066650391 3.6099853516 9999.0000000000 9999.0000000000 9999.0000000000 9999.0000000000 9999.0000000000 9999.0000000000 9999.0000000000 9999.0000000000 9999.0000000000 9999.0000000000 9999.0000000000 9999.0000000000 9999.0000000000 9999.0000000000 9999.0000000000 9999.0000000000 9999.0000000000 9999.0000000000 9999.0000000000 9999.0000000000 9999.0000000000 1.9266662598 0.9599609375 0.3166809082 0.2833557129 0.6000366211 0.9800109863 9999.0000000000 9999.0000000000
9999.0000000000 9999.0000000000 9999.0000000000 9999.0000000000 9999.0000000000 9999.0000000000 9999.0000000000 9999.0000000000 9999.0000000000 9999.0000000000 9999.0000000000 4.3466796875 5.1499938965 4.4732971191 4.1733703613 3.2733459473 2.7800292969 2.9433288574 2.9766540527 3.8400573730 3.5833129883 9999.0000000000 9999.0000000000 9999.0000000000 9999.0000000000 9999.0000000000 9999.0000000000 9999.0000000000 9999.0000000000 9999.0000000000 9999.0000000000 9999.0000000000 9999.0000000000 9999.0000000000 9999.0000000000 9999.0000000000 9999.0000000000 9999.0000000000 9999.0000000000 9999.0000000000 1.8700256348 1.1099853516 0.4667053223 0.6333618164 -0.0633239746 -0.1600036621 1.3766784668 0.9166870117
9999.0000000000 9999.0000000000 9999.0000000000 9999.0000000000 9999.0000000000 9999.0000000000 9999.0000000000 4.7533264160 4.8199768066 5.2832946777 5.0333557129 4.8599853516 4.2666625977 4.0766601562 3.8833312988 2.5266418457 2.9466857910 2.7200012207 2.4533386230 2.4067077637 3.7633361816 3.8966674805 9999.0000000000 9999.0000000000 9999.0000000000 9999.0000000000 9999.0000000000 9999.0000000000 9999.0000000000 9999.0000000000 9999.0000000000 9999.0000000000 9999.0000000000 9999.0000000000 9999.0000000000 9999.0000000000 9999.0000000000 9999.0000000000 9999.0000000000 9999.0000000000 1.5233154297 1.2399902344 0.6733398438 1.2099914551 1.3166503906 1.5267028809 1.5166625977 1.1766357422
9999.0000000000 9999.0000000000 9999.0000000000 9999.0000000000 9999.0000000000 9999.0000000000 5.2699890137 3.9466857910 3.7199401855 3.5333251953 3.7599487305 3.9799804688 5.0966796875 4.5032958984 4.8999633789 4.3166198730 3.8233032227 3.5399780273 3.1333312988 1.9699707031 3.4333801270 4.5800170898 3.7066345215 9999.0000000000 9999.0000000000 9999.0000000000 9999.0000000000 9999.0000000000 9999.0000000000 9999.0000000000 9999.0000000000 9999.0000000000 9999.0000000000 9999.0000000000 9999.0000000000 9999.0000000000 9999.0000000000 9999.0000000000 9999.0000000000 9999.0000000000 1.7300109863 1.4466552734 1.1433410645 1.5766601562 0.6933593750 0.4366760254 1.6733093262 1.4933166504
9999.0000000000 9999.0000000000 9999.0000000000 6.1066589355 5.7099914551 5.1833496094 4.7633972168 4.0400390625 3.7933044434 3.9967041016 4.0299682617 4.2266540527 5.0266723633 4.7266540527 4.1266784668 4.0400085449 4.1632995605 3.8133850098 3.4466552734 2.4666748047 2.8933715820 3.2467041016 3.1866760254 3.9833679199 9999.0000000000 9999.0000000000 9999.0000000000 9999.0000000000 9999.0000000000 9999.0000000000 9999.0000000000 9999.0000000000 9999.0000000000 9999.0000000000 9999.0000000000 9999.0000000000 9999.0000000000 9999.0000000000 9999.0000000000 9999.0000000000 9999.0000000000 1.6566467285 1.2699890137 1.3900146484 1.5466613770 1.5933227539 0.6300354004 0.3733215332
9999.0000000000 9999.0000000000 9999.0000000000 6.1900024414 5.1033325195 4.9766540527 4.7633056641 4.7266540527 4.6566467285 4.6733398438 4.6733398438 5.0867004395 9999.0000000000 9999.0000000000 9999.0000000000 9999.0000000000 9999.0000000000 4.3833312988 3.8333740234 3.7699890137 3.4900207520 3.8266906738 3.6732788086 4.3732910156 4.3866577148 9999.0000000000 9999.0000000000 9999.0000000000 9999.0000000000 9999.0000000000 9999.0000000000 9999.0000000000 9999.0000000000 9999.0000000000 9999.0000000000 9999.0000000000 9999.0000000000 9999.0000000000 2.5400085449 1.9433288574 2.0466308594 1.6567077637 1.3766784668 1.4099426270 1.3566589355 1.4866638184 1.3200073242 1.2400207520
9999.0000000000 9999.0000000000 9999.0000000000 6.3633422852 6.0700378418 5.2800292969 5.1666259766 5.1133422852 4.9233703613 4.8233642578 4.8233032227 4.7566223145 9999.0000000000 9999.0000000000 4.8733520508 5.2200012207 4.3999938965 3.7499694824 4.3067016602 3.9600219727 3.2933044434 3.7232971191 3.7599792480 3.7633056641 4.3733520508 9999.0000000000 9999.0000000000 9999.0000000000 9999.0000000000 9999.0000000000 9999.0000000000 9999.0000000000 9999.0000000000 3.6400146484 3.4866943359 3.0232849121 2.4499816895 2.1600036621 2.1466979980 2.0500183105 1.8699951172 1.6666259766 1.4899902344 1.2199707031 1.2233276367 1.2433166504 1.2666625977 1.1900329590
9999.0000000000 9999.0000000000 9999.0000000000 9999.0000000000 6.3499755859 5.4566955566 5.3433837891 4.7799987793 4.8733215332 4.5866699219 4.8333435059 5.2966308594 9999.0000000000 9999.0000000000 5.1766967773 4.7466430664 3.0933532715 3.3566894531 4.0167236328 3.7500305176 4.0867004395 3.9099426270 3.6533508301 3.7833557129 3.8733215332 3.7799987793 4.2000427246 4.4933166504 9999.0000000000 9999.0000000000 9999.0000000000 9999.0000000000 9999.0000000000 3.3433837891 9999.0000000000 2.9300231934 2.6333618164 2.3900146484 2.0833435059 1.9232788086 1.7633361816 1.6933288574 1.5299987793 1.3333740234 1.3199768066 1.1033020020 1.2033386230 1.1266479492
9999.0000000000 9999.0000000000 9999.0000000000 6.3266906738 6.0365905762 5.6333312988 5.5266723633 5.3533630371 4.8533325195 5.4200439453 5.7833251953 5.6433105469 9999.0000000000 5.4866638184 5.1699829102 5.0399475098 3.5100097656 3.3533325195 3.9132690430 4.0366516113 4.0666198730 3.9266662598 3.8633728027 4.0899658203 3.9033813477 3.7866516113 4.1833190918 4.3999938965 9999.0000000000 9999.0000000000 9999.0000000000 9999.0000000000 3.7300109863 3.2500305176 3.0933227539 2.8666992188 2.8266906738 2.6566162109 2.2633361816 2.0166931152 1.5666809082 1.3066406250 1.0666809082 1.1266784668 1.1199951172 0.9766540527 0.9667053223 0.9699401855
9999.0000000000 9999.0000000000 9999.0000000000 6.6133117676 6.1166381836 5.5000000000 6.1933288574 6.3266296387 6.1933288574 9999.0000000000 9999.0000000000 9999.0000000000 9999.0000000000 5.7000122070 5.5766906738 4.8299865723 4.2100219727 4.1666564941 4.2966918945 4.5366516113 4.0700683594 4.5266723633 4.1933288574 4.3166809082 4.4166259766 4.6133422852 4.6133422852 9999.0000000000 9999.0000000000 9999.0000000000 9999.0000000000 3.9266967773 3.7333374023 3.3266296387 3.0666809082 2.9966735840 2.8233337402 2.7599792480 2.2666625977 1.9100036621 1.4899902344 0.6666870117 0.1499938965 0.1799926758 0.2700500488 0.0533142090 0.4500427246 0.7233276367
9999.0000000000 9999.0000000000 9999.0000000000 9999.0000000000 7.1166992188 9999.0000000000 9999.0000000000 9999.0000000000 9999.0000000000 9999.0000000000 9999.0000000000 9999.0000000000 9999.0000000000 9999.0000000000 9999.0000000000 5.6166687012 5.2999572754 5.1733093262 4.8000183105 4.4266967773 4.1600036621 4.2199707031 4.2767028809 4.2200012207 4.3333129883 4.8433837891 5.0333251953 9999.0000000000 4.3200378418 4.2233581543 3.9066467285 3.6933593750 3.5599670410 3.2733459473 3.2233581543 3.1133422852 2.9199829102 2.8200378418 2.2966613770 0.9933471680 0.2699584961 0.0533447266 0.0100097656 -0.1766967773 -0.0933227539 0.2033081055 0.3066406250 0.2866821289
9999.0000000000 9999.0000000000 9999.0000000000 9999.0000000000 9999.0000000000 9999.0000000000 9999.0000000000 9999.0000000000 9999.0000000000 9999.0000000000 9999.0000000000 9999.0000000000 9999.0000000000 9999.0000000000 5.7833557129 5.4233093262 4.9933166504 5.3299865723 5.3800354004 5.0232849121 5.1533203125 5.4933776855 5.2500000000 5.3933105469 5.6233215332 4.7266540527 9999.0000000000 4.6233825684 4.0200195312 3.6266784668 3.3266601562 3.0633544922 3.1866455078 2.8399658203 2.7033386230 2.5633239746 1.8033447266 1.9300537109 1.8166503906 0.9466552734 0.5399780273 0.2133789062 -0.2966308594 -0.4800109863 -0.5033264160 -0.6233520508 -0.6466369629 -0.7699890137
9999.0000000000 9999.0000000000 9999.0000000000 9999.0000000000 9999.0000000000 9999.0000000000 9999.0000000000 9999.0000000000 9999.0000000000 9999.0000000000 9999.0000000000 9999.0000000000 6.8333435059 6.6900024414 6.6033630371 6.0366210938 6.2766723633 9999.0000000000 9999.0000000000 9999.0000000000 9999.0000000000 9999.0000000000 9999.0000000000 9999.0000000000 9999.0000000000 9999.0000000000 4.5966796875 4.6966247559 4.0933532715 3.6999511719 3.2866821289 2.8133544922 2.8399658203 2.3666381836 2.0700073242 1.4300231934 1.1133422852 0.9233398438 1.3166503906 0.9333190918 0.5033569336 0.4866943359 -0.0000305176 -0.4966125488 -0.3099975586 -0.4333190918 -0.8699951172 -1.5999450684
9999.0000000000 9999.0000000000 9999.0000000000 9999.0000000000 9999.0000000000 9999.0000000000 9999.0000000000 9999.0000000000 9999.0000000000 9999.0000000000 9999.0000000000 9999.0000000000 9999.0000000000 9999.0000000000 9999.0000000000 9999.0000000000 9999.0000000000 9999.0000000000 5.8766784668 9999.0000000000 5.5066833496 5.3367004395 9999.0000000000 9999.0000000000 5.6233215332 5.1466369629 4.7733459473 4.1767272949 4.2733764648 3.9766540527 3.5399780273 3.0566406250 2.4166259766 1.6999816895 1.2399902344 1.0900268555 1.4299926758 1.3333740234 0.9033203125 1.1766357422 1.3900146484 0.6900024414 0.2799987793 -0.2099914551 -0.4199829102 -0.3533325195 -0.8866577148 -1.4199829102
9999.0000000000 9999.0000000000 9999.0000000000 9999.0000000000 9999.0000000000 9999.0000000000 9999.0000000000 9999.0000000000 9999.0000000000 9999.0000000000 9999.0000000000 9999.0000000000 9999.0000000000 9999.0000000000 9999.0000000000 9999.0000000000 9999.0000000000 9999.0000000000 6.2699890137 5.9733276367 6.6033630371 5.9333190918 5.5632934570 5.3766174316 5.0900268555 4.8033447266 4.6299743652 4.5433349609 4.4400024414 4.1300048828 3.4900207520 2.9266662598 2.7733154297 2.2299804688 1.7966613770 1.6633605957 1.9833068848 1.8599853516 1.4199829102 1.1966552734 1.6033630371 1.1666870117 0.6700134277 -0.3333435059 -1.1433410645 -0.8733215332 -0.7966613770 -1.3466186523
9999.0000000000 9999.0000000000 9999.0000000000 9999.0000000000 9999.0000000000 9999.0000000000 9999.0000000000 9999.0000000000 9999.0000000000 9999.0000000000 9999.0000000000 9999.0000000000 9999.0000000000 9999.0000000000 7.3266296387 6.9366760254 7.0533752441 6.7733154297 6.2899780273 6.1833190918 6.3200073242 5.4499816895 4.5666809082 4.3800048828 4.2866821289 3.9966430664 4.2199707031 4.3099975586 4.7233581543 4.5032958984 3.6500244141 3.1866760254 2.7333374023 2.5799865723 1.8267211914 1.5833435059 1.4166564941 1.6932983398 1.2999572754 1.7366333008 0.9533386230 0.3866577148 0.6433410645 -0.9499816895 -1.0733337402 -0.6866455078 -0.9366455078 -1.2666320801
9999.0000000000 9999.0000000000 9999.0000000000 9999.0000000000 9999.0000000000 9999.0000000000 9999.0000000000 9999.0000000000 9999.0000000000 9999.0000000000 9999.0000000000 9999.0000000000 9999.0000000000 9999.0000000000 7.5500183105 6.7366638184 6.3633422852 6.1766662598 6.0000305176 5.9133300781 5.6233215332 5.2599792480 4.7733154297 4.3766784668 4.5866699219 3.9899902344 3.7899780273 3.8966674805 4.2033386230 4.2699890137 3.9166870117 3.3467102051 2.9833068848 2.3466796875 1.8632812500 1.5933532715 1.3733520508 0.6966857910 0.4866333008 1.5599975586 -0.5333251953 -0.1433410645 -0.4299926758 -0.6233215332 -0.6799926758 -0.4033508301 -0.5299987793 -1.0933227539
