model_inputs/inputs/tas10.asc
ncols 720
nrows 360
xllcorner -180
yllcorner -90
cellsize 0.500000
NODATA_value 9999.000000
[rows 42 to 62 of 360, columns 576 to 623 of 720]
-11.1266479492 -11.0332946777 -11.1499938965 -11.5499877930 -11.8700256348 -11.8733520508 -12.1900024414 -11.8966674805 -12.1933288574 -12.3200073242 -12.1400451660 -11.9599609375 -12.1867065430 -12.2099914551 -11.9233398438 -12.0367126465 -12.0533447266 -12.0700378418 -11.8899841309 -12.2100219727 -12.1300048828 -12.2466735840 -12.6699829102 -12.5833129883 -12.7999877930 -12.6299743652 -12.6433410645 -12.6600341797 -12.3833312988 -12.5933227539 -12.6100158691 -12.7133483887 -12.8033447266 -13.1766662598 -13.5400695801 -13.7166442871 -13.9899902344 -15.3566589355 -16.6232910156 -17.9033355713 -18.9699707031 -21.3366699219 -19.9133605957 -18.7700347900 -17.6533050537 -16.2299804688 -15.9966735840 -16.8566894531
-10.8999938965 -10.6166687012 -10.8266601562 -11.1366577148 -11.2466430664 -11.4533081055 -11.8666076660 -11.5866699219 -11.2933654785 -11.7766723633 -11.6833496094 -11.6999816895 -11.7099914551 -11.4266967773 -11.6433410645 -11.3600463867 -11.5833129883 -11.5966491699 -11.3133544922 -11.5200195312 -12.0499877930 -12.0566101074 -12.2733154297 -12.0966796875 -12.2099914551 -12.1366577148 -12.0366516113 -12.1567077637 -11.8866577148 -12.0300292969 -12.1700134277 -12.2066650391 -12.3900146484 -12.7700195312 -13.5366821289 -13.9199829102 -14.4966430664 -16.6766967773 -17.6433258057 -18.6299896240 -20.3866577148 -21.2666473389 -19.5300445557 -19.4033355713 -18.2766723633 -16.4499816895 -16.5199890137 -16.0000305176
-10.9733276367 -11.1799316406 -11.5966796875 -11.5100097656 -11.8200073242 -11.7399902344 -11.4433593750 -11.6566772461 -11.4533081055 -11.9233398438 -11.5099792480 -11.4866943359 -11.6033325195 -11.5133361816 -11.4333190918 -11.1533203125 -10.7600402832 -10.9866638184 -11.2999877930 -11.6199340820 -11.4333190918 -11.5533142090 -11.6600036621 -11.8833618164 -11.4966735840 -11.8500366211 -11.9933471680 -12.0466918945 -11.8033142090 -11.5333251953 -11.6766357422 -11.8066406250 -11.8733215332 -12.3466491699 -13.0133361816 -13.1867065430 -14.7666931152 -16.5333251953 -17.4233551025 -17.6000213623 -19.9666595459 -20.0500030518 -18.5299835205 -17.5066528320 -16.7899780273 -15.9600524902 -15.7333068848 -16.0200195312
-10.7600097656 -10.7633361816 -10.8633422852 -10.7799987793 -10.8966369629 -11.4000244141 -11.5166625977 -12.0266723633 -11.4066772461 -11.3932800293 -11.0600585938 -11.7300109863 -11.6233215332 -11.6099548340 -11.5166320801 -11.3366699219 -11.2500000000 -11.1700134277 -11.0866699219 -11.0000000000 -10.9266662598 -11.3666381836 -11.3199768066 -11.5633239746 -11.5133361816 -11.6666870117 -11.5166931152 -11.5666503906 -11.4200134277 -11.2500305176 -11.1933593750 -11.3966674805 -11.5533142090 -11.9233703613 -12.5833435059 -12.8666687012 -14.1399841309 -16.0166625977 -16.8866882324 -18.0700225830 -18.9533538818 -19.7166748047 -18.3999938965 -16.5799865723 -15.8566589355 -15.8466491699 -15.5033264160 -14.9900207520
-11.7199707031 -11.5333251953 -11.8466796875 -10.7600097656 -10.4666748047 -10.6733398438 -11.3833618164 -11.5766601562 -11.4633178711 -11.4466247559 -11.5166625977 -11.4900207520 -11.2633666992 -11.4532775879 -11.0466918945 -11.0233459473 -10.6300048828 -10.6867065430 -10.6433105469 -10.3800048828 -10.4366760254 -10.4800109863 -10.4266967773 -10.5799865723 -10.8266601562 -10.9732971191 -11.0266418457 -11.0667114258 -10.7133483887 -10.7566833496 -10.8032836914 -10.8833312988 -10.9433288574 -11.5033264160 -11.9733276367 -13.2266845703 -14.9200134277 -16.0799865723 -16.7633361816 -17.5500183105 -18.1266784668 -17.9000091553 -16.6666564941 -16.1466674805 -16.0266723633 -16.0099792480 -15.1833801270 -13.9632873535
-11.4866943359 -11.6900024414 -11.5166320801 -11.2199707031 -10.8366699219 -10.2399902344 -11.1499938965 -11.3366699219 -10.8233337402 -10.7099914551 -10.6799926758 -10.7466430664 -10.4200134277 -10.2232971191 -10.6466674805 -10.5599670410 -10.2732849121 -10.4000244141 -10.2266845703 -9.8833007812 -9.8333435059 -9.8766174316 -10.0299987793 -10.0632934570 -10.3100280762 -10.4666442871 -10.6033325195 -10.5499877930 -10.2866516113 -10.3233642578 -10.2433166504 -10.3366699219 -10.5333557129 -10.7899780273 -11.3433227539 -12.5166625977 -13.6799926758 -14.7599792480 -15.7433471680 -16.6133117676 -17.8933258057 -17.6766662598 -18.1433258057 -17.5199584961 -16.9000244141 -15.9733581543 -14.2400207520 -14.7366638184
-10.8600463867 -11.3733215332 -11.0899963379 -11.0933532715 -11.1067199707 -11.0166625977 -11.2033386230 -10.9066467285 -10.4966735840 -10.7700195312 -10.7267150879 -10.6100158691 -9.9266662598 -9.9733581543 -9.6766662598 -9.8966979980 -10.0166625977 -9.9266357422 -9.7366943359 -9.5566406250 -9.3067016602 -9.4533386230 -9.3899536133 -9.5466308594 -9.6866760254 -9.8333435059 -9.8733215332 -9.8266601562 -10.0666503906 -9.9133300781 -9.7900085449 -9.8666687012 -9.9766540527 -10.1733093262 -10.4299926758 -11.0000000000 -12.3632812500 -13.5233154297 -14.7133789062 -15.0833129883 -16.7699890137 -17.0433654785 -18.8166656494 -18.6966400146 -16.8666687012 -15.9333190918 -15.3200073242 -14.8900146484
-9.6433105469 -9.8399963379 -9.8566894531 -10.4666442871 -10.3733215332 -10.3800354004 -9.8633728027 -10.0666503906 -10.2433471680 -10.2299804688 -10.2200317383 -10.2133178711 -9.8433837891 -9.6000061035 -9.3466796875 -9.2532958984 -9.2633361816 -8.8666992188 -8.8800048828 -8.8899841309 -8.9066772461 -8.9232788086 -8.7666931152 -9.0166625977 -9.1666870117 -9.3033447266 -9.4466552734 -9.6067199707 -9.5433654785 -9.5499877930 -9.4367065430 -9.4100341797 -9.5033264160 -9.5967102051 -9.7999877930 -10.4866333008 -11.5466918945 -12.2133178711 -13.0799865723 -14.4566650391 -15.7333679199 -16.9033203125 -17.8933258057 -17.2700042725 -17.2400360107 -15.8100280762 -15.4866333008 -15.8633728027
-9.3100280762 -9.3166503906 -9.0266723633 -9.2466735840 -9.2500000000 -9.3333129883 -9.3266601562 -9.0166931152 -9.0099792480 -9.1133117676 -9.3300170898 -9.1366882324 -9.0700073242 -8.9133605957 -9.1766662598 -8.8999938965 -8.3233032227 -8.2266845703 -8.3333129883 -8.4466552734 -8.4466552734 -8.5499877930 -8.4666442871 -8.3933105469 -8.5333557129 -8.7799987793 -8.9299926758 -9.0733337402 -9.1966857910 -9.2833251953 -9.1699829102 -9.0466918945 -8.9433288574 -9.0499877930 -9.2433471680 -9.4367065430 -11.1300354004 -11.4866638184 -12.7466735840 -14.6233215332 -16.3033447266 -16.7799987793 -15.3599853516 -16.4199829102 -16.8133544922 -16.0833435059 -16.8566589355 -17.5466918945
-8.8766784668 -8.7966308594 -8.5033569336 -8.6133728027 -8.8066406250 -8.7966613770 -8.7933654785 -8.8766784668 -8.9033203125 -8.9233398438 -8.9299621582 -8.9366455078 -8.7866516113 -8.7433166504 -8.2899780273 -7.9600219727 -7.7666625977 -7.7766418457 -7.8899841309 -8.0000305176 -8.0033264160 -8.0100097656 -7.9166564941 -8.2132873535 -8.1300048828 -8.0599670410 -8.1999511719 -8.3399658203 -8.7533874512 -8.7300109863 -8.6033325195 -8.6933288574 -8.5666503906 -8.5633544922 -8.6666870117 -8.7633361816 -9.0566711426 -9.7733459473 -10.5300292969 -11.8934020996 -12.8732910156 -13.7566528320 -14.4166564941 -14.6999816895 -13.5633239746 -14.2433166504 -15.4300231934 -15.1433715820
-8.5633544922 -8.4633483887 -7.5733642578 -7.9766540527 -8.3700256348 -8.4500122070 -8.4566955566 -8.0867004395 -8.1133422852 -8.2366943359 -8.3432922363 -8.1667175293 -8.2200012207 -8.0699768066 -8.3133239746 -8.0600280762 -7.5166931152 -7.4400024414 -7.5466613770 -7.6433410645 -7.6600341797 -7.6766967773 -7.6700439453 -7.5933227539 -7.2833251953 -7.6033325195 -7.5000000000 -7.6100158691 -7.8799743652 -7.9533386230 -7.9366760254 -7.9133605957 -8.0000000000 -8.1966247559 -8.2933349609 -8.4066772461 -8.3966674805 -8.5899658203 -8.7966918945 -8.9766845703 -9.2366333008 -9.9099731445 -9.8933105469 -10.0633239746 -10.0466613770 -10.3200073242 -10.9299926758 -11.4400329590
-7.1300048828 -7.8366699219 -7.1499938965 -7.3400268555 -7.9333496094 -7.9366455078 -7.9766845703 -8.0066528320 -8.0133056641 -8.0533447266 -8.0499877930 -8.0867004395 -7.9299621582 -7.8833312988 -7.4399719238 -7.0800170898 -7.0433349609 -6.9899597168 -7.1000061035 -7.2100219727 -7.2100219727 -7.2300109863 -7.1366577148 -7.4300231934 -7.2500000000 -7.3367004395 -7.4067077637 -7.6033325195 -7.6966857910 -7.7499694824 -7.8099975586 -7.8666687012 -7.9332885742 -8.0200195312 -8.1233520508 -8.2266845703 -8.2266845703 -8.3233337402 -8.5333251953 -8.4133300781 -8.8166503906 -8.7966613770 -9.0566406250 -8.9366760254 -9.1066589355 -9.3099975586 -9.5233459473 -9.5400085449
-6.1965942383 -6.7133483887 -7.5033264160 -7.4833679199 -7.3066711426 -6.8533325195 -6.3799743652 -7.0100097656 -6.9432983398 -6.9533081055 -7.1600036621 -7.1000061035 -6.9500427246 -6.7999572754 -6.4700012207 -6.6133728027 -6.6566772461 -6.7233276367 -6.5566711426 -6.5700073242 -6.8800048828 -6.8800048828 -7.0867004395 -7.1500244141 -7.1333312988 -7.1033325195 -7.4866638184 -7.4900207520 -7.7100219727 -7.7866821289 -7.7366638184 -7.8099670410 -7.7600097656 -7.7267150879 -7.9066467285 -7.9933166504 -7.9599914551 -8.1499938965 -8.1533203125 -8.3599853516 -8.6566772461 -8.8600158691 -9.0299987793 -8.5033569336 -8.5833129883 -8.7933654785 -9.5100097656 -9.7333068848
-5.7699890137 -6.0666503906 -6.4633483887 -6.6932983398 -6.6267089844 -6.3466796875 -6.1900024414 -6.8132934570 -6.8500061035 -6.6632995605 -7.1666870117 -6.9099731445 -6.4733276367 -6.8299865723 -6.3866882324 -6.2466735840 -6.1866760254 -6.3333129883 -6.2899475098 -6.2199707031 -6.4033508301 -6.4833374023 -6.6533203125 -7.0300292969 -6.9100341797 -7.1766662598 -7.6700439453 -7.4766540527 -7.4866333008 -7.3966674805 -7.1766967773 -7.1433410645 -7.2000122070 -7.3566589355 -7.5299682617 -7.6033630371 -7.6867065430 -7.7733459473 -8.1499938965 -8.2266540527 -8.2066345215 -8.2933044434 -8.4733276367 -8.2699890137 -8.2799377441 -8.4999694824 -9.1133117676 -9.2266845703
-5.7433166504 -6.1466979980 -5.6799926758 -5.5933532715 -6.7333374023 -6.9633483887 -6.8899841309 -7.0233459473 -7.0566711426 -6.1800231934 -7.0966186523 -6.6433410645 -6.7033386230 -6.7566223145 -6.6066589355 -6.5666809082 -6.4133300781 -6.0566406250 -5.8966674805 -5.8866271973 -6.0832824707 -6.0533142090 -6.1466674805 -6.3166503906 -5.8866577148 -6.4566650391 -6.7700195312 -7.2700195312 -7.7899475098 -7.6966552734 -7.7933349609 -7.7565917969 -7.6267089844 -7.3899841309 -7.1566467285 -7.1333312988 -7.1133422852 -7.3966979980 -7.5800170898 -7.7566528320 -7.9366760254 -8.1100158691 -7.9999694824 -7.6666870117 -7.9766540527 -8.2866516113 -8.7000122070 -8.8333435059
-5.4199829102 -5.4666748047 -5.4866333008 -5.4200134277 -6.3599853516 -6.5733337402 -6.6100158691 -6.6400146484 -6.6733093262 -6.4999694824 -6.5266723633 -6.3833007812 -6.0266723633 -6.0800170898 -6.0433349609 -6.2033691406 -6.3299865723 -5.9433898926 -6.0366516113 -6.1333923340 -6.0266723633 -6.1300048828 -6.0033264160 -6.1766662598 -5.9500732422 -5.7366333008 -6.5599670410 -7.2600097656 -7.1733093262 -7.0867004395 -7.3933410645 -7.5867004395 -7.5533142090 -7.4266662598 -7.1833496094 -7.0633850098 -6.9366760254 -6.8333435059 -6.9033508301 -6.9933471680 -7.0766296387 -7.2500000000 -7.4966735840 -7.7666320801 -7.9633483887 -8.2767028809 -8.2900085449 -8.4233398438
-5.5366821289 -5.6633300781 -5.6100158691 -5.7532958984 -6.1800231934 -6.2033081055 -6.2399902344 -6.1700134277 -6.1000061035 -6.2166748047 -5.9667053223 -5.4166564941 -5.6699829102 -5.5233459473 -5.5566406250 -5.8733215332 -5.7766723633 -5.7966613770 -5.5866394043 -5.9800109863 -5.9765930176 -5.8700256348 -5.8633117676 -6.2499694824 -5.5366821289 -5.6366577148 -5.6400146484 -6.0633239746 -6.3666687012 -6.5799560547 -6.4899902344 -6.3999633789 -6.6766357422 -6.8399963379 -6.8166503906 -6.9933471680 -7.5833435059 -7.8533630371 -7.7366333008 -7.7166442871 -7.9899902344 -8.0433349609 -8.2966918945 -8.0666809082 -7.8733825684 -7.9700012207 -7.8800048828 -7.8000183105
-5.2632751465 -5.5833435059 -5.5133666992 -5.7500305176 -5.7966613770 -5.7266845703 -5.6632995605 -5.4866333008 -5.4300231934 -5.4400024414 -5.2900085449 -5.0433654785 -5.2900390625 -5.8000488281 -6.2199707031 -6.4366455078 -6.2366943359 -5.6333618164 -4.9267272949 -5.5300598145 -5.6433715820 -5.7166442871 -5.5133056641 -5.4933166504 -5.1000366211 -5.2233581543 -5.5400085449 -5.7533264160 -6.9600219727 -6.2699584961 -7.0799865723 -6.5932922363 -6.5999450684 -6.9700317383 -7.1500244141 -7.4200134277 -7.6066894531 -7.7766418457 -7.7700195312 -7.8332824707 -7.5900268555 -7.6366577148 -7.3866271973 -7.1632995605 -7.1733093262 -7.3633422852 -7.4766540527 -7.4933166504
-4.5766296387 -4.8966369629 -4.9099731445 -4.9533081055 -4.9866943359 -4.9366760254 -4.7700500488 -4.5166625977 -4.3500061035 -4.4732971191 -4.8166503906 -5.4266662598 -6.0400085449 -6.4599914551 -7.9633789062 -7.5800170898 -7.7766418457 -6.4700012207 -5.9533081055 -5.6666564941 -4.9899902344 -5.0766296387 -5.0566711426 -5.2566223145 -5.3699951172 -5.4966735840 -5.5032958984 -5.8300170898 -6.5566711426 -6.6799621582 -6.7866821289 -6.7966613770 -6.1100158691 -6.4033508301 -6.7733154297 -6.6499938965 -6.7300109863 -6.8233337402 -6.8699951172 -6.7233581543 -6.9833068848 -7.1300354004 -6.8866271973 -7.1499938965 -7.0766906738 -6.9667053223 -6.7866821289 -6.9932861328
-4.4833068848 -4.6133728027 -4.5266418457 -4.5566406250 -4.5032958984 -4.1333312988 -4.0799865723 -4.0166320801 -4.2566528320 -4.2766723633 -6.1866455078 -6.6867065430 -7.2933349609 -8.3066711426 -7.6200256348 -7.1299743652 -8.2133178711 -7.0200500488 -6.9033203125 -6.8166503906 -6.5299682617 -5.1233520508 -4.8166503906 -4.9200439453 -5.0332946777 -5.3566894531 -5.1733398438 -5.1966552734 -6.0266418457 -6.1366577148 -6.7800292969 -6.6000061035 -6.2232971191 -5.8166503906 -5.9132995605 -5.7833557129 -6.1632995605 -6.3166503906 -7.0667114258 -7.2299804688 -6.7666320801 -6.8199462891 -6.6833496094 -6.3666992188 -6.3699645996 -6.2666931152 -6.0766296387 -6.0833435059
-4.3133850098 -4.3266906738 -3.7500305176 -3.7633361816 -3.7933044434 -3.8333435059 -4.0766906738 -4.4133300781 -4.9600219727 -5.2866821289 -6.3466796875 -6.6499633789 -7.4533081055 -7.4666442871 -7.9666442871 -7.3766784668 -6.4533386230 -6.9533386230 -6.1433105469 -5.7666320801 -4.8733215332 -5.3733215332 -5.5633544922 -4.6800231934 -4.5000000000 -4.6133117676 -5.0466918945 -4.9599914551 -5.3766479492 -6.5066833496 -7.3266601562 -6.5632934570 -6.2933044434 -6.0132751465 -6.3366699219 -6.5033264160 -7.3666687012 -7.2066650391 -6.3633117676 -6.4133300781 -6.2700195312 -6.0200500488 -6.1666870117 -5.8633117676 -5.8633117676 -5.8766174316 -5.9766540527 -6.1900024414
