model_inputs/inputs/tas11.asc
ncols 720
nrows 360
xllcorner -180
yllcorner -90
cellsize 0.500000
NODATA_value 9999.000000
[rows 126 to 146 of 360, columns 144 to 191 of 720]
17.2799987793 11.7532958984 10.9566650391 12.2833251953 12.9399719238 13.8333129883 14.4299621582 15.5366821289 15.8500061035 15.7232971191 15.6833496094 15.9566345215 16.1133728027 16.2666625977 17.0366821289 18.3733215332 19.4666748047 19.3533325195 19.3133239746 19.7666320801 19.9599609375 19.5967102051 9999.0000000000 9999.0000000000 9999.0000000000 9999.0000000000 9999.0000000000 9999.0000000000 9999.0000000000 9999.0000000000 9999.0000000000 9999.0000000000 9999.0000000000 9999.0000000000 9999.0000000000 9999.0000000000 9999.0000000000 9999.0000000000 9999.0000000000 9999.0000000000 9999.0000000000 9999.0000000000 9999.0000000000 9999.0000000000 9999.0000000000 9999.0000000000 9999.0000000000 9999.0000000000
18.1699829102 14.7866821289 11.0866088867 9.8099975586 12.5699768066 13.4566650391 14.5466918945 15.7466735840 16.5599975586 16.2366333008 16.6932678223 15.8033142090 15.3200073242 15.6833496094 16.8666992188 18.0700683594 19.6566772461 20.0632934570 19.9333496094 20.0900268555 20.2733459473 19.9966735840 9999.0000000000 9999.0000000000 9999.0000000000 9999.0000000000 9999.0000000000 9999.0000000000 9999.0000000000 9999.0000000000 9999.0000000000 9999.0000000000 9999.0000000000 9999.0000000000 9999.0000000000 9999.0000000000 9999.0000000000 9999.0000000000 9999.0000000000 9999.0000000000 9999.0000000000 9999.0000000000 9999.0000000000 9999.0000000000 9999.0000000000 9999.0000000000 9999.0000000000 9999.0000000000
21.3033447266 17.0066528320 12.1199951172 10.8266906738 11.7133178711 14.0966796875 14.0833129883 14.7467041016 16.3400268555 17.2100219727 16.9799804688 16.6766052246 16.0833129883 15.6533203125 15.2299804688 18.0899963379 19.3266906738 19.3699951172 19.9266357422 20.2133483887 20.4466552734 20.6066894531 9999.0000000000 9999.0000000000 9999.0000000000 9999.0000000000 9999.0000000000 9999.0000000000 9999.0000000000 9999.0000000000 9999.0000000000 9999.0000000000 9999.0000000000 9999.0000000000 9999.0000000000 9999.0000000000 9999.0000000000 9999.0000000000 9999.0000000000 9999.0000000000 9999.0000000000 9999.0000000000 9999.0000000000 9999.0000000000 9999.0000000000 9999.0000000000 9999.0000000000 9999.0000000000
23.1400146484 21.0400085449 16.9399719238 11.5633239746 12.3266906738 14.0166625977 14.9732971191 16.2566528320 16.9300231934 16.5033874512 16.6066589355 16.8233642578 15.5566711426 14.3233642578 13.2233581543 14.9799194336 18.4800415039 19.6466674805 20.6999816895 20.5733032227 20.5266723633 20.6900024414 9999.0000000000 9999.0000000000 9999.0000000000 9999.0000000000 9999.0000000000 9999.0000000000 9999.0000000000 9999.0000000000 9999.0000000000 9999.0000000000 9999.0000000000 9999.0000000000 9999.0000000000 9999.0000000000 9999.0000000000 9999.0000000000 9999.0000000000 9999.0000000000 9999.0000000000 9999.0000000000 9999.0000000000 9999.0000000000 9999.0000000000 9999.0000000000 9999.0000000000 9999.0000000000
24.0399780273 23.7366943359 21.5266723633 17.5633544922 12.2366638184 12.7233276367 14.7933044434 15.4599914551 16.0200195312 16.7033081055 16.6399841309 16.3566894531 15.7000122070 15.0599975586 14.6733093262 14.3666076660 17.1966552734 19.7166748047 20.1699829102 20.9432983398 20.8133239746 9999.0000000000 9999.0000000000 9999.0000000000 9999.0000000000 9999.0000000000 9999.0000000000 9999.0000000000 9999.0000000000 9999.0000000000 9999.0000000000 9999.0000000000 9999.0000000000 9999.0000000000 9999.0000000000 9999.0000000000 9999.0000000000 9999.0000000000 9999.0000000000 9999.0000000000 9999.0000000000 9999.0000000000 9999.0000000000 9999.0000000000 9999.0000000000 9999.0000000000 9999.0000000000 9999.0000000000
24.5567016602 24.6600036621 23.3599853516 17.7033081055 13.4799804688 11.5733642578 13.4833068848 15.0533447266 14.6332702637 15.6166381836 16.0800170898 16.2000122070 15.3466491699 15.1233825684 15.1533508301 15.3966674805 15.8899841309 20.2367248535 21.1366577148 21.0166625977 21.1066894531 9999.0000000000 9999.0000000000 9999.0000000000 9999.0000000000 9999.0000000000 9999.0000000000 9999.0000000000 9999.0000000000 9999.0000000000 9999.0000000000 9999.0000000000 9999.0000000000 9999.0000000000 9999.0000000000 9999.0000000000 9999.0000000000 9999.0000000000 9999.0000000000 9999.0000000000 9999.0000000000 9999.0000000000 9999.0000000000 9999.0000000000 9999.0000000000 9999.0000000000 9999.0000000000 9999.0000000000
9999.0000000000 9999.0000000000 24.6000366211 21.6600341797 17.9233093262 13.8166503906 12.9933166504 15.2700195312 15.0433349609 15.7333374023 14.8166503906 15.2200012207 14.7633361816 15.0900268555 14.9200134277 16.0599975586 13.2232971191 18.1366271973 21.1300048828 20.9966735840 21.0932922363 9999.0000000000 9999.0000000000 9999.0000000000 9999.0000000000 9999.0000000000 9999.0000000000 9999.0000000000 9999.0000000000 9999.0000000000 9999.0000000000 9999.0000000000 9999.0000000000 9999.0000000000 9999.0000000000 9999.0000000000 9999.0000000000 9999.0000000000 9999.0000000000 9999.0000000000 9999.0000000000 9999.0000000000 9999.0000000000 9999.0000000000 9999.0000000000 9999.0000000000 9999.0000000000 9999.0000000000
9999.0000000000 9999.0000000000 24.7266540527 24.0766601562 21.3566894531 17.1366577148 15.4100036621 15.1899719238 13.8833312988 13.8566589355 13.8366699219 14.7933349609 14.7266845703 14.9566650391 16.1933288574 16.0466613770 15.5000305176 18.8533630371 21.3733825684 20.3767089844 21.6933288574 9999.0000000000 9999.0000000000 9999.0000000000 9999.0000000000 9999.0000000000 9999.0000000000 9999.0000000000 9999.0000000000 9999.0000000000 9999.0000000000 9999.0000000000 9999.0000000000 9999.0000000000 9999.0000000000 9999.0000000000 9999.0000000000 9999.0000000000 9999.0000000000 9999.0000000000 9999.0000000000 9999.0000000000 9999.0000000000 9999.0000000000 9999.0000000000 9999.0000000000 9999.0000000000 9999.0000000000
9999.0000000000 9999.0000000000 9999.0000000000 9999.0000000000 24.2366943359 21.8099975586 18.0866699219 16.7533569336 14.6166687012 13.2999877930 14.2632751465 14.5233459473 14.7899780273 15.8266601562 15.7633361816 17.2200012207 17.8666687012 20.8267211914 22.3933105469 22.1166381836 22.1800231934 9999.0000000000 9999.0000000000 9999.0000000000 9999.0000000000 9999.0000000000 9999.0000000000 9999.0000000000 9999.0000000000 9999.0000000000 9999.0000000000 9999.0000000000 9999.0000000000 9999.0000000000 9999.0000000000 9999.0000000000 9999.0000000000 9999.0000000000 9999.0000000000 9999.0000000000 9999.0000000000 9999.0000000000 9999.0000000000 9999.0000000000 9999.0000000000 9999.0000000000 9999.0000000000 24.3866577148
9999.0000000000 9999.0000000000 9999.0000000000 9999.0000000000 25.0299987793 24.0133666992 20.8900146484 17.7666625977 16.2266845703 15.5032958984 14.9733581543 15.1899719238 14.7600402832 15.0933227539 14.9400024414 17.3933410645 18.6466064453 20.5133361816 22.0699768066 22.1333007812 22.2799987793 9999.0000000000 9999.0000000000 9999.0000000000 9999.0000000000 9999.0000000000 9999.0000000000 9999.0000000000 9999.0000000000 9999.0000000000 9999.0000000000 9999.0000000000 9999.0000000000 9999.0000000000 9999.0000000000 9999.0000000000 9999.0000000000 9999.0000000000 9999.0000000000 9999.0000000000 9999.0000000000 9999.0000000000 9999.0000000000 9999.0000000000 9999.0000000000 9999.0000000000 9999.0000000000 24.6066284180
9999.0000000000 9999.0000000000 24.8466491699 9999.0000000000 25.3233337402 24.2133483887 21.7899780273 19.1733398438 17.2433166504 15.6000061035 15.8000183105 15.9166564941 14.7333679199 14.8766479492 15.1233215332 16.2799987793 20.1400146484 20.3933715820 22.1266479492 22.0599975586 21.9400329590 9999.0000000000 9999.0000000000 9999.0000000000 9999.0000000000 9999.0000000000 9999.0000000000 9999.0000000000 9999.0000000000 9999.0000000000 9999.0000000000 9999.0000000000 9999.0000000000 9999.0000000000 9999.0000000000 9999.0000000000 9999.0000000000 9999.0000000000 9999.0000000000 24.2599792480 24.2633056641 24.3866271973 9999.0000000000 9999.0000000000 9999.0000000000 9999.0000000000 25.1233520508 25.2300109863
9999.0000000000 9999.0000000000 9999.0000000000 25.1899719238 9999.0000000000 24.5867004395 19.8566284180 20.5499572754 19.5299987793 16.9100036621 16.2266845703 16.1399841309 15.8633117676 14.4666442871 15.6133117676 16.1466369629 19.3933105469 19.4300231934 20.9400329590 21.6567077637 21.7033386230 22.3566589355 9999.0000000000 9999.0000000000 9999.0000000000 9999.0000000000 9999.0000000000 9999.0000000000 9999.0000000000 9999.0000000000 9999.0000000000 9999.0000000000 9999.0000000000 9999.0000000000 9999.0000000000 24.4700317383 24.7866821289 24.4833374023 24.3799438477 24.0866394043 24.0933227539 24.4033203125 24.8133239746 9999.0000000000 9999.0000000000 9999.0000000000 9999.0000000000 9999.0000000000
9999.0000000000 9999.0000000000 9999.0000000000 9999.0000000000 9999.0000000000 24.7566528320 17.6366577148 17.5199890137 20.0100097656 18.8233032227 16.7633361816 16.2666931152 17.0900573730 17.2767333984 16.5466613770 15.2866210938 15.0133361816 14.9333801270 15.8367004395 20.1166381836 21.6666870117 22.1033325195 9999.0000000000 9999.0000000000 9999.0000000000 9999.0000000000 9999.0000000000 9999.0000000000 9999.0000000000 9999.0000000000 9999.0000000000 9999.0000000000 9999.0000000000 9999.0000000000 9999.0000000000 24.8833923340 24.6066894531 24.4066772461 24.3999938965 24.3133544922 24.4100646973 24.7333374023 25.0399780273 9999.0000000000 9999.0000000000 9999.0000000000 9999.0000000000 9999.0000000000
9999.0000000000 9999.0000000000 9999.0000000000 9999.0000000000 25.5300292969 23.4633178711 18.3133544922 18.7000427246 17.7899780273 17.6166687012 16.7632751465 17.5766601562 17.8633117676 16.8633117676 15.9133300781 14.7966613770 13.9065856934 14.3133239746 13.6400146484 14.4866638184 19.9266662598 21.7600402832 22.4200134277 9999.0000000000 9999.0000000000 9999.0000000000 9999.0000000000 9999.0000000000 9999.0000000000 9999.0000000000 9999.0000000000 9999.0000000000 9999.0000000000 9999.0000000000 9999.0000000000 24.9233398438 24.3299865723 24.1367187500 24.4366455078 24.6333312988 24.8533325195 25.2566528320 25.2566833496 9999.0000000000 9999.0000000000 9999.0000000000 9999.0000000000 9999.0000000000
9999.0000000000 9999.0000000000 9999.0000000000 9999.0000000000 9999.0000000000 26.7566833496 23.3999938965 20.5766601562 19.0866699219 18.0267028809 17.2133483887 14.6199951172 14.5266418457 15.4366760254 14.2733154297 13.8466186523 12.6366882324 13.8766784668 12.7132873535 11.8433227539 13.4933471680 14.1366271973 18.9866638184 22.7466735840 9999.0000000000 9999.0000000000 9999.0000000000 9999.0000000000 9999.0000000000 9999.0000000000 9999.0000000000 9999.0000000000 9999.0000000000 9999.0000000000 25.1300354004 24.5567016602 24.1599731445 23.9466857910 24.3500061035 24.6600036621 24.9633483887 9999.0000000000 9999.0000000000 9999.0000000000 9999.0000000000 9999.0000000000 9999.0000000000 9999.0000000000
9999.0000000000 9999.0000000000 9999.0000000000 9999.0000000000 9999.0000000000 25.9233398438 26.3833312988 24.3500061035 23.8699951172 21.3700256348 24.9799804688 20.8999633789 19.1999816895 19.6233215332 22.7133483887 17.5000305176 12.3900146484 12.3966369629 12.0733337402 14.0799560547 14.3666687012 12.8733520508 20.2666931152 24.0833435059 9999.0000000000 9999.0000000000 9999.0000000000 9999.0000000000 9999.0000000000 9999.0000000000 9999.0000000000 9999.0000000000 9999.0000000000 25.4366455078 24.5633544922 24.2867126465 23.8699951172 23.8832702637 24.2866516113 24.5867004395 24.9933471680 9999.0000000000 9999.0000000000 9999.0000000000 9999.0000000000 9999.0000000000 9999.0000000000 9999.0000000000
9999.0000000000 9999.0000000000 9999.0000000000 9999.0000000000 9999.0000000000 9999.0000000000 9999.0000000000 26.0433349609 26.3466491699 23.3632812500 23.3733215332 25.5833435059 27.3966369629 26.0099487305 25.9266357422 21.6166687012 18.1966552734 22.2966918945 21.1033325195 19.5033264160 16.7466735840 15.1867065430 21.4299926758 24.4199829102 24.7233581543 23.2899475098 24.3200378418 9999.0000000000 9999.0000000000 9999.0000000000 25.4033203125 25.5233459473 25.5466308594 25.2799987793 24.5066528320 24.1066284180 23.7099914551 23.6033020020 24.1066589355 24.7066650391 24.9199829102 9999.0000000000 9999.0000000000 9999.0000000000 9999.0000000000 9999.0000000000 9999.0000000000 9999.0000000000
9999.0000000000 9999.0000000000 9999.0000000000 9999.0000000000 9999.0000000000 9999.0000000000 9999.0000000000 9999.0000000000 27.6366882324 26.4599609375 25.3633422852 26.0765991211 27.5899963379 24.3233032227 26.2232971191 24.9233703613 23.2233276367 23.8899536133 22.8933105469 22.2033691406 18.2033386230 17.5933227539 19.1299743652 23.9732971191 24.1232910156 23.2866210938 23.0367126465 24.9533386230 24.5833435059 25.1066589355 25.5332641602 25.6633300781 25.5966796875 25.2199707031 24.6433105469 24.2299804688 23.7300109863 23.5299987793 24.1333312988 24.5200195312 25.5433349609 9999.0000000000 9999.0000000000 9999.0000000000 9999.0000000000 9999.0000000000 9999.0000000000 9999.0000000000
9999.0000000000 9999.0000000000 9999.0000000000 9999.0000000000 9999.0000000000 9999.0000000000 9999.0000000000 9999.0000000000 9999.0000000000 9999.0000000000 9999.0000000000 28.5700073242 28.4900512695 25.5366516113 21.3299865723 21.2232971191 22.6400146484 22.3666381836 21.3833312988 20.7033386230 16.9133300781 14.5200195312 16.2333679199 20.5866699219 24.2600097656 23.7000122070 24.0533752441 24.1000061035 24.1166992188 25.0366821289 25.6733398438 25.8933410645 25.6300048828 25.1532897949 24.7633361816 24.5633239746 23.8599853516 23.9466857910 24.4466247559 24.8533935547 9999.0000000000 9999.0000000000 9999.0000000000 9999.0000000000 9999.0000000000 9999.0000000000 9999.0000000000 9999.0000000000
9999.0000000000 9999.0000000000 9999.0000000000 9999.0000000000 9999.0000000000 9999.0000000000 9999.0000000000 9999.0000000000 9999.0000000000 9999.0000000000 9999.0000000000 9999.0000000000 9999.0000000000 28.2200317383 27.9366760254 25.0400085449 23.2399902344 22.9599914551 20.3699951172 18.4900207520 15.2966918945 16.3166198730 16.5233459473 15.7466735840 22.0700073242 23.8167114258 23.3599853516 22.9966430664 22.5400390625 22.8633728027 21.9100036621 23.3333129883 23.6499938965 24.3800048828 24.9866943359 24.8833312988 24.0766601562 23.8766784668 23.8767089844 24.6733398438 9999.0000000000 9999.0000000000 9999.0000000000 9999.0000000000 9999.0000000000 9999.0000000000 9999.0000000000 9999.0000000000
9999.0000000000 9999.0000000000 9999.0000000000 9999.0000000000 9999.0000000000 9999.0000000000 9999.0000000000 9999.0000000000 9999.0000000000 9999.0000000000 9999.0000000000 9999.0000000000 9999.0000000000 9999.0000000000 9999.0000000000 28.2466735840 27.3399963379 26.7466735840 26.2533264160 25.1666870117 19.6900329590 16.6933288574 17.6133422852 17.9466857910 20.3933105469 23.4200744629 23.6733093262 20.5933227539 22.6199645996 22.1166687012 18.5332946777 18.8666687012 21.8866882324 22.8166809082 24.6133728027 24.9966430664 23.9999694824 22.8966979980 22.1066894531 24.6199951172 9999.0000000000 9999.0000000000 9999.0000000000 9999.0000000000 26.5100097656 9999.0000000000 9999.0000000000 9999.0000000000
