model_inputs/inputs/tas12.asc
ncols 720
nrows 360
xllcorner -180
yllcorner -90
cellsize 0.500000
NODATA_value 9999.000000
[rows 210 to 230 of 360, columns 384 to 431 of 720]
21.8499755859 21.9933776855 20.4033203125 20.0399475098 21.0733337402 22.3033142090 23.2366638184 23.2767028809 23.2167053223 22.9433288574 23.0699768066 23.1100463867 23.2366027832 23.2799682617 23.6099548340 23.4499511719 23.5867004395 23.9166259766 24.2500305176 24.6833801270 25.0166931152 25.1599731445 24.8833312988 24.9633178711 24.7399902344 24.6166687012 24.6033020020 24.3699645996 23.9433288574 24.3133544922 23.7899780273 23.7633361816 23.2033386230 23.1299743652 24.7033386230 24.3133544922 26.7867126465 25.3299865723 25.7500305176 25.4800109863 26.6999816895 27.4100036621 26.7500305176 25.5932922363 23.8666687012 24.4133911133 24.8900451660 24.8333435059
21.5766906738 21.4999694824 21.9200134277 20.6499938965 21.1999511719 22.8233642578 23.7566528320 24.0966796875 23.7300415039 23.6633605957 24.3967285156 24.0333251953 23.8633422852 23.8966674805 23.9300231934 23.7699890137 23.5999755859 23.9300537109 24.4766540527 24.7933349609 25.2333374023 25.3632812500 25.2066345215 25.2600097656 24.9466552734 24.9166259766 24.7033996582 24.5700073242 24.8566894531 24.8233337402 24.4966430664 24.0332946777 23.5599670410 24.9066772461 26.1333007812 25.7266845703 26.9700317383 27.8166503906 27.8533020020 28.0966796875 28.3500061035 28.0833740234 28.3400268555 27.6699829102 26.2166442871 26.6600341797 24.0133361816 23.2000732422
20.9766540527 20.6066589355 20.0333251953 20.7766418457 21.8100280762 23.0366821289 24.0733642578 24.8066406250 24.9467163086 24.9866943359 25.5066833496 25.3533325195 25.0799865723 24.7099914551 24.5366516113 24.2732543945 24.3999938965 24.7266540527 25.0567016602 25.1900024414 25.4300231934 25.5632934570 25.6066894531 25.3900451660 25.2466735840 25.1366882324 24.9133911133 24.9900207520 24.7666320801 24.3366699219 24.3933715820 24.2167053223 24.9399719238 27.0766601562 25.6199645996 25.2532958984 26.5633544922 26.8999938965 27.7366638184 26.8934020996 27.2433471680 28.1200561523 28.4900207520 29.0333251953 28.0966491699 28.0266418457 26.7566528320 25.0133056641
19.6899719238 19.6233825684 20.0599975586 20.3866882324 21.6232910156 23.1633300781 24.2866516113 25.2099609375 25.5533752441 25.6833190918 26.1100463867 26.0533447266 25.7766113281 25.3066711426 24.9400024414 24.6667480469 24.8966979980 25.1333312988 25.3666687012 25.4999694824 25.6266174316 25.6666564941 25.7300109863 25.7966918945 25.5799865723 25.3333129883 25.3199768066 25.2000122070 24.1799316406 23.3366699219 23.5633239746 27.0833435059 27.1166687012 26.6366577148 24.5799865723 23.1133117676 23.6633911133 22.7866516113 23.4133300781 25.1533508301 26.2166442871 26.9932861328 28.2599792480 28.0033569336 28.6166992188 28.3000488281 28.0199890137 26.5533447266
18.4933471680 17.2233276367 18.6600036621 20.7900085449 21.9166870117 23.2533874512 24.5833435059 25.6133117676 26.0466918945 26.1799621582 26.5066528320 26.5433044434 26.3699951172 25.9999389648 25.6332702637 25.2832946777 25.2066650391 25.4366760254 25.6633300781 25.9066772461 26.0365905762 25.9599914551 26.0233764648 25.9067077637 25.8699951172 25.9466552734 26.0100097656 25.2866210938 24.4533691406 23.8866271973 25.9166564941 27.4399719238 26.7633361816 26.0866699219 25.2233581543 23.7600097656 23.4966430664 21.7699584961 23.3899841309 24.2366638184 24.0899963379 25.5400390625 26.2033081055 26.5333557129 27.7467041016 28.0400085449 27.7299804688 26.8067016602
17.6999816895 16.9266662598 18.1566772461 19.6800537109 21.6133117676 23.1466674805 24.5833740234 25.7033386230 26.3400268555 26.4567260742 26.8000183105 26.8233337402 26.6566467285 26.3966979980 25.9199829102 25.6566162109 25.6833801270 25.9233398438 26.0533447266 26.1933593750 26.3166809082 26.1533203125 26.2333374023 25.9966430664 26.0666809082 26.3366394043 26.6099853516 25.9866333008 25.9199523926 26.0366210938 27.7600097656 26.0899963379 25.7966918945 26.0299682617 25.8666381836 24.7066955566 23.1466674805 21.8867187500 21.9633178711 22.3033142090 23.3433227539 22.9099731445 24.6566467285 25.7866516113 26.7867126465 27.5800476074 28.0666809082 27.5599975586
17.9965820312 17.2300109863 18.2599792480 18.7733154297 21.0099792480 22.9466247559 24.5766906738 25.9067077637 26.5299987793 26.6632995605 26.9867248535 26.8167114258 26.7533264160 26.5866699219 26.4033203125 26.3499755859 26.4799804688 26.4166564941 26.6533203125 26.6766967773 26.6033325195 26.5433349609 26.5066833496 26.4933166504 26.4566650391 26.3200073242 26.1099853516 26.3399963379 26.5100402832 26.9499816895 26.0699462891 25.2866821289 25.1199645996 24.2399902344 24.8833312988 24.4100036621 23.5599975586 22.6000061035 21.5733337402 20.9933166504 20.6366577148 20.2833251953 25.0199890137 25.6300354004 26.7467041016 27.8333740234 27.3166809082 27.9166870117
18.3033447266 17.7200012207 18.0666198730 18.5633239746 20.4899597168 22.7200012207 24.6699829102 26.1932983398 26.9299926758 27.0566406250 27.0766601562 26.9033203125 26.7433166504 26.6733093262 26.6033630371 26.5400085449 26.6733703613 26.6066589355 26.7266540527 26.7533264160 26.8966979980 26.7266845703 26.6966857910 26.6799621582 26.7467346191 26.4166564941 26.0700683594 26.1733093262 25.9633178711 25.4299926758 25.3700561523 25.1032714844 24.6099853516 24.0400085449 23.8800354004 23.9300537109 23.1633300781 22.2066955566 21.7100219727 22.2100524902 22.0566711426 21.3900146484 25.0866699219 25.9900512695 27.1966857910 27.2933654785 27.3833312988 27.8733520508
9999.0000000000 17.9166259766 18.4499816895 19.3699951172 20.6866455078 22.0200195312 24.1500244141 26.0799560547 26.9133605957 26.8467102051 26.3666381836 25.9967041016 25.6266479492 26.7633361816 26.6933288574 26.7299804688 26.9632873535 26.9899902344 27.0099792480 26.9533081055 27.0733337402 27.1166687012 26.9032897949 26.8666687012 26.7300109863 26.5933532715 26.5299987793 26.4133300781 26.0133056641 25.4799804688 25.2500305176 24.9833068848 23.8033752441 23.6366271973 23.0699462891 22.4166870117 22.0599670410 21.7200012207 22.0366821289 23.6366577148 23.5600280762 22.2933349609 24.5799865723 26.2600097656 27.5599670410 27.3599548340 27.5466613770 27.8533020020
9999.0000000000 18.2099914551 18.2500305176 18.9700012207 19.9866638184 21.9100341797 23.5366210938 24.8699340820 25.7966918945 25.7333068848 25.2533264160 24.9866638184 25.4200134277 26.2500000000 26.7799987793 26.8133239746 26.5599975586 26.8833007812 27.1066589355 27.0332946777 27.1700439453 27.2233276367 27.0867004395 26.9466857910 26.8233642578 26.6666870117 26.5800170898 26.4632873535 26.0599975586 25.7399902344 25.1999816895 24.7599792480 23.1899719238 23.2333374023 22.3599548340 22.5199890137 23.1700134277 22.7433166504 22.5566711426 23.3666381836 24.8766784668 20.8900146484 24.3766479492 27.2600097656 27.4433288574 27.6233215332 27.5266723633 9999.0000000000
9999.0000000000 9999.0000000000 18.8399658203 19.3766784668 20.4833374023 22.2966918945 23.6199340820 24.8499755859 25.3799438477 25.2266540527 25.1533203125 25.6800231934 25.8066711426 25.9399719238 26.0733032227 26.2133483887 26.2367248535 26.6700134277 27.0066528320 27.1333923340 27.1633911133 27.2133483887 27.1800231934 27.0432434082 26.9899597168 27.0299682617 26.9233093262 26.7133483887 26.4066772461 25.5933227539 24.7734069824 23.6133117676 22.8800354004 22.8199768066 23.3666687012 23.7233276367 24.4733276367 23.8699951172 23.8766784668 24.5766601562 25.3733520508 23.2666931152 26.5532836914 26.9366760254 27.1267089844 27.5234069824 9999.0000000000 9999.0000000000
9999.0000000000 9999.0000000000 20.3433532715 19.5600280762 20.5767211914 22.0866394043 23.8000183105 24.5333251953 24.7799987793 24.9066467285 25.6400451660 25.8766784668 25.9032897949 26.0333251953 26.1633605957 26.1967163086 26.4299926758 26.8533325195 26.9899597168 27.1300048828 27.1533508301 27.3132629395 27.1833496094 27.1166076660 27.1633605957 26.9799804688 26.9533081055 26.7600402832 26.4566650391 25.5399780273 24.7166748047 24.0666809082 23.8400573730 24.1033325195 24.3467102051 24.0932922363 24.8666687012 24.5633850098 24.7766723633 25.7699890137 26.0599670410 25.7433471680 26.4366760254 26.8133239746 27.3066711426 27.4100036621 27.3200073242 9999.0000000000
9999.0000000000 9999.0000000000 9999.0000000000 19.1500244141 19.9833068848 21.2867126465 23.3100280762 24.4233093262 24.5532836914 25.4933776855 25.5333557129 25.4632873535 25.4899597168 25.8233337402 26.0533142090 26.0866699219 26.3133239746 26.6466674805 26.5799865723 26.7133483887 26.8500061035 26.9166564941 26.9499816895 27.1000061035 27.0400085449 27.1333007812 26.7033386230 26.4900207520 26.3067016602 25.5967102051 25.3699645996 25.4500427246 25.2900085449 25.4633178711 25.6300354004 25.6799621582 25.7499694824 25.4633178711 25.0833435059 26.2600402832 26.6566772461 26.9266662598 26.9133300781 27.1166381836 27.1066284180 27.0999755859 27.1066894531 9999.0000000000
9999.0000000000 9999.0000000000 9999.0000000000 21.3599853516 19.6867065430 21.1933288574 23.1066589355 24.7233276367 25.3466491699 25.1699829102 25.1066589355 24.8466491699 25.0733337402 25.7033691406 25.9499816895 25.9699707031 26.1933898926 26.5266418457 26.4733276367 26.7133483887 26.8533020020 26.9933166504 27.0466613770 27.0833435059 27.0000000000 26.9767150879 26.6533508301 26.2533264160 25.9533386230 25.5400085449 25.7333374023 25.8900146484 26.0466613770 26.4033508301 26.4933776855 26.6732788086 26.4432983398 26.0733642578 25.8566894531 25.9333496094 26.6267089844 27.0133666992 27.2066650391 26.8899841309 26.6866455078 26.7966918945 26.9032897949 9999.0000000000
9999.0000000000 9999.0000000000 9999.0000000000 9999.0000000000 21.9767150879 20.4966430664 23.0033569336 24.9199523926 25.6333618164 25.1699829102 24.1966857910 24.4366760254 25.2733154297 25.4966735840 25.6199645996 25.8566894531 26.0766296387 26.5233459473 26.6632995605 26.8999938965 26.9233093262 26.9700012207 27.1166687012 27.1533203125 27.0533142090 26.9299926758 26.7099914551 26.1033325195 25.6066284180 25.0866699219 26.2833557129 26.2432861328 26.4132995605 26.5766296387 26.8532714844 27.0432739258 27.1500244141 26.8500061035 26.9366760254 26.8266906738 27.0100097656 27.2000122070 27.2000427246 26.8866577148 26.5866699219 26.5000000000 26.7933349609 26.8166503906
9999.0000000000 9999.0000000000 9999.0000000000 9999.0000000000 21.5866699219 19.6033325195 22.6999511719 24.1099243164 24.4333190918 24.0533142090 23.6866760254 24.7133483887 25.3566589355 25.3900146484 25.7165832520 25.8400268555 26.0699768066 26.4066467285 26.6500549316 26.8799743652 26.9933471680 27.0333251953 27.0833129883 27.2166748047 27.0100097656 26.9833679199 26.5600585938 26.0633544922 25.5600280762 25.3433227539 26.2366333008 26.0999755859 26.1599731445 25.9367065430 25.5133666992 25.4032897949 25.0433349609 25.8266296387 26.7299499512 27.0166320801 27.0099792480 27.0966491699 27.3000183105 26.8966369629 26.5899963379 26.4866333008 26.6000366211 26.4199829102
9999.0000000000 9999.0000000000 9999.0000000000 9999.0000000000 20.5900268555 19.7000122070 22.5066833496 24.5166625977 24.6300354004 24.2533264160 25.3632812500 25.7066650391 25.9499511719 25.9799804688 26.1033020020 26.1333312988 26.3633117676 26.4933166504 26.7200012207 26.9233398438 27.0600585938 27.0100402832 27.0600280762 26.9666137695 26.8366394043 26.5299377441 26.2233276367 25.9133300781 25.5032653809 25.6032714844 26.1766357422 26.3466491699 25.5066528320 24.7866516113 24.0799865723 23.6633605957 24.5867004395 26.1033630371 26.7033081055 27.0933532715 27.2832641602 27.1866760254 27.1999816895 26.9933166504 26.4866943359 26.3033752441 26.2933654785 9999.0000000000
9999.0000000000 9999.0000000000 9999.0000000000 9999.0000000000 9999.0000000000 20.2066345215 23.1133422852 24.9133911133 24.1332397461 24.8500366211 25.9666748047 26.2900085449 26.2199707031 26.2699890137 26.2833557129 26.4032897949 26.6499938965 26.7700195312 26.7833557129 27.0032653809 27.0400695801 26.9766540527 27.0299987793 26.9100341797 26.7899780273 26.3800659180 26.1600341797 25.8666992188 25.9566955566 26.0466613770 26.1333618164 25.7033691406 24.5599975586 24.2532958984 22.7333068848 22.0199890137 24.0499877930 25.7800598145 26.4866333008 26.9800109863 27.2766723633 27.1733093262 26.9833374023 26.7899475098 26.2933349609 26.1000061035 26.0967102051 9999.0000000000
9999.0000000000 9999.0000000000 9999.0000000000 9999.0000000000 9999.0000000000 19.8266601562 22.8266906738 24.9299926758 23.8266601562 25.4466247559 26.7700195312 27.3933410645 26.9132995605 26.7499694824 26.7633056641 26.7933349609 26.8333129883 26.8332824707 26.9600219727 27.0700378418 27.0100402832 26.9600219727 26.5733032227 26.3633422852 26.2333068848 25.9099426270 25.7100524902 25.7066345215 26.1067199707 26.0033264160 25.5766601562 23.4733581543 22.8233032227 23.2267150879 23.0733337402 22.8900146484 22.5900268555 25.2366943359 26.1566772461 26.8433532715 26.7433471680 26.9432983398 26.7500000000 26.5499877930 26.1666259766 26.0700378418 26.1633300781 9999.0000000000
9999.0000000000 9999.0000000000 9999.0000000000 9999.0000000000 9999.0000000000 19.5499572754 22.1433105469 24.1466674805 23.6366577148 24.8533020020 26.1700134277 27.1866760254 27.0100097656 26.9266357422 27.0600585938 27.0900268555 26.9966735840 26.8099975586 26.8266296387 26.8266296387 26.8767089844 26.8166198730 26.5066528320 26.2832946777 25.9766845703 25.5567016602 25.3533325195 25.4500427246 25.5700073242 25.1499633789 24.7466430664 23.6232910156 22.9133911133 23.8999633789 24.8600158691 22.7000122070 22.6933288574 20.2899475098 25.2033386230 26.2133178711 26.4100036621 26.7133178711 26.4300231934 26.1332702637 26.0533142090 26.0299987793 25.8233337402 9999.0000000000
9999.0000000000 9999.0000000000 9999.0000000000 9999.0000000000 9999.0000000000 19.2799987793 21.1733398438 22.5700378418 22.9633178711 23.4700317383 25.2733154297 26.5833435059 26.9033203125 27.1100158691 27.0466918945 27.0633239746 27.1666870117 27.0733337402 26.9800720215 26.8999328613 26.8466796875 26.6700744629 26.4566955566 26.2433166504 25.8233032227 25.4033508301 24.8067016602 24.7000427246 24.7000732422 24.3067016602 24.3999633789 24.1999816895 23.8300170898 23.2500305176 23.5566101074 20.9199829102 18.8099975586 20.4933471680 24.2933349609 25.9866638184 26.2966308594 26.4233093262 26.3233032227 26.1099853516 9999.0000000000 9999.0000000000 9999.0000000000 9999.0000000000
