model_inputs/inputs/tas11.asc
ncols 720
nrows 360
xllcorner -180
yllcorner -90
cellsize 0.500000
NODATA_value 9999.000000
[rows 42 to 62 of 360, columns 576 to 623 of 720]
-26.6999969482 -26.6933135986 -26.8833465576 -27.4566955566 -27.8467102051 -28.0233306885 -28.5233612061 -28.4033050537 -28.7766723633 -29.0233154297 -28.9699707031 -28.8899841309 -29.2233428955 -29.2500000000 -29.0833435059 -29.3099670410 -29.4366607666 -29.4599914551 -29.4799957275 -29.8366546631 -29.8566436768 -30.1032867432 -30.5100097656 -30.5532989502 -30.7733306885 -30.7133178711 -30.7366943359 -30.8633117676 -30.7066650391 -31.0300445557 -31.1533660889 -31.2867126465 -31.5033569336 -32.0600280762 -32.5333099365 -32.8933563232 -33.2700042725 -34.8366851807 -36.2233276367 -37.6766357422 -38.8566589355 -41.3233337402 -40.0866546631 -39.0566711426 -38.1200256348 -36.7033386230 -36.5699462891 -37.5399932861
-26.5400085449 -26.3366546631 -26.6166534424 -27.1033325195 -27.2900085449 -27.6699676514 -28.1666564941 -28.0433197021 -27.9299926758 -28.5366516113 -28.4633636475 -28.5866851807 -28.7166595459 -28.5400390625 -28.8800048828 -28.6099700928 -28.9400177002 -29.0666656494 -28.8933563232 -29.2266693115 -29.7633666992 -30.0066833496 -30.2166595459 -30.1566619873 -30.2799987793 -30.3032836914 -30.3566589355 -30.3799743652 -30.3166656494 -30.3533172607 -30.6066741943 -30.8433532715 -30.9633331299 -31.5033264160 -32.4799804688 -33.0600280762 -33.7299804688 -36.1066741943 -37.1866912842 -38.3533020020 -40.2299804688 -41.2933044434 -39.6733398438 -39.7366638184 -38.5966796875 -36.9666290283 -37.1500396729 -36.7233123779
-26.6033477783 -26.9900054932 -27.4666900635 -27.4566650391 -27.8399963379 -27.9333190918 -27.8166809082 -28.1066741943 -27.9966888428 -28.6099700928 -28.3166656494 -28.4099884033 -28.6399993896 -28.6733093262 -28.6866912842 -28.5299835205 -28.2533416748 -28.5800323486 -29.0166778564 -29.4500122070 -29.2866516113 -29.5067138672 -29.6366882324 -29.9733276367 -29.7066497803 -30.1433258057 -30.2800140381 -30.3299865723 -30.1699829102 -29.9133453369 -30.0700073242 -30.3733367920 -30.4633178711 -31.0566406250 -31.8133544922 -32.1866455078 -33.9532928467 -35.9399871826 -36.9166717529 -37.2966308594 -39.7633514404 -40.0399932861 -38.6199493408 -37.7866668701 -37.1633453369 -36.4400024414 -36.3099822998 -36.6933135986
-26.4466400146 -26.6299896240 -26.7166900635 -26.8200073242 -27.0066375732 -27.5933074951 -27.8833160400 -28.4733276367 -27.9667053223 -28.1766662598 -27.8966217041 -28.7000274658 -28.6900024414 -28.7799682617 -28.8099670410 -28.7433624268 -28.7699890137 -28.8000183105 -28.8366699219 -28.8699951172 -28.8900146484 -29.3399810791 -29.4699859619 -29.7233428955 -29.6633758545 -29.9066467285 -29.8466644287 -29.7866668701 -29.7299957275 -29.5766448975 -29.6300354004 -29.7799835205 -30.0599975586 -30.6633605957 -31.3499908447 -31.8233642578 -33.2966766357 -35.2700195312 -36.3533020020 -37.7232971191 -38.7033386230 -39.6800231934 -38.5466766357 -36.8333282471 -36.2066650391 -36.2699737549 -36.1433410645 -35.7200012207
-27.5033264160 -27.2900085449 -27.6933441162 -26.7800445557 -26.5733642578 -26.8533172607 -27.7466735840 -28.0466918945 -27.9466552734 -28.1466674805 -28.3532867432 -28.4700012207 -28.3733215332 -28.6633453369 -28.4766540527 -28.4733276367 -28.1833496094 -28.3266601562 -28.4766540527 -28.2266845703 -28.3633422852 -28.5033264160 -28.5433197021 -28.7766876221 -29.1232910156 -29.2666625977 -29.3099975586 -29.3533172607 -29.0933380127 -29.0433502197 -29.0666351318 -29.2933349609 -29.4800109863 -30.0733184814 -30.7500000000 -32.1466369629 -33.9300384521 -35.3033752441 -36.1800231934 -37.0633239746 -37.8233337402 -37.8033142090 -36.7766876221 -36.3566436768 -36.3366699219 -36.3999633789 -35.7799987793 -34.6566467285
-27.2799987793 -27.5700073242 -27.4533081055 -27.2500152588 -26.9333343506 -26.4300079346 -27.5166931152 -27.7099609375 -27.4099731445 -27.4199981689 -27.5333099365 -27.7466583252 -27.5466613770 -27.4533386230 -27.9600067139 -27.9532775879 -27.8699951172 -28.0733489990 -27.8866882324 -27.7399902344 -27.7699890137 -27.9066467285 -28.0366668701 -28.2799987793 -28.5200042725 -28.7499847412 -28.8933410645 -28.8199768066 -28.5599975586 -28.6933288574 -28.5866699219 -28.7599945068 -28.9800262451 -29.3699951172 -30.0666198730 -31.3500213623 -32.5533599854 -33.9366760254 -35.0199890137 -36.0766601562 -37.4666595459 -37.4399871826 -38.1133270264 -37.6866760254 -37.1600189209 -36.4400024414 -34.8099975586 -35.2933349609
-26.6466827393 -27.2300109863 -27.0366668701 -27.0133514404 -27.0999908447 -27.1899871826 -27.3933410645 -27.1899719238 -26.9766540527 -27.3866729736 -27.5033416748 -27.5933380127 -26.9033203125 -27.0299987793 -26.8966674805 -27.1799774170 -27.3866729736 -27.4933319092 -27.2967071533 -27.2866668701 -27.1233367920 -27.3733520508 -27.3966522217 -27.6333160400 -27.8666839600 -28.1066741943 -28.1499938965 -28.1766967773 -28.4166717529 -28.2400054932 -28.2133483887 -28.2799835205 -28.5266571045 -28.7833404541 -29.1800231934 -29.8733215332 -31.2466735840 -32.5766601562 -33.9400329590 -34.5233459473 -36.2899932861 -36.7666931152 -38.6400451660 -38.7166748047 -37.0899810791 -36.2666625977 -35.8466339111 -35.4266510010
-25.5199890137 -25.6966400146 -25.7966613770 -26.3800201416 -26.3733215332 -26.4633178711 -26.0499725342 -26.3600006104 -26.6466522217 -26.8500213623 -26.9566802979 -26.9500122070 -26.7566528320 -26.5766601562 -26.4866943359 -26.4733123779 -26.5566711426 -26.3299713135 -26.4099884033 -26.5199890137 -26.6199798584 -26.7333221436 -26.7500000000 -26.9966888428 -27.2233276367 -27.5633239746 -27.6966857910 -27.8366699219 -27.8699951172 -27.8699798584 -27.8366851807 -27.9067077637 -27.9566650391 -28.2000427246 -28.4500122070 -29.2666473389 -30.3500061035 -31.2433319092 -32.1766357422 -33.7599792480 -35.2300262451 -36.4966735840 -37.6866760254 -37.2533264160 -37.3200073242 -36.1066741943 -35.8766937256 -36.3599853516
-25.1732940674 -25.1699829102 -24.9499969482 -25.1466522217 -25.2432861328 -25.4233551025 -25.5299987793 -25.3233337402 -25.4167175293 -25.6166687012 -25.9032897949 -25.7966613770 -25.9066772461 -25.8266906738 -26.1566772461 -26.0566711426 -25.5400085449 -25.6200103760 -25.7966613770 -25.9833526611 -26.0566864014 -26.2433166504 -26.2466583252 -26.3533325195 -26.5866394043 -26.9133605957 -27.1566772461 -27.3899688721 -27.5067138672 -27.5832672119 -27.4566802979 -27.4300231934 -27.3966827393 -27.6366882324 -27.7799987793 -28.2300262451 -29.9600219727 -30.4500274658 -31.8466796875 -33.7866516113 -35.6600036621 -36.3433074951 -35.1100158691 -36.3866424561 -36.8666534424 -36.2466583252 -37.2099914551 -37.9400024414
-24.7333374023 -24.6233367920 -24.3199768066 -24.5033416748 -24.8066864014 -24.8033447266 -24.9066772461 -24.9900207520 -25.1666870117 -25.2533416748 -25.3499908447 -25.5433044434 -25.4633331299 -25.4700164795 -25.1066894531 -24.9233551025 -24.9299774170 -25.0033111572 -25.1900024414 -25.4633789062 -25.5433349609 -25.6267089844 -25.6166381836 -25.9832763672 -26.0800170898 -26.0733642578 -26.4100189209 -26.6533203125 -26.9333343506 -27.0033111572 -26.8633117676 -26.9466857910 -26.9366455078 -26.9666748047 -27.2066650391 -27.4666748047 -27.9066619873 -28.6533050537 -29.5433349609 -30.9400024414 -32.1899566650 -33.1632995605 -34.1466522217 -34.5166625977 -33.5933227539 -34.3700103760 -35.6599884033 -35.4433441162
-24.2900085449 -24.1900024414 -23.3733520508 -23.7766876221 -24.2733459473 -24.3766479492 -24.4633483887 -24.1400146484 -24.2100219727 -24.3966674805 -24.6899719238 -24.5766754150 -24.7133331299 -24.7366790771 -25.0599822998 -24.9799957275 -24.5033264160 -24.5933532715 -24.8699951172 -24.9499969482 -25.0333251953 -25.2133331299 -25.1800079346 -25.2633361816 -25.0533599854 -25.4366607666 -25.6100311279 -25.7866821289 -25.9633178711 -26.0366821289 -25.9966888428 -26.0600128174 -26.2433624268 -26.5000000000 -26.7500152588 -26.9899902344 -27.0399780273 -27.2833557129 -27.6300048828 -28.0466766357 -28.4333343506 -29.2999877930 -29.4733581543 -29.8500061035 -30.0266113281 -30.4066619873 -31.1533660889 -31.8433227539
-22.8566894531 -23.4566802979 -22.8366699219 -23.0466613770 -23.6433105469 -23.7266845703 -23.7933807373 -23.8766784668 -23.9599914551 -24.0266265869 -24.1300201416 -24.3433074951 -24.2599945068 -24.3766937256 -24.0166625977 -23.8300170898 -23.8533630371 -23.9733123779 -24.1533050537 -24.4399566650 -24.5133361816 -24.6033782959 -24.5733184814 -24.8633422852 -24.8432769775 -25.0200042725 -25.3066253662 -25.5033111572 -25.6766510010 -25.6900024414 -25.7133026123 -25.8400115967 -25.9633026123 -26.2333374023 -26.3733215332 -26.6200408936 -26.6699981689 -26.9166564941 -27.1566619873 -27.3133239746 -27.9466247559 -28.0366516113 -28.5033111572 -28.5866394043 -28.9600372314 -29.2833099365 -29.5566711426 -29.7399597168
-21.8266601562 -22.3166961670 -23.1299896240 -23.1133270264 -23.0066528320 -22.4799499512 -22.0600128174 -22.6299896240 -22.7100067139 -22.7933349609 -23.0800018311 -23.0866699219 -23.1166534424 -23.0333099365 -22.8600006104 -23.0799865723 -23.4066772461 -23.6266479492 -23.5400085449 -23.7300109863 -23.9966735840 -24.0800170898 -24.2666778564 -24.3466796875 -24.5299987793 -24.5166625977 -24.9933624268 -25.2166595459 -25.4366455078 -25.4733276367 -25.4899902344 -25.6100006104 -25.6366577148 -25.7500457764 -26.0433349609 -26.1366271973 -26.2266235352 -26.5299987793 -26.6766510010 -27.0366516113 -27.5766601562 -27.9400024414 -28.2533264160 -28.0233001709 -28.3032989502 -28.5800323486 -29.4633331299 -29.8333282471
-21.4033355713 -21.5900421143 -22.0899658203 -22.2733154297 -22.1499786377 -21.8266906738 -21.6933288574 -22.2666473389 -22.3433380127 -22.2200164795 -22.8133544922 -22.6433258057 -22.3666687012 -22.8866577148 -22.6166839600 -22.6332855225 -22.6600189209 -22.9800109863 -23.0933227539 -23.1033172607 -23.3866729736 -23.4799804688 -23.6500091553 -24.0366516113 -24.0133056641 -24.3033447266 -24.8999786377 -24.8133239746 -24.9366760254 -24.8533325195 -24.7633209229 -24.7833404541 -25.0000305176 -25.2200317383 -25.5233154297 -25.7199401855 -25.8066406250 -26.0033111572 -26.3933258057 -26.6866912842 -26.7799682617 -27.1733551025 -27.6033477783 -27.6533355713 -27.8033142090 -28.1866455078 -28.9566497803 -29.2333221436
-21.2633209229 -21.5466918945 -21.0399627686 -21.0166473389 -21.9899749756 -22.2766723633 -22.0399322510 -22.2266387939 -22.2966613770 -21.4666748047 -22.4733276367 -22.1900024414 -22.3099822998 -22.5433349609 -22.5766754150 -22.6833038330 -22.7133178711 -22.5467071533 -22.4699707031 -22.5666656494 -22.7666625977 -22.7566528320 -22.9500122070 -23.0333251953 -22.7199859619 -23.3033294678 -23.6933135986 -24.2299957275 -24.8399963379 -24.8600006104 -25.0533294678 -25.1600036621 -25.0700073242 -25.0933380127 -25.0066528320 -24.9933319092 -24.9900207520 -25.3866271973 -25.6900482178 -25.9700012207 -26.3600006104 -26.7566375732 -26.9600067139 -26.6933135986 -27.3133239746 -27.6900024414 -28.2666320801 -28.5366516113
-20.8200073242 -20.7033233643 -20.7866821289 -20.5700225830 -21.4366912842 -21.6133422852 -21.5800170898 -21.5600128174 -21.6400146484 -21.5266571045 -21.7299804688 -21.7566680908 -21.4833374023 -21.6000061035 -21.7366638184 -22.0566711426 -22.3833312988 -22.0899810791 -22.2799835205 -22.4933319092 -22.5133361816 -22.6266632080 -22.4233245850 -22.7200317383 -22.4033050537 -22.2999725342 -23.1100006104 -23.8199768066 -23.8400115967 -23.8600311279 -24.2899780273 -24.5566558838 -24.6533355713 -24.7633209229 -24.7833099365 -24.7733459473 -24.5700073242 -24.5633544922 -24.6566619873 -24.9566192627 -25.2600097656 -25.6433563232 -26.1566619873 -26.6000213623 -26.9033355713 -27.4233398438 -27.5833282471 -27.9466705322
-20.6899719238 -20.7666473389 -20.6399993896 -20.6199798584 -21.0000000000 -20.9766693115 -20.9466705322 -20.9300079346 -20.7866973877 -21.0833129883 -20.9000396729 -20.5033416748 -20.8466644287 -20.8733367920 -21.0899963379 -21.5200042725 -21.6333007812 -21.7233123779 -21.5933227539 -22.1300354004 -22.1733398438 -22.0733337402 -22.0733642578 -22.3633270264 -21.6733398438 -21.6933288574 -21.9199829102 -22.3366394043 -22.7500000000 -22.9800262451 -22.9999694824 -23.0133666992 -23.4466705322 -23.7600097656 -24.0666656494 -24.1600036621 -24.6533660889 -24.9533538818 -25.0600128174 -25.3499908447 -25.8233642578 -26.1300048828 -26.5400085449 -26.5033569336 -26.5033416748 -26.8033599854 -26.9399871826 -26.9666442871
-20.2766418457 -20.5300292969 -20.3066711426 -20.4733276367 -20.3533477783 -20.3333892822 -20.1999969482 -19.8833007812 -19.8600158691 -19.9399871826 -19.9566955566 -19.8733367920 -20.3166809082 -20.9266510010 -21.5533142090 -21.9733276367 -21.8700103760 -21.3466491699 -20.6933288574 -21.3566894531 -21.6200103760 -21.6233062744 -21.4266967773 -21.3166809082 -20.9400177002 -21.0499877930 -21.3966827393 -21.7399749756 -22.9599761963 -22.2900085449 -23.0966796875 -22.6233215332 -22.7266998291 -23.0499725342 -23.3666992188 -23.7533416748 -24.0566558838 -24.3600158691 -24.6500091553 -25.0033264160 -25.0099792480 -25.3133087158 -25.3233642578 -25.3199920654 -25.5133361816 -25.8933410645 -26.2967071533 -26.4433593750
-19.3566741943 -19.7033081055 -19.5599822998 -19.5400085449 -19.4033203125 -19.2799835205 -19.0600280762 -18.7400360107 -18.5133056641 -18.6933746338 -19.2166595459 -20.1499938965 -20.8566436768 -21.4833068848 -23.1099548340 -22.9166717529 -23.0966796875 -21.9566650391 -21.5099945068 -21.2833251953 -20.7700042725 -20.8666687012 -20.8766937256 -20.9766998291 -20.9766387939 -21.0533599854 -21.0299987793 -21.4366302490 -22.2566833496 -22.2966918945 -22.3200225830 -22.2399902344 -21.5567016602 -21.7500000000 -22.0566711426 -22.0533294678 -22.3533477783 -22.8600158691 -23.2700195312 -23.4733276367 -23.9833679199 -24.3966217041 -24.5000305176 -25.0033111572 -25.2099761963 -25.3033599854 -25.2933502197 -25.6200103760
-19.1433563232 -19.0899963379 -18.9366760254 -18.8866424561 -18.7700195312 -18.3399810791 -18.1166534424 -18.0833435059 -18.1599731445 -18.3599853516 -20.3766326904 -21.1999969482 -22.0133514404 -23.2399902344 -22.6666564941 -22.2399749756 -23.4000091553 -22.2633514404 -22.2300109863 -22.2133483887 -21.9999847412 -20.7366790771 -20.4200286865 -20.4299926758 -20.5066680908 -20.7766723633 -20.4533386230 -20.5399780273 -21.2099761963 -21.3300018311 -21.8433227539 -21.5466461182 -20.8733367920 -20.2900238037 -20.1533508301 -20.2500152588 -21.1400146484 -21.8499755859 -22.9500274658 -23.4599914551 -23.4700164795 -23.7833404541 -23.9833526611 -23.9100341797 -24.2066497803 -24.3033142090 -24.3066406250 -24.4033355713
-18.8233032227 -18.6799621582 -18.1199951172 -17.9666442871 -17.9100494385 -17.8966369629 -17.9699707031 -18.2466278076 -18.7299957275 -19.1199645996 -20.4333038330 -20.9533081055 -21.9766540527 -22.2066650391 -22.7799835205 -22.3567047119 -21.5033416748 -21.9800262451 -21.2400054932 -21.0333251953 -20.2233123779 -20.7833099365 -20.9733428955 -20.0666503906 -19.8533172607 -19.9066772461 -20.1833343506 -19.9766693115 -20.2400360107 -21.3032989502 -21.9099884033 -21.0266571045 -20.3432922363 -19.7599792480 -19.5266571045 -20.1200256348 -21.6133422852 -22.1366271973 -21.9399871826 -22.4366607666 -22.7499847412 -22.7566680908 -23.1566772461 -23.2133331299 -23.4066925049 -23.7166442871 -23.9033203125 -24.1999969482
