model_inputs/inputs/tas12.asc
ncols 720
nrows 360
xllcorner -180
yllcorner -90
cellsize 0.500000
NODATA_value 9999.000000
[rows 168 to 188 of 360, columns 240 to 287 of 720]
25.4266662598 26.0132751465 25.7966613770 25.8800354004 26.7500000000 26.5500183105 26.5233459473 26.6066589355 26.5966491699 26.5166320801 26.2366943359 26.3599548340 26.3732910156 9999.0000000000 9999.0000000000 9999.0000000000 9999.0000000000 9999.0000000000 9999.0000000000 9999.0000000000 9999.0000000000 9999.0000000000 9999.0000000000 9999.0000000000 9999.0000000000 9999.0000000000 9999.0000000000 9999.0000000000 9999.0000000000 9999.0000000000 9999.0000000000 9999.0000000000 9999.0000000000 9999.0000000000 9999.0000000000 9999.0000000000 9999.0000000000 9999.0000000000 9999.0000000000 9999.0000000000 9999.0000000000 9999.0000000000 9999.0000000000 9999.0000000000 9999.0000000000 9999.0000000000 9999.0000000000 9999.0000000000
23.4933471680 25.5833740234 26.0666809082 26.2499694824 26.8200378418 26.4166259766 26.3033752441 26.2899475098 26.4700317383 26.4599914551 26.1400146484 25.9300231934 25.6232910156 25.9366149902 26.2467346191 9999.0000000000 9999.0000000000 9999.0000000000 9999.0000000000 9999.0000000000 9999.0000000000 9999.0000000000 9999.0000000000 9999.0000000000 9999.0000000000 9999.0000000000 9999.0000000000 9999.0000000000 9999.0000000000 9999.0000000000 9999.0000000000 9999.0000000000 9999.0000000000 9999.0000000000 9999.0000000000 9999.0000000000 9999.0000000000 9999.0000000000 9999.0000000000 9999.0000000000 9999.0000000000 9999.0000000000 9999.0000000000 9999.0000000000 9999.0000000000 9999.0000000000 9999.0000000000 9999.0000000000
24.6633300781 25.2533874512 26.3333435059 26.2266540527 26.2066955566 26.0933532715 25.9699707031 26.0599975586 25.8366699219 26.1300048828 25.8033752441 25.6933593750 25.7699890137 25.6633911133 25.6266784668 25.6233520508 26.1233825684 9999.0000000000 9999.0000000000 9999.0000000000 9999.0000000000 9999.0000000000 9999.0000000000 9999.0000000000 9999.0000000000 9999.0000000000 9999.0000000000 9999.0000000000 9999.0000000000 9999.0000000000 9999.0000000000 9999.0000000000 9999.0000000000 9999.0000000000 9999.0000000000 9999.0000000000 9999.0000000000 9999.0000000000 9999.0000000000 9999.0000000000 9999.0000000000 9999.0000000000 9999.0000000000 9999.0000000000 9999.0000000000 9999.0000000000 9999.0000000000 9999.0000000000
25.7600097656 26.4632873535 26.3299865723 26.4166259766 26.2033691406 25.9799804688 25.4566345215 25.5533142090 25.9266662598 26.1033630371 25.4933471680 25.6766967773 25.8466491699 25.7333374023 25.4299926758 25.1600036621 25.7666625977 26.5700073242 9999.0000000000 9999.0000000000 9999.0000000000 9999.0000000000 9999.0000000000 9999.0000000000 9999.0000000000 9999.0000000000 9999.0000000000 9999.0000000000 9999.0000000000 9999.0000000000 9999.0000000000 9999.0000000000 9999.0000000000 9999.0000000000 9999.0000000000 9999.0000000000 9999.0000000000 9999.0000000000 9999.0000000000 9999.0000000000 9999.0000000000 9999.0000000000 9999.0000000000 9999.0000000000 9999.0000000000 9999.0000000000 9999.0000000000 9999.0000000000
27.5533142090 27.2432861328 26.8099975586 26.6900024414 26.1766662598 25.4566650391 24.2433776855 23.6199645996 25.6099853516 25.8900146484 26.0799865723 25.6433410645 25.7266540527 25.4266967773 25.4366760254 25.2666625977 25.3966979980 25.8033447266 9999.0000000000 9999.0000000000 9999.0000000000 9999.0000000000 9999.0000000000 9999.0000000000 9999.0000000000 9999.0000000000 9999.0000000000 9999.0000000000 9999.0000000000 9999.0000000000 9999.0000000000 9999.0000000000 9999.0000000000 9999.0000000000 9999.0000000000 9999.0000000000 9999.0000000000 9999.0000000000 9999.0000000000 9999.0000000000 9999.0000000000 9999.0000000000 9999.0000000000 9999.0000000000 9999.0000000000 9999.0000000000 9999.0000000000 9999.0000000000
26.8399658203 26.1134033203 26.5966796875 26.3766479492 26.1567077637 26.0467224121 25.1200561523 24.2966308594 26.0933532715 25.6733703613 25.6433105469 25.7433471680 25.8233947754 25.5399780273 25.4700317383 25.4933471680 25.5200195312 25.9333190918 9999.0000000000 9999.0000000000 9999.0000000000 9999.0000000000 9999.0000000000 9999.0000000000 9999.0000000000 9999.0000000000 9999.0000000000 9999.0000000000 9999.0000000000 9999.0000000000 9999.0000000000 9999.0000000000 9999.0000000000 9999.0000000000 9999.0000000000 9999.0000000000 9999.0000000000 9999.0000000000 9999.0000000000 9999.0000000000 9999.0000000000 9999.0000000000 9999.0000000000 9999.0000000000 9999.0000000000 9999.0000000000 9999.0000000000 9999.0000000000
26.9133605957 26.9933471680 26.7799682617 26.5600280762 26.4300537109 26.3200378418 26.2000122070 24.4967041016 25.4633483887 25.5567016602 24.6300659180 25.9300231934 26.1400146484 25.5700073242 25.7866516113 25.7066955566 25.7299804688 26.0566711426 26.6666259766 9999.0000000000 9999.0000000000 9999.0000000000 9999.0000000000 9999.0000000000 9999.0000000000 9999.0000000000 9999.0000000000 9999.0000000000 9999.0000000000 9999.0000000000 9999.0000000000 9999.0000000000 9999.0000000000 9999.0000000000 9999.0000000000 9999.0000000000 9999.0000000000 9999.0000000000 9999.0000000000 9999.0000000000 9999.0000000000 9999.0000000000 9999.0000000000 9999.0000000000 9999.0000000000 9999.0000000000 9999.0000000000 9999.0000000000
26.7900085449 26.7800292969 26.9500122070 26.7466430664 26.6066894531 26.5000000000 26.3800354004 25.4667053223 25.5433654785 25.8366699219 25.3199462891 25.8433532715 25.7567138672 25.7900085449 26.2066650391 25.5333251953 25.6533203125 26.2767028809 26.8066711426 27.1066589355 9999.0000000000 9999.0000000000 9999.0000000000 9999.0000000000 9999.0000000000 9999.0000000000 9999.0000000000 9999.0000000000 9999.0000000000 9999.0000000000 9999.0000000000 9999.0000000000 9999.0000000000 9999.0000000000 9999.0000000000 9999.0000000000 9999.0000000000 9999.0000000000 9999.0000000000 9999.0000000000 9999.0000000000 9999.0000000000 9999.0000000000 9999.0000000000 9999.0000000000 9999.0000000000 9999.0000000000 9999.0000000000
26.4733276367 26.4566650391 26.7400207520 26.2166748047 26.4033203125 26.1866760254 26.1666564941 25.8533630371 25.8299560547 25.8099975586 26.0399780273 26.2633666992 26.2833251953 25.5999755859 25.9366760254 26.1433410645 26.0799560547 26.3966979980 27.0166625977 27.1232910156 9999.0000000000 9999.0000000000 9999.0000000000 9999.0000000000 9999.0000000000 9999.0000000000 9999.0000000000 9999.0000000000 9999.0000000000 9999.0000000000 9999.0000000000 9999.0000000000 9999.0000000000 9999.0000000000 9999.0000000000 9999.0000000000 9999.0000000000 9999.0000000000 9999.0000000000 9999.0000000000 9999.0000000000 9999.0000000000 9999.0000000000 9999.0000000000 9999.0000000000 9999.0000000000 9999.0000000000 9999.0000000000
27.0533142090 25.5367126465 26.0266723633 26.0066528320 26.2833862305 26.3700561523 26.4433593750 26.2333068848 26.2099914551 25.9333496094 25.9566955566 26.0732727051 26.5900268555 26.5332946777 26.5532531738 26.6733398438 26.5966491699 26.8167114258 27.1400146484 27.2633666992 9999.0000000000 9999.0000000000 9999.0000000000 9999.0000000000 9999.0000000000 9999.0000000000 9999.0000000000 9999.0000000000 9999.0000000000 9999.0000000000 9999.0000000000 9999.0000000000 9999.0000000000 9999.0000000000 9999.0000000000 9999.0000000000 9999.0000000000 9999.0000000000 9999.0000000000 9999.0000000000 9999.0000000000 9999.0000000000 9999.0000000000 9999.0000000000 9999.0000000000 9999.0000000000 9999.0000000000 9999.0000000000
27.0333251953 26.7233276367 27.0000000000 26.8800048828 26.6532897949 26.5532836914 26.7233581543 26.7166442871 26.1300354004 26.0632934570 26.0733032227 26.1066284180 26.0299987793 26.4399719238 26.7600097656 26.8866577148 27.2133483887 26.9299621582 27.2566833496 27.4799804688 9999.0000000000 9999.0000000000 9999.0000000000 9999.0000000000 9999.0000000000 9999.0000000000 9999.0000000000 9999.0000000000 9999.0000000000 9999.0000000000 9999.0000000000 9999.0000000000 9999.0000000000 9999.0000000000 9999.0000000000 9999.0000000000 9999.0000000000 9999.0000000000 9999.0000000000 9999.0000000000 9999.0000000000 9999.0000000000 9999.0000000000 9999.0000000000 9999.0000000000 9999.0000000000 9999.0000000000 9999.0000000000
27.0166625977 26.9966735840 26.9833068848 27.0599975586 26.9400329590 26.8199768066 26.9100341797 26.8367004395 26.2533264160 26.1733398438 26.2033386230 26.2199707031 26.3466491699 26.5700073242 26.8899841309 27.0099792480 27.3466796875 27.4566345215 27.5766601562 27.6033630371 27.5166625977 9999.0000000000 9999.0000000000 9999.0000000000 9999.0000000000 9999.0000000000 9999.0000000000 9999.0000000000 9999.0000000000 9999.0000000000 9999.0000000000 9999.0000000000 9999.0000000000 9999.0000000000 9999.0000000000 9999.0000000000 9999.0000000000 9999.0000000000 9999.0000000000 9999.0000000000 9999.0000000000 9999.0000000000 9999.0000000000 9999.0000000000 9999.0000000000 9999.0000000000 9999.0000000000 9999.0000000000
26.8033752441 26.8800048828 27.2633056641 27.1366882324 27.0233459473 27.0100097656 27.1366577148 26.9599914551 26.7799682617 26.7899780273 26.6133422852 26.5499572754 26.8600158691 26.8899536133 27.1100158691 27.0366210938 27.4499816895 27.6800842285 27.6967163086 27.7200622559 27.7532958984 27.7633361816 27.7700500488 27.6799926758 9999.0000000000 9999.0000000000 9999.0000000000 9999.0000000000 9999.0000000000 9999.0000000000 9999.0000000000 9999.0000000000 9999.0000000000 9999.0000000000 9999.0000000000 9999.0000000000 9999.0000000000 9999.0000000000 9999.0000000000 9999.0000000000 9999.0000000000 9999.0000000000 9999.0000000000 9999.0000000000 9999.0000000000 9999.0000000000 9999.0000000000 9999.0000000000
26.8766784668 27.1600036621 27.2299804688 27.3233337402 27.1965942383 27.2232971191 27.1566467285 27.1799621582 26.9900512695 27.0200195312 26.8333129883 26.9499816895 26.9833374023 27.1066589355 27.1232910156 27.2467346191 27.5700073242 27.6966857910 27.7300415039 27.6400146484 27.7666320801 27.7833251953 27.8033447266 27.7032775879 27.7066345215 27.5966491699 27.7799987793 9999.0000000000 9999.0000000000 9999.0000000000 9999.0000000000 9999.0000000000 9999.0000000000 9999.0000000000 9999.0000000000 9999.0000000000 9999.0000000000 9999.0000000000 9999.0000000000 9999.0000000000 9999.0000000000 9999.0000000000 9999.0000000000 9999.0000000000 9999.0000000000 9999.0000000000 9999.0000000000 9999.0000000000
27.0533447266 27.1266784668 27.2300415039 27.2999877930 27.3299865723 27.4433288574 27.4633789062 27.3966369629 27.2100219727 27.1400146484 26.8599548340 27.0700073242 27.2066650391 27.2200317383 27.3500366211 27.6700134277 27.7966613770 27.7233276367 27.6433105469 27.5633239746 27.6799621582 27.7099914551 27.7432861328 27.6499328613 27.5266723633 27.5166625977 27.6000671387 27.6866455078 27.7666931152 27.9533081055 9999.0000000000 9999.0000000000 9999.0000000000 9999.0000000000 9999.0000000000 9999.0000000000 9999.0000000000 9999.0000000000 9999.0000000000 9999.0000000000 9999.0000000000 9999.0000000000 9999.0000000000 9999.0000000000 9999.0000000000 9999.0000000000 9999.0000000000 9999.0000000000
27.0500488281 27.1233825684 27.2133178711 27.3132934570 27.4400329590 27.4666748047 27.4800109863 27.5133056641 27.3299560547 27.3566589355 27.3732604980 27.3899841309 27.7200317383 27.6466979980 27.8666687012 27.8899536133 27.7167053223 27.6400451660 27.5666198730 27.5899658203 27.5933227539 27.7166442871 27.6399536133 27.5299987793 27.4900207520 27.6166381836 27.6166992188 27.7066040039 27.8966674805 27.9799804688 27.8566894531 9999.0000000000 9999.0000000000 9999.0000000000 9999.0000000000 9999.0000000000 9999.0000000000 9999.0000000000 9999.0000000000 9999.0000000000 9999.0000000000 9999.0000000000 9999.0000000000 9999.0000000000 9999.0000000000 9999.0000000000 9999.0000000000 9999.0000000000
27.2233276367 27.1033325195 27.1199951172 27.4432678223 27.5666809082 27.5866699219 27.8166809082 27.6400451660 27.2533569336 27.1866760254 27.4899902344 27.5033264160 27.6500244141 27.5500183105 27.4632873535 27.5966796875 27.7100219727 27.6299743652 27.4533386230 27.3699951172 27.5833435059 27.6033325195 27.5299987793 27.6166687012 27.4866638184 27.4500122070 27.5133666992 27.6099853516 27.8433837891 27.8666992188 27.8733215332 28.1633300781 9999.0000000000 28.4299621582 9999.0000000000 9999.0000000000 9999.0000000000 9999.0000000000 9999.0000000000 9999.0000000000 9999.0000000000 9999.0000000000 9999.0000000000 9999.0000000000 9999.0000000000 9999.0000000000 9999.0000000000 9999.0000000000
27.3999938965 27.3199768066 27.2466735840 27.3566589355 27.4799804688 27.7033691406 27.8299865723 27.6366577148 27.2633056641 27.0833740234 26.9866333008 27.3166503906 27.4266357422 27.3467102051 27.3666687012 27.3899536133 27.6066894531 27.6300354004 27.4433593750 27.4599914551 27.5799865723 27.6000366211 27.5299987793 27.6000061035 27.4699707031 27.4399719238 27.5999755859 27.3700256348 27.8467102051 27.7133483887 27.7333374023 27.9633789062 28.0833129883 28.2133789062 28.3333435059 28.3200073242 28.8166503906 28.7966308594 28.3833007812 28.5766601562 28.5533447266 9999.0000000000 9999.0000000000 9999.0000000000 9999.0000000000 9999.0000000000 9999.0000000000 9999.0000000000
27.3999633789 27.3133239746 27.1399841309 27.2600097656 27.3733215332 27.3966674805 27.5100097656 27.4299926758 27.2533569336 27.1766662598 27.0867004395 27.1199951172 27.1266784668 27.1433105469 27.0566101074 27.1733398438 27.2999877930 27.2133789062 27.3366699219 27.4566345215 27.4633178711 27.4933166504 27.4999694824 27.4866333008 27.2633666992 27.2233886719 27.3866577148 27.2500000000 27.8300170898 27.9966125488 27.9632873535 27.9333801270 27.9333496094 28.0566711426 28.1799316406 28.3067016602 28.2333374023 27.6533508301 28.1933288574 28.0899963379 28.2833251953 28.2700500488 9999.0000000000 9999.0000000000 9999.0000000000 9999.0000000000 9999.0000000000 9999.0000000000
27.3099975586 27.3299560547 27.2366943359 27.1466674805 27.1733398438 27.2832946777 27.3966369629 27.4166259766 27.3433227539 27.1567382812 26.9766540527 26.9966430664 27.0133361816 27.0266418457 27.0566406250 26.9666137695 27.0833740234 27.1033325195 27.2299804688 27.3333435059 27.5567016602 27.4833374023 27.4933471680 27.2666320801 27.0433349609 27.2066345215 26.7666931152 27.4400024414 27.8166809082 28.0833740234 28.1533508301 27.9199829102 27.6800537109 27.8533325195 28.2266845703 28.3533325195 28.2800292969 26.7933349609 27.1299743652 28.1600341797 27.8899841309 27.9199523926 27.9632873535 28.8699645996 9999.0000000000 9999.0000000000 9999.0000000000 9999.0000000000
27.3233337402 27.1366882324 27.1466979980 27.1566467285 27.1566162109 27.1799926758 27.1967163086 27.2200317383 27.2333679199 27.0533447266 26.7700195312 26.7866821289 27.0066833496 26.8200073242 26.8466186523 26.6666870117 26.7833251953 26.5933227539 26.6133422852 26.9366760254 27.2533569336 27.3767089844 27.2866210938 27.1566467285 27.1399536133 27.1966552734 27.2566528320 27.2200012207 27.5999450684 27.8733215332 28.0366821289 27.9000244141 28.0666809082 28.3333435059 28.3033142090 28.2633361816 28.2466735840 27.0466918945 26.7799682617 28.3000183105 27.6199951172 27.6599731445 27.5033264160 28.3399963379 28.7733459473 9999.0000000000 9999.0000000000 9999.0000000000
