model_inputs/inputs/tas11.asc
ncols 720
nrows 360
xllcorner -180
yllcorner -90
cellsize 0.500000
NODATA_value 9999.000000
[rows 21 to 41 of 360, columns 528 to 575 of 720]
9999.0000000000 9999.0000000000 9999.0000000000 9999.0000000000 9999.0000000000 9999.0000000000 9999.0000000000 9999.0000000000 9999.0000000000 9999.0000000000 9999.0000000000 9999.0000000000 9999.0000000000 9999.0000000000 -21.6666717529 9999.0000000000 9999.0000000000 9999.0000000000 -22.1300048828 -22.2333068848 -22.7599792480 -29.1767120361 -30.3833007812 -30.8033447266 -30.3266601562 -29.9266967773 -29.6300048828 -30.5433197021 -31.2599945068 -32.1666717529 -31.9733734131 -30.9966430664 9999.0000000000 9999.0000000000 -22.6366882324 -31.1533660889 -31.3600006104 -31.2766571045 -22.6799774170 -22.5933990479 9999.0000000000 9999.0000000000 9999.0000000000 9999.0000000000 9999.0000000000 9999.0000000000 9999.0000000000 9999.0000000000
9999.0000000000 9999.0000000000 9999.0000000000 9999.0000000000 9999.0000000000 9999.0000000000 9999.0000000000 9999.0000000000 9999.0000000000 9999.0000000000 9999.0000000000 9999.0000000000 9999.0000000000 9999.0000000000 9999.0000000000 9999.0000000000 9999.0000000000 9999.0000000000 9999.0000000000 9999.0000000000 9999.0000000000 9999.0000000000 9999.0000000000 -24.7133331299 -24.0333404541 -23.5300292969 -22.6433410645 -28.7599792480 -29.7700195312 -30.2766723633 -30.3766784668 -23.6999969482 -22.9166717529 -30.5333404541 -31.5399780273 -32.1466827393 -32.6566162109 -32.6733093262 -32.9866790771 -32.1899871826 -33.2067108154 -32.6033782959 -23.6167144775 9999.0000000000 9999.0000000000 9999.0000000000 9999.0000000000 9999.0000000000
9999.0000000000 9999.0000000000 9999.0000000000 9999.0000000000 9999.0000000000 9999.0000000000 9999.0000000000 9999.0000000000 9999.0000000000 9999.0000000000 9999.0000000000 9999.0000000000 9999.0000000000 9999.0000000000 9999.0000000000 9999.0000000000 9999.0000000000 9999.0000000000 9999.0000000000 9999.0000000000 9999.0000000000 9999.0000000000 9999.0000000000 9999.0000000000 9999.0000000000 9999.0000000000 9999.0000000000 9999.0000000000 9999.0000000000 9999.0000000000 9999.0000000000 -29.0033416748 -29.3133697510 -29.7266387939 -30.2299957275 -30.3666534424 -30.7766571045 -31.1833038330 -31.0933532715 -31.0999908447 -31.1099853516 -23.4233551025 -23.2666778564 9999.0000000000 -23.2733001709 -23.6399993896 -24.0899810791 -24.4633483887
9999.0000000000 9999.0000000000 9999.0000000000 9999.0000000000 9999.0000000000 9999.0000000000 9999.0000000000 9999.0000000000 9999.0000000000 9999.0000000000 9999.0000000000 9999.0000000000 9999.0000000000 9999.0000000000 9999.0000000000 9999.0000000000 9999.0000000000 9999.0000000000 9999.0000000000 9999.0000000000 9999.0000000000 9999.0000000000 9999.0000000000 9999.0000000000 9999.0000000000 9999.0000000000 9999.0000000000 9999.0000000000 9999.0000000000 9999.0000000000 -19.6559143066 -22.4033050537 -22.4033508301 9999.0000000000 9999.0000000000 9999.0000000000 9999.0000000000 9999.0000000000 -22.1133422852 -21.9133453369 -30.2166748047 -22.2700347900 9999.0000000000 9999.0000000000 9999.0000000000 9999.0000000000 9999.0000000000 9999.0000000000
9999.0000000000 9999.0000000000 9999.0000000000 9999.0000000000 9999.0000000000 9999.0000000000 9999.0000000000 9999.0000000000 9999.0000000000 9999.0000000000 -20.8732910156 -20.9733428955 9999.0000000000 9999.0000000000 9999.0000000000 9999.0000000000 9999.0000000000 9999.0000000000 9999.0000000000 9999.0000000000 9999.0000000000 9999.0000000000 9999.0000000000 -22.2233581543 -22.3067016602 9999.0000000000 9999.0000000000 9999.0000000000 9999.0000000000 9999.0000000000 9999.0000000000 9999.0000000000 9999.0000000000 9999.0000000000 -22.3066406250 -28.8999633789 -29.1933593750 -29.4833679199 -29.8733215332 -29.9500122070 -30.1433258057 -30.2300262451 -30.3866424561 -30.5466613770 9999.0000000000 9999.0000000000 9999.0000000000 9999.0000000000
9999.0000000000 9999.0000000000 9999.0000000000 9999.0000000000 9999.0000000000 9999.0000000000 9999.0000000000 9999.0000000000 9999.0000000000 9999.0000000000 9999.0000000000 9999.0000000000 9999.0000000000 9999.0000000000 9999.0000000000 9999.0000000000 9999.0000000000 9999.0000000000 9999.0000000000 9999.0000000000 9999.0000000000 -22.1066741943 -22.2033691406 -22.3000030518 -22.2999877930 9999.0000000000 -22.3833160400 9999.0000000000 9999.0000000000 9999.0000000000 9999.0000000000 9999.0000000000 9999.0000000000 -22.3500061035 -28.3433532715 -28.5266876221 -28.9232940674 -29.3100128174 -29.7933197021 -29.8766632080 -29.8666839600 -30.1533355713 -30.4566345215 -31.0066680908 -31.0733337402 -31.0266571045 -31.0833129883 -25.1399841309
9999.0000000000 9999.0000000000 9999.0000000000 9999.0000000000 9999.0000000000 9999.0000000000 9999.0000000000 9999.0000000000 9999.0000000000 9999.0000000000 9999.0000000000 9999.0000000000 9999.0000000000 9999.0000000000 9999.0000000000 9999.0000000000 9999.0000000000 9999.0000000000 -21.8899993896 -22.0933227539 -22.2966766357 -22.3866424561 -26.7932891846 -26.9866943359 -26.5899963379 -22.4699707031 -22.4533233643 -22.5467071533 -22.6199951172 -27.5133056641 -27.4166717529 -27.4933471680 -27.7766723633 -27.8700103760 -28.0666503906 -28.2533264160 -28.4433288574 -28.8300170898 -29.1200103760 -29.4066619873 -29.6899719238 -30.2699737549 -31.1699676514 -31.1733551025 -31.1433410645 -31.0933380127 -31.8500061035 -32.4066467285
9999.0000000000 9999.0000000000 9999.0000000000 9999.0000000000 9999.0000000000 9999.0000000000 9999.0000000000 9999.0000000000 9999.0000000000 9999.0000000000 9999.0000000000 9999.0000000000 -21.3500213623 -21.4633331299 -22.2600250244 -25.0766601562 -25.2700042725 -25.4766845703 -25.9766235352 -26.4799957275 -26.6633300781 -26.9366607666 -27.1366729736 -26.8266601562 -26.8066711426 -26.8999938965 -27.2833404541 -27.5666656494 -27.4533386230 -27.5400085449 -27.5399627686 -27.4366607666 -27.6100006104 -27.7866516113 -27.9900054932 -27.9900207520 -28.3800201416 -28.9666595459 -29.3500213623 -29.5299987793 -29.5300140381 -30.3033142090 -30.8833312988 -31.4766540527 -31.9799957275 -32.2500000000 -32.3166656494 -33.7733612061
9999.0000000000 9999.0000000000 9999.0000000000 9999.0000000000 9999.0000000000 9999.0000000000 -20.2133331299 -20.4266662598 -20.7200164795 -23.2166290283 -23.7199859619 -24.0300140381 -24.5299835205 -24.7333526611 -25.1366729736 -25.6233062744 -25.8233489990 -26.2099914551 -26.5100250244 -26.4899902344 -26.5999755859 -26.7866516113 -26.7666473389 -26.7433471680 -26.8366699219 -26.6233367920 -26.7133331299 -26.9033508301 -26.8867187500 -27.1766510010 -27.1666564941 -27.3433074951 -27.1399841309 -27.4299926758 -27.8166656494 -28.1066589355 -28.3966522217 -28.7900390625 -29.1732940674 -29.1566772461 -28.7600097656 -29.3333282471 -29.7266540527 -30.1033325195 -30.3866729736 -30.8199920654 -31.0766754150 -31.7333221436
9999.0000000000 9999.0000000000 -19.3899841309 -19.5966644287 -21.5933532715 -22.0033264160 -22.3999938965 -22.6900177002 -23.1733703613 -23.3699645996 -23.8800048828 -24.0633239746 -24.1699981689 -24.4633483887 -24.9533386230 -25.2500000000 -25.4533386230 -25.7466583252 -26.1500244141 -26.1267089844 -26.3133239746 -26.4066619873 -26.5933380127 -26.5766448975 -26.7699737549 -27.1533203125 -27.2433319092 -27.3300018311 -27.4233245850 -27.5033264160 -27.3933563232 -27.4799957275 -27.0600280762 -26.9599761963 -27.6399993896 -27.9399871826 -28.1299896240 -28.2133178711 -28.7099914551 -28.1933288574 -27.8733215332 -28.2566528320 -28.6433563232 -29.2299957275 -29.3199920654 -29.3999786377 -30.0466461182 -30.6033325195
9999.0000000000 -19.1633148193 -19.5567016602 -19.6466674805 -19.8366394043 -21.6299896240 -21.9200134277 -22.3200225830 -22.7100067139 -22.9967041016 -23.3933258057 -23.7933349609 -24.0899658203 -24.2866668701 -24.8799591064 -24.8666534424 -25.1833038330 -25.4699859619 -25.6600036621 -25.8433380127 -26.1400146484 -26.6233367920 -26.8233489990 -26.9066467285 -27.1065979004 -27.3700256348 -27.2700500488 -26.8600158691 -26.8600006104 -26.9299926758 -26.9200286865 -26.7133178711 -26.4966430664 -26.4900054932 -26.4700164795 -26.5600280762 -26.8633270264 -27.0500183105 -27.3166351318 -27.4166259766 -27.6900177002 -28.0866546631 -28.6666564941 -29.0566558838 -28.8433380127 -28.9266815186 -29.2233428955 -29.5633087158
-19.8966369629 -20.1833038330 -20.4800109863 -20.7699890137 -21.0700225830 -21.3533325195 -21.5466461182 -21.9333190918 -22.5366363525 -22.9166412354 -23.2166900635 -23.6133422852 -23.7166595459 -23.9066925049 -24.0099945068 -24.2866668701 -24.4000091553 -24.9966430664 -25.3766479492 -25.5866546631 -25.5700225830 -26.0433502197 -26.0466613770 -25.8266906738 -25.8233642578 -25.6166534424 -25.7033386230 -25.7900085449 -25.8799743652 -25.8700103760 -26.0466918945 -26.1300201416 -26.1266479492 -26.2166748047 -26.1066741943 -26.2866363525 -26.5733184814 -26.7733612061 -26.8566436768 -27.0433044434 -27.3267059326 -27.6133270264 -27.8033294678 -27.8900146484 -28.1800079346 -28.5633544922 -28.5466766357 -28.9366912842
-20.2233581543 -20.5066986084 -20.6066741943 -20.8000183105 -20.9800109863 -21.3766632080 -21.4666900635 -21.6567077637 -21.9566650391 -22.3433227539 -22.5433349609 -22.8433227539 -22.8299407959 -23.1266937256 -23.5233459473 -23.8300018311 -23.8133239746 -24.1232604980 -24.2033386230 -24.4933776855 -24.6866760254 -24.7766876221 -24.8733367920 -25.0533142090 -25.0499725342 -25.3299713135 -25.5299987793 -25.5233459473 -25.6000366211 -25.6933441162 -25.7899932861 -25.9700164795 -25.7533264160 -25.9467163086 -25.9366455078 -25.9166564941 -26.1066589355 -26.2899932861 -26.3766632080 -26.6732940674 -26.8599853516 -27.0366668701 -27.3199920654 -27.5100097656 -27.6033477783 -27.8866729736 -27.9800109863 -28.2533264160
-19.7166900635 -19.7966918945 -20.0799865723 -20.5766906738 -20.6633453369 -21.0500335693 -21.3400268555 -21.5200195312 -21.7100067139 -21.9033203125 -22.0900573730 -22.3799743652 -22.4733581543 -22.9599914551 -22.9566955566 -23.2566375732 -23.5500030518 -23.9366760254 -24.0233764648 -24.2166290283 -24.4033050537 -24.4966583252 -24.4799957275 -24.6800079346 -24.8733062744 -24.9566650391 -25.1433105469 -25.1433258057 -25.3233642578 -25.4199981689 -25.6133117676 -25.5066375732 -25.3933563232 -25.3800201416 -25.3633422852 -25.3433227539 -25.3333282471 -25.6233062744 -25.9099426270 -26.0033721924 -26.3800048828 -26.5699920654 -26.8433380127 -27.0433349609 -27.3233184814 -27.6099548340 -27.8966674805 -28.1833343506
-19.3099975586 -19.3999938965 -19.7799682617 -20.0766754150 -20.4633026123 -20.6500244141 -21.0400085449 -21.4299926758 -21.6033020020 -21.6866607666 -21.7833557129 -22.0733337402 -22.3633270264 -22.6600036621 -22.8499908447 -22.8433227539 -23.1233215332 -23.3099822998 -23.5033111572 -23.9733428955 -24.1600036621 -24.2633514404 -24.3333282471 -24.5200195312 -24.6066741943 -24.6900024414 -24.6800231934 -24.7699890137 -24.8533477783 -24.9299774170 -25.1199951172 -25.1166381836 -25.0033264160 -25.0866699219 -25.0900115967 -25.0666809082 -24.9533843994 -25.0533142090 -25.4233398438 -25.6300048828 -26.2166900635 -26.4033355713 -26.6866760254 -27.1766967773 -27.4699859619 -27.7366485596 -28.3233337402 -28.6199951172
-18.9966735840 -19.2933197021 -19.5699768066 -19.9733276367 -20.1599884033 -20.4400024414 -20.8166961670 -21.0033264160 -21.0966644287 -21.2799987793 -21.5866699219 -21.8699645996 -22.1599731445 -22.5566406250 -22.8433380127 -22.9299621582 -22.9133453369 -23.1966705322 -23.4900207520 -23.6666564941 -23.8599700928 -23.8466644287 -24.0366210938 -24.3066711426 -24.1933441162 -24.4700012207 -24.4700012207 -24.5533142090 -24.6433410645 -24.6232910156 -24.7033081055 -24.8966827393 -24.8766632080 -24.9666595459 -24.8600006104 -24.7366638184 -24.6966857910 -24.9799804688 -25.4666748047 -25.9500122070 -26.7333526611 -27.0299835205 -27.3133239746 -27.6999969482 -27.8833160400 -28.0733489990 -28.2566833496 -28.5400085449
-18.9000244141 -19.1866607666 -19.4699707031 -19.7433166504 -20.1433258057 -20.2299957275 -20.6166381836 -20.8966522217 -20.8966827393 -21.1766967773 -21.3766937256 -21.7733459473 -22.1533508301 -22.3499908447 -22.4300079346 -22.6133270264 -22.7000122070 -22.8933410645 -23.1766662598 -23.3633422852 -23.5500030518 -23.6266937256 -23.7266693115 -23.8999938965 -24.0933532715 -24.1799621582 -24.3566589355 -24.4466705322 -24.5299835205 -24.5200195312 -24.5933074951 -24.6900329590 -24.7666625977 -24.7499694824 -24.7966766357 -24.8399963379 -25.2833251953 -25.4099731445 -25.7933197021 -26.0800018311 -26.4666748047 -26.9499969482 -27.4367065430 -27.4266967773 -27.8100128174 -27.8933563232 -28.1833190918 -28.5699615479
-18.8966674805 -19.1733245850 -19.3699951172 -19.4433135986 -19.7433471680 -20.1300048828 -20.5100097656 -20.8033142090 -20.8833160400 -20.9699859619 -21.2566986084 -21.4600219727 -21.8533020020 -22.3533477783 -22.6333618164 -22.8266601562 -23.1033172607 -23.5933532715 -23.6766662598 -23.6566925049 -23.8399963379 -24.1200103760 -24.0033111572 -23.8966979980 -24.2766876221 -24.3766784668 -24.2566986084 -24.3267211914 -24.5166931152 -24.7100067139 -24.8933410645 -25.3633422852 -25.6033172607 -25.8466644287 -25.9933624268 -26.6333465576 -26.3900299072 -26.0200195312 -26.1300201416 -26.1099853516 -26.4000091553 -26.8900146484 -27.1666717529 -27.4466857910 -27.9433441162 -28.4333496094 -28.6166992188 -28.9966888428
-18.4899597168 -18.7666625977 -19.1600189209 -19.3366546631 -19.4333343506 -19.9300079346 -20.4133300781 -20.5899963379 -20.5833282471 -20.8666839600 -21.8533630371 -22.1566619873 -22.9400177002 -23.7400207520 -24.8199920654 -24.7999572754 -25.4899902344 -26.1733245850 -25.8700256348 -26.3433074951 -25.7366790771 -25.7166900635 -25.9000091553 -25.7900085449 -26.3700256348 -26.2500000000 -25.7399444580 -25.8300018311 -26.0166625977 -26.1666564941 -26.5133514404 -26.5566406250 -26.0999755859 -26.0300140381 -25.6866607666 -26.2200164795 -25.9100036621 -25.9400329590 -25.6433563232 -25.8399810791 -26.2366333008 -26.5099792480 -27.5199890137 -27.8899841309 -27.7633056641 -28.2599945068 -28.2400054932 -28.8300018311
-18.3833007812 -18.7666320801 -18.8533782959 -19.0400085449 -19.5267181396 -19.9233398438 -20.2067108154 -20.0900268555 -20.8767089844 -22.2766723633 -22.9499816895 -22.7532958984 -23.1466979980 -24.2233428955 -25.3033294678 -26.5899810791 -28.0733337402 -27.8599700928 -27.4599914551 -27.4367065430 -27.0200195312 -27.3066558838 -27.8866271973 -27.8766479492 -27.5566558838 -27.3533325195 -26.9233398438 -27.6733093262 -28.0266723633 -27.2566680908 -27.1067047119 -26.9366912842 -27.0899963379 -26.8300170898 -25.9799804688 -25.8300018311 -25.9266662598 -25.6433563232 -25.7699737549 -26.3667144775 -26.9633636475 -27.2466735840 -27.9333038330 -28.5233459473 -29.2066345215 -28.7833557129 -28.7733154297 -29.3567047119
-18.1633300781 -18.4499816895 -18.7466888428 -19.0366973877 -19.2133483887 -19.6066741943 -20.0866546631 -20.8800048828 -21.5666809082 -21.3633270264 -20.8533172607 -21.5433502197 -23.9366455078 -24.5133209229 -25.4066314697 -25.8799743652 -27.2633209229 -27.7533569336 -27.9333190918 -27.5200195312 -27.7032775879 -28.8000335693 -30.1767120361 -30.0699462891 -29.5399780273 -29.3866577148 -28.9166717529 -29.3632965088 -29.1099853516 -27.9600067139 -26.7966766357 -26.6299743652 -26.4800109863 -26.5300445557 -26.2566833496 -26.1266784668 -25.6300048828 -25.5533294678 -25.4833374023 -25.5099945068 -26.1966705322 -26.7833251953 -27.1667022705 -27.4533843994 -28.0299835205 -28.2166900635 -28.0033264160 -28.3833465576
