model_inputs/inputs/tas11.asc
ncols 720
nrows 360
xllcorner -180
yllcorner -90
cellsize 0.500000
NODATA_value 9999.000000
[rows 63 to 83 of 360, columns 432 to 479 of 720]
-1.9466857910 -2.3367004395 -2.5433044434 -2.3966674805 -2.5300292969 -2.6733703613 -3.0166625977 -3.2333374023 -3.1333312988 -3.3300170898 -3.5033569336 -3.7733154297 -3.8600158691 -3.9533081055 -4.0366516113 -4.1366882324 -4.0133666992 -4.1000061035 -4.1899719238 -4.2799987793 -4.2599792480 -4.3433227539 -4.3233337402 -4.5033569336 -4.4766845703 -4.4666442871 -4.5566711426 -4.6333312988 -4.8399963379 -4.9699707031 -5.1833190918 -5.3066711426 -5.4367065430 -5.5466918945 -5.8733520508 -6.0766296387 -5.7900085449 -5.7933349609 -5.9100341797 -6.0199890137 -5.9466552734 -6.2533264160 -6.4833068848 -6.9967346191 -7.4166564941 -7.7066650391 -7.6766662598 -7.3700256348
-2.0166625977 -2.0999755859 -2.1966247559 -2.1433410645 -2.3833312988 -2.5200195312 -2.6433410645 -2.8766174316 -2.8666381836 -3.0733337402 -3.1633300781 -3.2532653809 -3.4366760254 -3.4166259766 -3.5066833496 -3.6833190918 -3.6733398438 -3.7566528320 -3.8399963379 -3.8299865723 -3.9166564941 -3.9966430664 -3.9766540527 -3.9599914551 -4.0399780273 -4.1266479492 -4.3066406250 -4.1932983398 -4.5099792480 -4.6199951172 -4.9533691406 -5.0799560547 -5.3132934570 -5.4366760254 -5.5400085449 -5.6500244141 -5.7599792480 -5.6700134277 -5.6866455078 -5.8000488281 -5.8966674805 -5.9333190918 -6.3699951172 -6.6766357422 -6.8866271973 -6.9800109863 -7.4600219727 -7.2366638184
-1.7700195312 -1.8666992188 -1.8566589355 -1.8900146484 -2.1366577148 -2.6766662598 -2.5899963379 -2.5933227539 -2.6100463867 -2.8299865723 -3.0433349609 -3.1300354004 -3.2167053223 -3.2933349609 -3.2733154297 -3.5533447266 -3.5366821289 -3.5133056641 -3.4933471680 -3.5867004395 -3.6566772461 -3.6366882324 -3.7233886719 -3.8200073242 -3.9033203125 -3.8866577148 -4.0700073242 -4.0566711426 -4.0800476074 -4.2900390625 -4.4200134277 -4.7500000000 -4.9699707031 -5.1965942383 -5.3132934570 -5.3266296387 -5.3466796875 -5.3466491699 -5.3599853516 -5.6633605957 -5.9833068848 -5.7233276367 -6.2566528320 -6.5566711426 -6.6733093262 -6.7500000000 -6.8300476074 -6.9099731445
-1.5466613770 -1.5266723633 -1.4132995605 -1.6433105469 -1.9899902344 -2.3067016602 -2.4299621582 -2.5566711426 -2.5766601562 -2.6932983398 -2.7167053223 -2.8166809082 -2.9166870117 -3.0866699219 -3.1766357422 -3.2400207520 -3.2266540527 -3.0833435059 -3.1500244141 -3.1333312988 -3.2233276367 -3.2899780273 -3.3866577148 -3.4633483887 -3.8599853516 -4.0366821289 -4.0299682617 -4.1266479492 -4.2499694824 -4.0733337402 -4.1899719238 -4.5233764648 -4.8466491699 -4.8733215332 -4.9999694824 -4.8067016602 -4.8133239746 -5.0232849121 -5.2333374023 -5.3366699219 -5.6566772461 -5.6866760254 -6.5266418457 -6.5666503906 -6.6432800293 -6.7266540527 -6.8033142090 -6.6966552734
-1.3933715820 -1.5933227539 -1.4800415039 -1.5966491699 -1.9233398438 -1.9599609375 -2.2800292969 -2.5166931152 -2.4366760254 -2.4632873535 -2.5833129883 -2.6899719238 -2.8033447266 -2.7833251953 -2.9666748047 -3.0466613770 -2.9132690430 -2.8899841309 -3.0566711426 -3.0299987793 -3.0966796875 -3.2800292969 -3.3566589355 -3.3300170898 -3.3133544922 -3.6966857910 -3.8833312988 -3.8999633789 -4.1233215332 -4.2467041016 -3.9700317383 -4.3966979980 -4.7233886719 -4.5566406250 -4.5633544922 -4.7666931152 -4.5766601562 -4.8000183105 -4.9033508301 -4.9166870117 -5.1333312988 -5.5699768066 -6.0033569336 -6.4466552734 -6.4233093262 -6.4000244141 -6.5833740234 -6.6433105469
-1.3600158691 -1.2466735840 -1.1432800293 -1.2433471680 -1.4932861328 -1.7233581543 -1.8599853516 -1.9867248535 -2.2066345215 -2.3332824707 -2.4399719238 -2.5700073242 -2.6666259766 -2.8833007812 -3.0633239746 -3.1366577148 -3.1066589355 -3.1833190918 -3.1566467285 -2.9266967773 -3.2033081055 -3.3732910156 -3.4566955566 -3.5166625977 -3.4867248535 -3.3666687012 -3.3499755859 -3.4766540527 -3.8966674805 -4.0233459473 -4.0433349609 -4.0766906738 -4.3033142090 -4.4133300781 -4.4400024414 -4.3666687012 -4.3666076660 -4.4666442871 -4.6733398438 -4.7900085449 -5.0166625977 -5.3533325195 -5.9933471680 -6.5366516113 -6.1166687012 -6.2767028809 -6.5332946777 -6.7233276367
-1.0666503906 -1.0699768066 -1.0599975586 -1.1599731445 -1.3833312988 -1.6066589355 -1.7433166504 -1.8732910156 -1.9799804688 -2.1033325195 -2.2199707031 -2.3366699219 -2.4533691406 -2.6600036621 -2.7633361816 -2.8400573730 -3.0133666992 -2.9766540527 -3.0500183105 -3.0266418457 -3.1066894531 -3.1766967773 -3.2633361816 -3.3099975586 -3.2966613770 -3.3666687012 -3.1833190918 -3.1800231934 -3.4966735840 -3.7200317383 -3.8467102051 -3.9700012207 -4.3899841309 -4.4100036621 -4.3233337402 -4.3499755859 -4.4566650391 -4.3633117676 -4.3599853516 -4.3633422852 -4.6899719238 -5.0366516113 -5.8800048828 -6.3066711426 -6.1867065430 -6.4466552734 -6.8400268555 -7.3266601562
-1.1799926758 -1.1733093262 -1.1599731445 -1.3666992188 -1.5933532715 -1.8233337402 -1.8400268555 -1.9466552734 -1.8699951172 -1.9900207520 -2.1066284180 -2.2133178711 -2.3233337402 -2.5366821289 -2.6533508301 -2.7433776855 -2.8233337402 -2.7799377441 -2.8533020020 -2.9266967773 -3.0066833496 -3.0699768066 -3.1433410645 -3.1232910156 -3.2033691406 -3.0033264160 -2.9132995605 -3.5366516113 -3.4333190918 -3.5166320801 -3.7533569336 -3.9566345215 -4.2866210938 -4.5866394043 -4.4166564941 -4.3366394043 -4.4432983398 -4.4533386230 -4.3533325195 -4.2499694824 -4.2800292969 -4.6199645996 -5.7599792480 -6.9800109863 -7.5766601562 -7.9633483887 -7.4566345215 -6.9333190918
-1.1066589355 -1.1833190918 -1.3699951172 -1.2800292969 -1.5000000000 -1.8267211914 -1.7599487305 -1.8699645996 -1.6599731445 -1.7666625977 -1.9799804688 -1.9900207520 -2.1066894531 -2.2232971191 -2.4333496094 -2.5433349609 -2.6366577148 -2.5833129883 -2.7500000000 -3.0266113281 -2.8133239746 -2.8700256348 -2.9433288574 -3.0233154297 -3.0132751465 -2.7333374023 -2.8500366211 -3.0566711426 -3.1566772461 -3.2533264160 -3.5599975586 -3.7633056641 -3.9766845703 -4.3933410645 -4.3100280762 -4.3400268555 -4.6499633789 -4.4466552734 -4.1500244141 -4.1600036621 -4.1599731445 -4.7966613770 -6.0367126465 -7.0566711426 -8.2733459473 -7.7799987793 -6.9733276367 -6.4432983398
-1.0133056641 -1.1033630371 -1.4966430664 -1.6966552734 -1.9067077637 -1.9233093262 -1.6699829102 -1.6799926758 -1.6833190918 -1.7699890137 -1.8666992188 -1.7699279785 -1.9999694824 -2.1000061035 -2.3033142090 -2.4233703613 -2.7300415039 -2.7132873535 -2.4566650391 -2.8299560547 -2.8033142090 -2.9666748047 -2.9466552734 -2.9400024414 -2.9533386230 -2.8566589355 -2.5833129883 -2.9833374023 -3.1000061035 -3.1033325195 -3.2966613770 -3.4833374023 -3.4700012207 -3.6766662598 -3.8999633789 -4.2133178711 -4.4332885742 -4.2433166504 -4.2432861328 -4.1533508301 -4.2566833496 -5.6933288574 -6.5199890137 -6.8500366211 -7.3733215332 -6.9899597168 -6.1833190918 -5.9466857910
-0.9166564941 -0.9966735840 -1.2066650391 -1.5166625977 -1.7333679199 -1.6366882324 -1.3799743652 -1.4866638184 -1.3866882324 -1.5833435059 -1.5733337402 -1.6833496094 -1.7766723633 -1.8733215332 -2.1933593750 -2.2966918945 -2.5199890137 -2.5266723633 -2.3533630371 -2.5299987793 -2.5999755859 -2.8666992188 -2.6600036621 -2.6600036621 -2.5833435059 -2.3866577148 -2.4033203125 -2.7233276367 -2.8366699219 -2.8366699219 -2.8199768066 -3.1100463867 -3.3100280762 -3.4900207520 -3.5966186523 -3.5967407227 -3.9233093262 -4.3399963379 -4.4500122070 -4.0433044434 -4.4599914551 -5.3766479492 -6.3332824707 -6.5666503906 -7.0766296387 -6.3000183105 -5.7866821289 -5.6566467285
-1.1166687012 -1.2100219727 -1.1233520508 -1.2366943359 -1.2566833496 -1.0600280762 -1.1033630371 -1.0999755859 -1.0967102051 -1.1933593750 -1.3900146484 -1.4900207520 -1.6000366211 -1.6866760254 -1.7766723633 -1.8800354004 -2.2900085449 -2.3999938965 -2.3766174316 -2.2266540527 -2.3033142090 -2.1733398438 -2.2799682617 -2.5000000000 -2.2066650391 -1.9266967773 -2.1366577148 -2.4566345215 -2.4633483887 -2.6666564941 -2.9599609375 -3.2366943359 -3.1300048828 -3.3167114258 -3.4033203125 -3.3999938965 -4.0066528320 -4.0299987793 -4.1433715820 -4.2533264160 -4.6566467285 -4.9899902344 -5.7500000000 -6.5766906738 -6.2866210938 -5.4933471680 -5.3833007812 -5.5533142090
-1.0333251953 -1.0300292969 -0.8433532715 -0.7633056641 -0.7833557129 -0.7933044434 -0.7999572754 -0.8066406250 -0.8033447266 -0.9966735840 -1.1833190918 -1.1800231934 -1.2766723633 -1.3866577148 -1.4966430664 -1.5900573730 -1.9800109863 -2.1799926758 -2.2000122070 -1.9266662598 -1.6966552734 -1.7033691406 -1.7233581543 -1.9333496094 -1.6366882324 -1.8499755859 -1.9633483887 -2.1633300781 -2.2900390625 -2.5833740234 -3.0832824707 -3.0733032227 -3.0666809082 -3.1433105469 -3.2333374023 -3.2366943359 -3.8200073242 -3.9300231934 -3.6466674805 -3.6499633789 -4.2733154297 -4.7100219727 -5.3733215332 -5.8999938965 -5.6033325195 -5.0799865723 -5.2767028809 -5.3699645996
-0.8366699219 -0.8466491699 -0.7666625977 -0.6033325195 -0.6067199707 -0.4266357422 -0.4199829102 -0.5066528320 -0.5866394043 -0.7899780273 -0.7766418457 -0.8800048828 -0.8700256348 -0.9733276367 -1.1766662598 -1.2899780273 -1.5833129883 -1.8766784668 -1.9733276367 -1.7433166504 -0.6200256348 -0.6233215332 -0.8533630371 -1.1533203125 -1.3666687012 -1.6766662598 -1.7766418457 -2.0032958984 -2.0966491699 -2.3099975586 -2.4299621582 -2.4033203125 -2.5999755859 -2.6932983398 -2.6733398438 -2.8600158691 -2.9633483887 -3.0467224121 -3.3433227539 -3.3699951172 -3.6066589355 -3.9433593750 -4.4966735840 -4.9199829102 -4.7100219727 -4.4999694824 -4.6799621582 -4.9633178711
-0.3066406250 -0.4200439453 -0.4366760254 -0.2599792480 -0.1766662598 -0.2733154297 -0.1366577148 -0.1033020020 -0.1866760254 -0.3800354004 -0.4766845703 -0.4799804688 -0.4900512695 -0.6766967773 -0.8733520508 -0.9799804688 -1.0766601562 -1.2766418457 -1.5766601562 -0.8433227539 -0.1333007812 -0.4533386230 -0.7566833496 -0.9732971191 -1.1833190918 -1.4966735840 -1.6066589355 -1.8133239746 -1.9333496094 -2.0333251953 -2.1500244141 -2.1433715820 -2.1266479492 -2.2233276367 -2.3166809082 -2.2999877930 -2.5966491699 -2.8799743652 -3.0932922363 -3.1066589355 -3.2300109863 -3.6633300781 -3.9167175293 -4.4233398438 -4.2099914551 -4.2033386230 -4.2900085449 -4.5700073242
0.3199462891 0.1933593750 0.1800231934 0.1666870117 0.0899658203 0.2233276367 0.1667175293 0.0899963379 0.1133117676 -0.0666503906 -0.0867004395 -0.1766967773 0.0232849121 -0.0633544922 -0.2766418457 -0.4766540527 -0.5766906738 -0.7733154297 -1.0766601562 -0.3466491699 0.0500183105 -0.1533508301 -0.3732910156 -0.7933349609 -0.9933471680 -1.2133483887 -1.2266845703 -1.2299804688 -1.2333679199 -1.3566589355 -1.4800415039 -1.6966552734 -1.8700256348 -1.8633422852 -1.9433288574 -2.2299804688 -2.5366821289 -2.5166931152 -2.8299865723 -3.1466674805 -3.1766967773 -3.4966735840 -3.9400024414 -4.2266540527 -4.5199890137 -4.2100219727 -4.2899780273 -4.4766540527
0.8433532715 0.7299804688 0.6433105469 0.5766601562 0.4866638184 0.4966735840 0.4433288574 0.4833068848 0.7133483887 0.3199768066 0.3333435059 0.2333374023 0.3399963379 0.4333496094 0.1366577148 0.0366516113 -0.1600646973 -0.2766723633 -0.4633178711 0.1633605957 0.2399597168 0.1433105469 -0.0932922363 -0.3933105469 -0.7166748047 -0.9266357422 -0.7466430664 -0.8533020020 -0.9700012207 -0.9800109863 -1.1333312988 -1.3766784668 -1.4266967773 -1.4066467285 -1.4799804688 -1.7633361816 -2.1700439453 -2.3633422852 -2.4633483887 -2.5933227539 -3.0133361816 -3.3366394043 -3.4533691406 -3.9433288574 -4.2233581543 -3.9099731445 -3.9966430664 -4.1899719238
1.3099670410 1.3166503906 1.0433044434 0.9600219727 0.8766784668 0.8966979980 0.9299926758 0.8733520508 0.8033142090 0.9266662598 0.9466857910 0.8467102051 0.7466735840 0.7466735840 0.8433532715 0.5399780273 0.3399963379 0.3333740234 0.5367126465 0.6566772461 0.5333557129 0.4333190918 0.2133483887 -0.0100097656 -0.3200073242 -0.5400085449 -0.4433288574 -0.4799804688 -0.5967102051 -0.6433410645 -0.7833251953 -0.8366699219 -1.0000000000 -1.0666503906 -1.2333374023 -1.4100036621 -1.8133544922 -2.0033264160 -2.3199768066 -2.5433044434 -2.6567077637 -3.1499938965 -3.2566528320 -3.5433044434 -3.8233337402 -3.8166809082 -3.8999938965 -3.6900024414
1.6133728027 1.6133117676 1.5267028809 1.4533081055 1.3700256348 1.2867126465 1.3133544922 1.4566955566 1.2966613770 1.4266357422 1.3366699219 1.2566833496 1.2500000000 1.1666564941 1.0500183105 0.9466552734 0.9467163086 0.8433227539 1.1433410645 1.0533447266 0.9299926758 0.7133178711 0.6066894531 0.3899841309 0.1733703613 -0.0399780273 0.0433044434 -0.4128112793 -0.1199951172 -0.2799682617 -0.3433227539 -0.5032958984 -0.4700012207 -0.5366516113 -0.9032897949 -0.8633117676 -1.3533020020 -1.5533142090 -1.7666625977 -2.0599670410 -2.1700134277 -2.5633239746 -2.8566589355 -2.9400329590 -3.3366699219 -3.7166748047 -3.4066162109 -3.1900024414
2.0166625977 1.9199829102 1.7199707031 1.6333618164 1.6533508301 1.6766662598 1.9000244141 2.0533447266 1.8833312988 2.0333251953 2.0533142090 1.9666748047 1.9599914551 1.7566833496 1.6499328613 1.7533569336 1.4400024414 1.6299743652 1.6366577148 1.4500122070 1.3199768066 1.0933227539 1.1000061035 0.7767028809 0.8633728027 0.6399841309 -0.0723266602 0.4099731445 0.1500549316 -0.0000305176 -0.1632995605 -0.1966857910 -0.0632934570 -0.1300048828 -0.3999938965 -0.4700012207 -0.7500305176 -1.0633544922 -1.2699890137 -1.6599731445 -1.8566284180 -2.1666564941 -2.2599792480 -2.3566589355 -2.7366943359 -3.4266662598 -2.7133483887 -2.5867004395
2.5266418457 2.4300231934 2.2366638184 2.0367126465 1.7433471680 1.6633300781 1.8999938965 2.2333068848 2.4800109863 2.6166381836 2.5433044434 2.5700073242 2.6633605957 2.6499938965 2.4600219727 1.9499816895 1.7433471680 2.1433105469 2.0433654785 1.9366760254 1.7266540527 1.4833374023 1.4933776855 1.4733581543 1.1500244141 1.1366882324 1.0199584961 0.8699951172 0.5233154297 0.3666687012 0.2733154297 0.3700256348 0.3900146484 0.3133239746 0.2533569336 -0.0566711426 -0.2566833496 -0.5699768066 -0.9700317383 -0.9700012207 -1.3700256348 -1.5799865723 -1.8633117676 -1.9466857910 -2.3400268555 -2.2266540527 -2.2199707031 -2.2099914551
