model_inputs/inputs/tas12.asc
ncols 720
nrows 360
xllcorner -180
yllcorner -90
cellsize 0.500000
NODATA_value 9999.000000
[rows 21 to 41 of 360, columns 240 to 287 of 720]
-28.4166564941 -28.6133422852 -28.7199707031 -28.7200164795 -28.9266662598 -28.9366912842 -29.1466369629 -29.2499542236 -29.3633270264 -29.4766998291 -29.6800079346 -29.9999847412 -30.1966552734 -30.4133148193 -30.6133117676 -30.8366546631 -31.1366729736 -31.4533691406 -31.6533508301 -31.9666290283 -32.3633270264 -32.5499877930 -32.9466705322 -33.2433319092 -33.6333312988 -33.9233398438 -34.3133544922 -34.6133117676 -34.8999938965 -35.1800079346 -35.5899963379 -35.8966674805 -36.1999816895 -36.3966522217 -36.6033172607 -36.8099975586 -37.1000061035 -37.3233184814 -37.5133361816 -37.7100219727 -37.7166442871 -37.8233184814 -37.8233337402 -37.8266601562 -37.7399902344 -37.4366760254 -36.9300231934 -36.4300384521
-28.7300262451 -28.8899993896 -28.7866668701 -29.0099945068 -29.0166625977 -29.1066284180 -29.3266448975 -29.4333343506 -29.5466613770 -29.6466827393 -29.9633483887 -30.0666656494 -30.2833404541 -30.4899749756 -30.5966796875 -30.8066864014 -31.0133514404 -31.2200012207 -31.5266876221 -31.9333496094 -32.1166687012 -32.4100036621 -32.6999969482 -33.0866546631 -33.3833312988 -33.6733245850 -33.9800109863 -34.2599792480 -34.6399993896 -34.9533538818 -35.1566619873 -35.4599914551 -35.7633514404 -35.9599761963 -36.2733306885 -36.5699920654 -36.7733459473 -36.9733581543 -37.1833496094 -37.4833374023 -37.5699768066 -37.7800598145 -37.9833068848 -37.9933166504 -37.7033081055 -37.5033416748 -37.1033020020 -36.8133544922
-29.0066833496 -29.0033111572 -29.0833129883 -29.1833496094 -29.2000122070 -29.1966552734 -29.1999816895 -29.2099609375 -29.3133392334 -29.4299926758 -29.5433502197 -29.6499786377 -29.8433532715 -29.9700164795 -30.0800170898 -30.3799743652 -30.5933532715 -30.8000030518 -31.0900268555 -31.3833618164 -31.7700347900 -32.0666656494 -32.3599853516 -32.5500488281 -32.8333282471 -33.1400146484 -33.4200439453 -33.7166595459 -34.0100097656 -34.3100280762 -34.6066894531 -34.9200134277 -35.2233276367 -35.4266967773 -35.7300109863 -36.0299987793 -36.3300018311 -36.5266723633 -36.7366638184 -37.0366821289 -36.9333343506 -37.2466125488 -37.5366516113 -37.5399932861 -37.1500091553 -36.8600158691 -36.4533538818 -36.1733093262
-28.6833343506 -28.5999908447 -28.7866363525 -28.6599731445 -28.7599945068 -28.6766510010 -28.6900024414 -28.6866607666 -28.6066436768 -28.7966461182 -29.0166320801 -29.1266632080 -29.1366729736 -29.3366851807 -29.4633178711 -29.7766876221 -29.9733581543 -30.1666564941 -30.6466369629 -30.8333435059 -31.1299896240 -31.4200134277 -31.7000122070 -32.0099792480 -32.2866821289 -32.5800170898 -32.7632751465 -33.0666809082 -33.4766540527 -33.6733398438 -34.0700378418 -34.3799896240 -34.6833343506 -34.9833374023 -35.2733154297 -35.4866485596 -35.6866607666 -35.9933624268 -36.2899932861 -36.5000000000 -36.6933288574 -36.8966522217 -37.0999755859 -36.9933166504 -36.6066589355 -36.2099914551 -35.9233551025 -35.6333618164
-27.8533020020 -27.7733306885 -27.9933166504 -27.8666992188 -27.9533386230 -27.9533233643 -27.8600006104 -27.8799896240 -27.8766632080 -27.9966735840 -28.0999908447 -28.2033233643 -28.4166564941 -28.5233306885 -28.6300048828 -28.9300079346 -29.2233428955 -29.4067077637 -29.9066772461 -30.0900268555 -30.4866485596 -30.7866668701 -31.0600128174 -31.2532958984 -31.6500549316 -31.9433288574 -32.2333068848 -32.4366607666 -32.9333343506 -33.2299804688 -33.5300292969 -33.8300018311 -34.2333221436 -34.5399780273 -34.8366699219 -35.0399932861 -35.2533416748 -35.3500061035 -35.6600189209 -35.8600006104 -36.1666564941 -36.3466491699 -36.3600006104 -36.2633514404 -35.9700164795 -35.6866607666 -35.1866455078 -34.8833465576
-26.1366882324 -26.1666412354 -26.2733001709 -26.2766723633 -26.2366485596 -26.3433380127 -26.3400115967 -26.5566864014 -26.6600341797 -26.7733154297 -26.8800201416 -26.9833221436 -27.1833496094 -27.3966674805 -27.5966339111 -27.9900207520 -28.0866851807 -28.3833312988 -28.8633575439 -29.2466888428 -29.6333312988 -29.9300231934 -30.3133392334 -30.6099853516 -30.9033355713 -31.1933288574 -31.6000061035 -31.9966735840 -32.2899932861 -32.7966918945 -33.2000427246 -33.5966644287 -34.0000152588 -34.3000183105 -34.5999603271 -34.8066711426 -35.0066680908 -35.1166687012 -35.2100067139 -35.4166870117 -35.7266998291 -35.8099822998 -35.8200073242 -35.7266540527 -35.5266876221 -35.2333068848 -34.8433074951 -34.5433502197
-23.4300079346 -23.6333312988 -24.1566619873 -24.3700103760 -24.6633605957 -24.8233032227 -24.9266967773 -24.9366455078 -25.0366821289 -25.2466888428 -25.3566741943 -25.5633544922 -25.8699951172 -26.1699981689 -26.4700012207 -26.7433319092 -27.0333251953 -27.3199920654 -27.7100219727 -28.0033264160 -28.5933380127 -29.0933685303 -29.4799652100 -29.8633270264 -30.1633758545 -30.4533081055 -30.8533782959 -31.2499694824 -31.6633148193 -31.9699859619 -32.6533660889 -33.0566558838 -33.4633026123 -33.7566528320 -34.0600128174 -34.2700195312 -34.4599914551 -34.6666717529 -34.7699737549 -34.9833526611 -35.0766296387 -35.1766967773 -35.0767059326 -34.9799652100 -34.7866821289 -34.5933074951 -34.2966461182 -34.1033172607
-20.3933715820 -19.8232879639 -20.1400146484 -20.4500122070 -21.4699707031 -22.0466613770 -22.6133270264 -23.0066528320 -23.3233337402 -23.6266784668 -23.6300201416 -23.9466400146 -24.2300109863 -24.6200256348 -25.1100006104 -25.5966796875 -25.9966430664 -26.3833618164 -26.6699981689 -27.0566558838 -27.5500488281 -27.8399810791 -28.5333099365 -29.1166381836 -29.5233459473 -29.9166564941 -30.3166809082 -30.6166687012 -31.0199890137 -31.4166717529 -31.9133300781 -32.4233398438 -32.7233123779 -32.9266510010 -33.2300109863 -33.4233703613 -33.8333435059 -34.0266571045 -34.2333526611 -34.4366302490 -34.6400146484 -34.5433197021 -34.6399993896 -34.5399932861 -34.4533233643 -34.2566528320 -33.9600067139 -33.7699890137
9999.0000000000 9999.0000000000 9999.0000000000 -18.2299804688 -19.0533599854 -19.3633117676 -20.2333374023 -20.7966613770 -21.4100036621 -21.7033538818 -22.1133270264 -22.4033508301 -22.7933349609 -23.1766662598 -23.9666748047 -24.4566802979 -24.9466857910 -25.5400390625 -25.9333190918 -26.3099517822 -26.8966674805 -27.0866699219 -27.8833160400 -28.3766479492 -28.8700561523 -29.1800231934 -29.5766448975 -29.8833312988 -30.2766571045 -30.7900085449 -31.2933349609 -31.6900024414 -31.9899902344 -32.1866607666 -32.4867095947 -32.6933593750 -33.0033416748 -33.1933135986 -33.3966674805 -33.5000152588 -33.7899475098 -33.8099975586 -33.8033447266 -33.7000122070 -33.6133117676 -33.3033294678 -33.3166656494 -33.1233367920
9999.0000000000 9999.0000000000 9999.0000000000 9999.0000000000 -17.5233001709 -16.9466857910 -17.6500091553 -18.5066528320 -19.3733215332 -20.1799926758 -20.6766510010 -21.0566711426 -21.8533020020 -22.2299957275 -23.1266632080 -23.7066345215 -24.5066375732 -24.8933715820 -25.2833099365 -25.4666137695 -26.5633239746 -26.9467010498 -27.4500122070 -27.9433288574 -28.4466552734 -28.9499816895 -29.2433471680 -29.6467132568 -30.1566467285 -30.7533416748 -31.1499786377 -31.4433135986 -31.6466674805 -31.8533477783 -32.0566558838 -32.2499847412 -32.4566650391 -32.6533203125 -32.8533020020 -32.9666748047 -32.9666900635 -32.9700012207 -33.0633239746 -33.0666656494 -32.9700317383 -32.7666473389 -32.5832977295 -32.3766174316
9999.0000000000 9999.0000000000 9999.0000000000 9999.0000000000 9999.0000000000 -16.0299682617 -16.3466491699 -17.0299682617 -17.8833465576 -19.0333557129 -19.7199859619 -20.3133087158 -21.0066680908 -21.5933380127 -22.5867004395 -23.1766815186 -23.8600311279 -24.2466888428 -24.7366485596 -25.0200195312 -26.1200408936 -26.4966888428 -26.9066619873 -27.3033142090 -27.7999877930 -28.2999877930 -28.7033691406 -29.2032928467 -29.6066741943 -30.0100250244 -30.4166870117 -30.7166900635 -30.9100036621 -31.1166992188 -31.3066406250 -31.5099792480 -31.6200103760 -31.8199615479 -31.9199981689 -32.0200195312 -32.0266571045 -32.0233612061 -32.1300048828 -32.1133117676 -32.0133209229 -31.8299713135 -31.6333160400 -31.4399566650
9999.0000000000 9999.0000000000 9999.0000000000 9999.0000000000 9999.0000000000 9999.0000000000 -15.0199890137 -15.1266784668 -15.7733459473 -16.6233520508 -18.0933532715 -18.9699859619 -19.7599945068 -20.6599884033 -21.6399993896 -22.2266693115 -23.0199737549 -23.5000305176 -24.1966400146 -24.6833496094 -25.3766632080 -25.7699890137 -26.2533569336 -26.7633361816 -27.0600128174 -27.5666961670 -28.0666351318 -28.3766784668 -28.7666473389 -29.0733337402 -29.3766174316 -29.6733551025 -29.8767089844 -30.1733093262 -30.4700012207 -30.7733459473 -30.9699707031 -31.1866607666 -31.2866668701 -31.2900390625 -31.5833740234 -31.6933288574 -31.5966644287 -31.5966644287 -31.4933166504 -31.2999877930 -31.1000061035 -30.9066619873
9999.0000000000 9999.0000000000 9999.0000000000 9999.0000000000 9999.0000000000 9999.0000000000 9999.0000000000 -13.9833068848 -14.2600097656 -15.0033874512 -15.9500122070 -17.1333923340 -18.4200134277 -19.4067077637 -20.2999877930 -21.0833129883 -21.7799987793 -22.6666870117 -23.2499694824 -23.8366699219 -24.6199951172 -25.0299987793 -25.5233001709 -26.0333251953 -26.4300079346 -26.8233184814 -27.4366760254 -27.7233581543 -28.0366973877 -28.3366851807 -28.6400146484 -28.9466400146 -29.1299743652 -29.4333648682 -29.7399597168 -29.9399871826 -30.1433258057 -30.3433837891 -30.6500244141 -30.7499847412 -30.9633331299 -31.0533294678 -31.0600128174 -31.0600280762 -30.9533386230 -30.7566833496 -30.5633392334 -30.3733062744
9999.0000000000 9999.0000000000 9999.0000000000 9999.0000000000 9999.0000000000 9999.0000000000 9999.0000000000 -14.0433349609 -14.2332763672 -14.4100036621 -13.7500305176 -14.6900329590 -16.3766784668 -17.8666687012 -19.4599609375 -20.1433410645 -20.6266784668 -21.4199981689 -22.1199951172 -22.7966613770 -23.4867095947 -24.0966796875 -24.5933380127 -25.1899719238 -25.4866790771 -25.9900360107 -26.5900268555 -26.9933624268 -27.3066864014 -27.5033569336 -27.9066467285 -28.0999908447 -28.3966827393 -28.5999908447 -28.8933410645 -29.2133178711 -29.4099884033 -29.6133270264 -29.8166503906 -29.9066619873 -30.1166839600 -30.1066894531 -30.2166595459 -30.2066955566 -30.2166442871 -30.1166687012 -29.7266845703 -29.6300048828
9999.0000000000 9999.0000000000 9999.0000000000 9999.0000000000 9999.0000000000 9999.0000000000 9999.0000000000 9999.0000000000 -14.1000061035 -13.4899902344 -14.6433410645 -15.1966857910 -15.4466552734 -17.0266723633 -18.2066955566 -17.3033142090 -19.4866333008 -20.1733551025 -20.7666931152 -21.6533355713 -22.2599945068 -22.8566131592 -23.4533691406 -24.2566375732 -24.7466583252 -25.1566314697 -25.5500183105 -26.0733489990 -26.5666351318 -26.8533477783 -27.0599975586 -27.3566894531 -27.5633544922 -27.7600097656 -28.0700073242 -28.2667083740 -28.5633239746 -28.6766510010 -28.9700012207 -28.9733276367 -29.1700134277 -29.1766204834 -29.2733612061 -29.2900238037 -29.2799530029 -29.1800231934 -28.7733306885 -28.6799621582
9999.0000000000 9999.0000000000 9999.0000000000 9999.0000000000 9999.0000000000 9999.0000000000 9999.0000000000 9999.0000000000 -13.5499572754 -13.6466979980 -14.9433288574 -15.4833374023 -13.7266845703 -14.2733764648 -14.8666687012 -15.9599914551 -16.3433227539 -16.9399719238 -18.2266235352 -19.7300109863 -20.9166870117 -21.7166900635 -22.5200042725 -23.1233367920 -23.7233581543 -24.2166748047 -24.6166992188 -25.0166625977 -25.4133148193 -25.7233428955 -26.1233062744 -26.4333190918 -26.6300048828 -26.9266662598 -27.0299987793 -27.3366699219 -27.5366516113 -27.7333221436 -27.9366607666 -28.0366821289 -27.6366729736 -27.6333312988 -27.9333343506 -27.8233184814 -28.0299835205 -27.9266815186 -28.0333709717 -27.8233337402
9999.0000000000 9999.0000000000 9999.0000000000 9999.0000000000 9999.0000000000 9999.0000000000 9999.0000000000 9999.0000000000 9999.0000000000 -13.5133361816 -15.3032836914 -15.3800048828 -12.9266967773 -14.9699707031 -13.6233520508 -14.2200012207 -14.5033264160 -15.7900085449 -16.1766357422 -18.5833587646 -19.8933410645 -20.6966400146 -21.6866760254 -22.0800476074 -22.5900115967 -23.0867156982 -23.5766906738 -23.9933471680 -24.2899780273 -24.6867065430 -25.0833129883 -25.3933715820 -25.6966552734 -25.8966827393 -26.0933380127 -26.2933349609 -26.5867004395 -26.6899871826 -26.9833679199 -27.0799713135 -26.7699737549 -26.7833251953 -26.9700012207 -26.9800415039 -26.9666748047 -26.9666137695 -27.0666961670 -26.8633728027
9999.0000000000 9999.0000000000 9999.0000000000 9999.0000000000 9999.0000000000 9999.0000000000 9999.0000000000 9999.0000000000 9999.0000000000 9999.0000000000 -12.4666442871 -12.4633483887 -13.5133361816 -13.3633422852 -13.2100219727 -12.9666442871 -12.7600097656 -13.2566528320 -13.8466491699 -16.1532897949 -17.9566345215 -19.2500305176 -20.1466674805 -20.9566802979 -21.6499633789 -22.1467132568 -22.6466522217 -23.0499877930 -23.4499664307 -23.7533111572 -24.1399841309 -24.5500030518 -24.6533508301 -24.9400024414 -25.2466583252 -25.3300018311 -25.5266571045 -25.6199951172 -25.9233093262 -26.0233306885 -26.0233612061 -26.2300262451 -26.4233398438 -26.5233306885 -26.3133544922 -26.2199859619 -26.1133270264 -26.0066833496
9999.0000000000 9999.0000000000 9999.0000000000 9999.0000000000 9999.0000000000 9999.0000000000 9999.0000000000 9999.0000000000 9999.0000000000 9999.0000000000 -11.8166503906 -11.5199890137 -14.2100219727 -13.7666015625 -12.9966735840 -13.2533264160 -13.9100341797 -12.8133850098 -13.1266479492 -14.5200195312 -16.5200195312 -18.1233215332 -19.3066711426 -20.0133514404 -20.7166748047 -21.2200164795 -21.7133483887 -22.1099700928 -22.5099487305 -22.9067077637 -23.2999877930 -23.5866394043 -23.7866821289 -23.9933166504 -24.1866607666 -24.3733520508 -24.5733642578 -24.6733551025 -24.9732971191 -25.0766906738 -24.8733215332 -24.9700012207 -25.4666442871 -25.5599670410 -25.4666748047 -25.3666687012 -25.1666717529 -25.0566558838
9999.0000000000 9999.0000000000 9999.0000000000 9999.0000000000 9999.0000000000 9999.0000000000 9999.0000000000 9999.0000000000 9999.0000000000 9999.0000000000 -11.7766723633 -12.1700134277 -12.9700012207 -13.3433227539 -12.6899719238 -10.7366943359 -12.7933349609 -11.1699829102 -12.1833190918 -12.7833557129 -15.8800048828 -17.4733581543 -18.5866546631 -19.3766937256 -19.9700012207 -20.3666534424 -20.8566894531 -21.2600097656 -21.6566467285 -22.0599975586 -22.3399658203 -22.6333770752 -22.8400268555 -23.0466461182 -23.2366485596 -23.4333496094 -23.5300140381 -23.7200164795 -23.8133087158 -23.9166412354 -23.9199981689 -24.1133117676 -24.2099914551 -24.3099975586 -24.4033355713 -24.3100280762 -24.1033172607 -23.8933258057
9999.0000000000 9999.0000000000 9999.0000000000 9999.0000000000 9999.0000000000 9999.0000000000 9999.0000000000 9999.0000000000 9999.0000000000 9999.0000000000 9999.0000000000 -11.9199829102 -10.2366638184 -10.1266784668 -13.8866882324 -12.6400146484 9999.0000000000 -12.7433471680 -11.9466552734 -12.8433227539 -14.9466552734 -16.6366882324 -17.8300323486 -18.5199737549 -19.1133270264 -19.6066589355 -20.0166931152 -20.4966583252 -20.8000030518 -21.1966400146 -21.4933624268 -21.7932739258 -22.0866394043 -22.2866821289 -22.4833526611 -22.5766906738 -22.7599945068 -22.8633728027 -23.0666809082 -23.1499633789 -23.0600128174 -23.2499847412 -23.4533233643 -23.4533386230 -23.4599609375 -23.3533325195 -23.1566925049 -22.9466552734
