model_inputs/inputs/tas1.asc
ncols 720
nrows 360
xllcorner -180
yllcorner -90
cellsize 0.500000
NODATA_value 9999.000000
[rows 168 to 188 of 360, columns 240 to 287 of 720]
25.0866699219 25.6766662598 25.4366455078 25.6300659180 26.4966735840 26.2766723633 26.1533203125 26.2333374023 26.2000122070 26.1933288574 25.8666687012 25.9500427246 25.9199829102 9999.0000000000 9999.0000000000 9999.0000000000 9999.0000000000 9999.0000000000 9999.0000000000 9999.0000000000 9999.0000000000 9999.0000000000 9999.0000000000 9999.0000000000 9999.0000000000 9999.0000000000 9999.0000000000 9999.0000000000 9999.0000000000 9999.0000000000 9999.0000000000 9999.0000000000 9999.0000000000 9999.0000000000 9999.0000000000 9999.0000000000 9999.0000000000 9999.0000000000 9999.0000000000 9999.0000000000 9999.0000000000 9999.0000000000 9999.0000000000 9999.0000000000 9999.0000000000 9999.0000000000 9999.0000000000 9999.0000000000
23.1900024414 25.1833190918 25.7633666992 25.8266601562 26.4099731445 25.9800109863 25.8633422852 25.8433227539 26.0199584961 25.9933776855 25.6832885742 25.5466613770 25.2232971191 25.5133361816 25.6900024414 9999.0000000000 9999.0000000000 9999.0000000000 9999.0000000000 9999.0000000000 9999.0000000000 9999.0000000000 9999.0000000000 9999.0000000000 9999.0000000000 9999.0000000000 9999.0000000000 9999.0000000000 9999.0000000000 9999.0000000000 9999.0000000000 9999.0000000000 9999.0000000000 9999.0000000000 9999.0000000000 9999.0000000000 9999.0000000000 9999.0000000000 9999.0000000000 9999.0000000000 9999.0000000000 9999.0000000000 9999.0000000000 9999.0000000000 9999.0000000000 9999.0000000000 9999.0000000000 9999.0000000000
24.4033508301 24.8767089844 25.9566955566 25.7367248535 25.7167053223 25.4900207520 25.3699951172 25.4533691406 25.3233337402 25.5000000000 25.2866821289 25.1533203125 25.2333374023 25.1233520508 25.1866455078 25.0766906738 25.6866455078 9999.0000000000 9999.0000000000 9999.0000000000 9999.0000000000 9999.0000000000 9999.0000000000 9999.0000000000 9999.0000000000 9999.0000000000 9999.0000000000 9999.0000000000 9999.0000000000 9999.0000000000 9999.0000000000 9999.0000000000 9999.0000000000 9999.0000000000 9999.0000000000 9999.0000000000 9999.0000000000 9999.0000000000 9999.0000000000 9999.0000000000 9999.0000000000 9999.0000000000 9999.0000000000 9999.0000000000 9999.0000000000 9999.0000000000 9999.0000000000 9999.0000000000
25.4933471680 26.0666503906 25.8399963379 25.9234008789 25.7033081055 25.4766845703 24.8633117676 25.0333557129 25.3099975586 25.5899963379 24.9700012207 25.2499694824 25.4166564941 25.2000122070 24.8967285156 24.6033630371 25.2166748047 25.9166564941 9999.0000000000 9999.0000000000 9999.0000000000 9999.0000000000 9999.0000000000 9999.0000000000 9999.0000000000 9999.0000000000 9999.0000000000 9999.0000000000 9999.0000000000 9999.0000000000 9999.0000000000 9999.0000000000 9999.0000000000 9999.0000000000 9999.0000000000 9999.0000000000 9999.0000000000 9999.0000000000 9999.0000000000 9999.0000000000 9999.0000000000 9999.0000000000 9999.0000000000 9999.0000000000 9999.0000000000 9999.0000000000 9999.0000000000 9999.0000000000
27.1799926758 26.8500366211 26.3300170898 26.1066589355 25.5899963379 24.8566589355 23.6366882324 23.0166931152 24.9967041016 25.2799682617 25.5567016602 25.1300048828 25.2066650391 24.8933105469 24.9100036621 24.7200317383 24.7434082031 25.1433715820 9999.0000000000 9999.0000000000 9999.0000000000 9999.0000000000 9999.0000000000 9999.0000000000 9999.0000000000 9999.0000000000 9999.0000000000 9999.0000000000 9999.0000000000 9999.0000000000 9999.0000000000 9999.0000000000 9999.0000000000 9999.0000000000 9999.0000000000 9999.0000000000 9999.0000000000 9999.0000000000 9999.0000000000 9999.0000000000 9999.0000000000 9999.0000000000 9999.0000000000 9999.0000000000 9999.0000000000 9999.0000000000 9999.0000000000 9999.0000000000
26.4800415039 25.7366638184 26.1333312988 25.8866271973 25.4700012207 25.4533386230 24.4232788086 23.6033020020 25.4800415039 25.0633239746 25.0366821289 25.2133483887 25.2933959961 24.9166870117 24.8333740234 24.8433227539 24.8566894531 25.2733459473 9999.0000000000 9999.0000000000 9999.0000000000 9999.0000000000 9999.0000000000 9999.0000000000 9999.0000000000 9999.0000000000 9999.0000000000 9999.0000000000 9999.0000000000 9999.0000000000 9999.0000000000 9999.0000000000 9999.0000000000 9999.0000000000 9999.0000000000 9999.0000000000 9999.0000000000 9999.0000000000 9999.0000000000 9999.0000000000 9999.0000000000 9999.0000000000 9999.0000000000 9999.0000000000 9999.0000000000 9999.0000000000 9999.0000000000 9999.0000000000
26.6566772461 26.6266479492 26.3099975586 26.0733032227 25.8533020020 25.7433166504 25.6099548340 23.6899719238 24.7700195312 24.8466796875 24.0266418457 25.3199768066 25.5266418457 24.9400024414 25.0566406250 25.0733642578 24.9800415039 25.2933654785 26.1033020020 9999.0000000000 9999.0000000000 9999.0000000000 9999.0000000000 9999.0000000000 9999.0000000000 9999.0000000000 9999.0000000000 9999.0000000000 9999.0000000000 9999.0000000000 9999.0000000000 9999.0000000000 9999.0000000000 9999.0000000000 9999.0000000000 9999.0000000000 9999.0000000000 9999.0000000000 9999.0000000000 9999.0000000000 9999.0000000000 9999.0000000000 9999.0000000000 9999.0000000000 9999.0000000000 9999.0000000000 9999.0000000000 9999.0000000000
26.4466552734 26.4199829102 26.5067138672 26.1766967773 26.0466613770 25.8366699219 25.7099914551 24.7766723633 24.8533325195 25.1300048828 24.6166687012 25.1266784668 25.0399475098 25.0599670410 25.4732971191 24.7966613770 24.9066467285 25.5199890137 25.9266357422 26.4266662598 9999.0000000000 9999.0000000000 9999.0000000000 9999.0000000000 9999.0000000000 9999.0000000000 9999.0000000000 9999.0000000000 9999.0000000000 9999.0000000000 9999.0000000000 9999.0000000000 9999.0000000000 9999.0000000000 9999.0000000000 9999.0000000000 9999.0000000000 9999.0000000000 9999.0000000000 9999.0000000000 9999.0000000000 9999.0000000000 9999.0000000000 9999.0000000000 9999.0000000000 9999.0000000000 9999.0000000000 9999.0000000000
26.2300415039 26.1066894531 26.2866821289 25.6633300781 25.8299865723 25.6133422852 25.4766235352 25.1600341797 25.0399475098 25.1300048828 25.3399963379 25.5533142090 25.5633239746 24.7799682617 25.0899963379 25.4199829102 25.2166442871 25.5233459473 26.1400146484 26.1466674805 9999.0000000000 9999.0000000000 9999.0000000000 9999.0000000000 9999.0000000000 9999.0000000000 9999.0000000000 9999.0000000000 9999.0000000000 9999.0000000000 9999.0000000000 9999.0000000000 9999.0000000000 9999.0000000000 9999.0000000000 9999.0000000000 9999.0000000000 9999.0000000000 9999.0000000000 9999.0000000000 9999.0000000000 9999.0000000000 9999.0000000000 9999.0000000000 9999.0000000000 9999.0000000000 9999.0000000000 9999.0000000000
26.8266601562 25.1066589355 25.6766357422 25.5466613770 25.8233337402 25.8066711426 25.8866577148 25.5499572754 25.5400390625 25.2533264160 25.2600097656 25.3599548340 25.8800354004 25.7999572754 25.8166809082 25.8299560547 25.7500305176 25.8599853516 26.1766357422 26.4833984375 9999.0000000000 9999.0000000000 9999.0000000000 9999.0000000000 9999.0000000000 9999.0000000000 9999.0000000000 9999.0000000000 9999.0000000000 9999.0000000000 9999.0000000000 9999.0000000000 9999.0000000000 9999.0000000000 9999.0000000000 9999.0000000000 9999.0000000000 9999.0000000000 9999.0000000000 9999.0000000000 9999.0000000000 9999.0000000000 9999.0000000000 9999.0000000000 9999.0000000000 9999.0000000000 9999.0000000000 9999.0000000000
26.8066711426 26.3933105469 26.5599975586 26.4400024414 26.1166687012 25.9932556152 26.1632995605 26.0400390625 25.4633789062 25.3767089844 25.2966918945 25.3033142090 25.2000732422 25.6232910156 25.9266357422 26.0333251953 26.2700195312 25.9800109863 26.2933044434 26.5066528320 9999.0000000000 9999.0000000000 9999.0000000000 9999.0000000000 9999.0000000000 9999.0000000000 9999.0000000000 9999.0000000000 9999.0000000000 9999.0000000000 9999.0000000000 9999.0000000000 9999.0000000000 9999.0000000000 9999.0000000000 9999.0000000000 9999.0000000000 9999.0000000000 9999.0000000000 9999.0000000000 9999.0000000000 9999.0000000000 9999.0000000000 9999.0000000000 9999.0000000000 9999.0000000000 9999.0000000000 9999.0000000000
26.7033386230 26.6866760254 26.5533752441 26.6266784668 26.4033508301 26.3799743652 26.3566589355 26.2633056641 25.5967102051 25.4899902344 25.5099487305 25.4165954590 25.5299377441 25.7433776855 26.0600280762 26.0699768066 26.3766479492 26.3999633789 26.6099853516 26.6266784668 26.7299499512 9999.0000000000 9999.0000000000 9999.0000000000 9999.0000000000 9999.0000000000 9999.0000000000 9999.0000000000 9999.0000000000 9999.0000000000 9999.0000000000 9999.0000000000 9999.0000000000 9999.0000000000 9999.0000000000 9999.0000000000 9999.0000000000 9999.0000000000 9999.0000000000 9999.0000000000 9999.0000000000 9999.0000000000 9999.0000000000 9999.0000000000 9999.0000000000 9999.0000000000 9999.0000000000 9999.0000000000
26.4932861328 26.4700012207 26.8333740234 26.7166748047 26.4866333008 26.5633850098 26.5700378418 26.2866821289 26.2066955566 26.1233520508 25.9299621582 25.8399658203 26.0632934570 26.0767211914 26.2833251953 26.0834045410 26.5000305176 26.7199707031 26.7399902344 26.7532958984 26.7700195312 26.7766113281 26.7766418457 26.8933715820 9999.0000000000 9999.0000000000 9999.0000000000 9999.0000000000 9999.0000000000 9999.0000000000 9999.0000000000 9999.0000000000 9999.0000000000 9999.0000000000 9999.0000000000 9999.0000000000 9999.0000000000 9999.0000000000 9999.0000000000 9999.0000000000 9999.0000000000 9999.0000000000 9999.0000000000 9999.0000000000 9999.0000000000 9999.0000000000 9999.0000000000 9999.0000000000
26.5833740234 26.8532714844 26.8299560547 26.9100341797 26.7833251953 26.6933593750 26.7133483887 26.6233825684 26.3399963379 26.3466796875 26.2500000000 26.2733154297 26.2799987793 26.1900024414 26.2166748047 26.3233032227 26.6333312988 26.7433166504 26.7499694824 26.7666015625 26.7766113281 26.8933410645 26.9000244141 26.8999938965 26.7999877930 26.6966552734 26.9899902344 9999.0000000000 9999.0000000000 9999.0000000000 9999.0000000000 9999.0000000000 9999.0000000000 9999.0000000000 9999.0000000000 9999.0000000000 9999.0000000000 9999.0000000000 9999.0000000000 9999.0000000000 9999.0000000000 9999.0000000000 9999.0000000000 9999.0000000000 9999.0000000000 9999.0000000000 9999.0000000000 9999.0000000000
26.6733093262 26.7433776855 26.8199462891 26.8999938965 26.9132690430 26.9099731445 26.9266357422 26.9432983398 26.6567382812 26.5733337402 26.2900085449 26.3999633789 26.4066162109 26.4165649414 26.4299621582 26.8533325195 26.8566589355 26.7733154297 26.7833557129 26.6966552734 26.8166503906 26.9199829102 26.9367370605 26.7434082031 26.7200012207 26.6199951172 26.7099609375 26.7799377441 26.8733520508 27.1699523926 9999.0000000000 9999.0000000000 9999.0000000000 9999.0000000000 9999.0000000000 9999.0000000000 9999.0000000000 9999.0000000000 9999.0000000000 9999.0000000000 9999.0000000000 9999.0000000000 9999.0000000000 9999.0000000000 9999.0000000000 9999.0000000000 9999.0000000000 9999.0000000000
26.7600097656 26.7400512695 26.8166198730 26.9299621582 26.9366455078 27.0533142090 27.0633239746 26.9666442871 26.8833312988 26.7966613770 26.8033447266 26.8133239746 27.0399780273 26.9500122070 27.0566406250 26.9700012207 26.8866577148 26.7899780273 26.7000122070 26.8166503906 26.8300170898 26.9299621582 26.8399963379 26.7266540527 26.6866455078 26.7266235352 26.7299499512 26.8099670410 27.0033874512 27.0000610352 26.9767150879 9999.0000000000 9999.0000000000 9999.0000000000 9999.0000000000 9999.0000000000 9999.0000000000 9999.0000000000 9999.0000000000 9999.0000000000 9999.0000000000 9999.0000000000 9999.0000000000 9999.0000000000 9999.0000000000 9999.0000000000 9999.0000000000 9999.0000000000
26.8533020020 26.8166503906 26.7233276367 27.0400085449 27.0466613770 27.1633605957 27.2833251953 27.0933227539 26.6966857910 26.6133728027 26.9266967773 26.9366760254 26.9567260742 26.8600158691 26.6833190918 26.7866516113 26.8866577148 26.7900390625 26.6033630371 26.7167053223 26.8233947754 26.8232727051 26.7299804688 26.8099670410 26.6800231934 26.6366882324 26.6099548340 26.7133178711 26.9500122070 26.8800048828 26.9000244141 27.3866882324 9999.0000000000 27.6832885742 9999.0000000000 9999.0000000000 9999.0000000000 9999.0000000000 9999.0000000000 9999.0000000000 9999.0000000000 9999.0000000000 9999.0000000000 9999.0000000000 9999.0000000000 9999.0000000000 9999.0000000000 9999.0000000000
27.0366516113 26.9433288574 26.8566589355 26.9667358398 27.0899963379 27.1999816895 27.3966674805 27.1033325195 26.7266540527 26.5266723633 26.4266662598 26.6366577148 26.7399902344 26.6666259766 26.5733642578 26.5766906738 26.8800048828 26.7866821289 26.7966613770 26.8099670410 26.8099670410 26.9166564941 26.8333435059 26.9066772461 26.7733459473 26.6433410645 26.6966552734 26.4732971191 26.8266906738 26.8033142090 26.7366943359 27.0799865723 27.3100280762 27.5433349609 27.7733459473 27.9599914551 28.0533142090 28.1499633789 27.8466796875 28.1366882324 28.2266845703 9999.0000000000 9999.0000000000 9999.0000000000 9999.0000000000 9999.0000000000 9999.0000000000 9999.0000000000
27.0400085449 26.9499816895 26.7633056641 26.8833312988 26.8800048828 26.9800109863 26.9800109863 26.8999938965 26.7066345215 26.6199951172 26.5299682617 26.5366516113 26.5499877930 26.4566650391 26.3666687012 26.4666748047 26.5800170898 26.4900207520 26.5933532715 26.7000122070 26.8100280762 26.8166503906 26.8233032227 26.8033447266 26.4633178711 26.4366149902 26.4933166504 26.3499755859 26.8233337402 26.9899597168 26.9566345215 27.0133056641 27.1333618164 27.3600158691 27.6033325195 27.8366699219 27.8733520508 27.4133300781 28.0499877930 27.9566650391 28.1300048828 28.1366882324 9999.0000000000 9999.0000000000 9999.0000000000 9999.0000000000 9999.0000000000 9999.0000000000
26.8466491699 26.8600158691 26.8599853516 26.7632751465 26.7733154297 26.8733825684 26.8900146484 26.8999938965 26.8099975586 26.6100158691 26.4266967773 26.4400634766 26.4466552734 26.4466247559 26.4566955566 26.3666687012 26.4800109863 26.3900146484 26.5899963379 26.6933288574 26.9200134277 26.9133300781 26.9199523926 26.6933593750 26.3566589355 26.5166625977 25.9766540527 26.5499877930 26.8233337402 27.0766601562 27.0466613770 26.9133300781 26.7799987793 26.9433288574 27.4233398438 27.6633300781 27.6900329590 26.3299865723 26.7600097656 27.7999572754 27.5365905762 27.6700439453 27.7266845703 28.8366699219 9999.0000000000 9999.0000000000 9999.0000000000 9999.0000000000
26.8500061035 26.7532653809 26.7599792480 26.7633361816 26.7699279785 26.6766662598 26.6833190918 26.8000183105 26.6966857910 26.5233154297 26.2200317383 26.2232971191 26.4266662598 26.3366699219 26.2466430664 26.1566772461 26.1566467285 26.0799865723 26.0833129883 26.3966369629 26.8033447266 26.8033142090 26.8099975586 26.6833190918 26.5466613770 26.6066284180 26.5833129883 26.4500427246 26.7066650391 26.8766174316 27.0333557129 26.8999328613 26.9700317383 27.3366699219 27.3000183105 27.3733520508 27.4233703613 26.2466430664 26.0799560547 27.8233642578 27.1466369629 27.2900390625 27.2266540527 28.1866455078 28.7133483887 9999.0000000000 9999.0000000000 9999.0000000000
