model_inputs/inputs/tas10.asc
ncols 720
nrows 360
xllcorner -180
yllcorner -90
cellsize 0.500000
NODATA_value 9999.000000
[rows 210 to 230 of 360, columns 576 to 623 of 720]
9999.0000000000 9999.0000000000 9999.0000000000 9999.0000000000 9999.0000000000 9999.0000000000 9999.0000000000 9999.0000000000 9999.0000000000 9999.0000000000 9999.0000000000 9999.0000000000 9999.0000000000 9999.0000000000 9999.0000000000 9999.0000000000 9999.0000000000 9999.0000000000 9999.0000000000 9999.0000000000 9999.0000000000 9999.0000000000 9999.0000000000 9999.0000000000 9999.0000000000 9999.0000000000 9999.0000000000 9999.0000000000 9999.0000000000 9999.0000000000 9999.0000000000 9999.0000000000 28.9032897949 29.6266479492 29.5633850098 29.0733947754 29.0699768066 29.4666442871 29.8133239746 30.7600097656 31.4899902344 31.0266723633 30.9800415039 30.3699951172 30.0800476074 29.9866638184 29.9133605957 30.1266784668
9999.0000000000 9999.0000000000 9999.0000000000 9999.0000000000 9999.0000000000 9999.0000000000 9999.0000000000 9999.0000000000 9999.0000000000 9999.0000000000 9999.0000000000 9999.0000000000 9999.0000000000 9999.0000000000 9999.0000000000 9999.0000000000 9999.0000000000 9999.0000000000 9999.0000000000 9999.0000000000 9999.0000000000 9999.0000000000 9999.0000000000 9999.0000000000 9999.0000000000 9999.0000000000 9999.0000000000 9999.0000000000 9999.0000000000 9999.0000000000 9999.0000000000 9999.0000000000 28.8799438477 29.3232727051 29.2199707031 28.5133361816 29.2132873535 29.6999816895 30.0833129883 31.0133056641 31.1633605957 31.0000000000 30.6666870117 30.5766906738 30.2933654785 29.8999633789 29.9033508301 29.9199523926
9999.0000000000 9999.0000000000 9999.0000000000 9999.0000000000 9999.0000000000 9999.0000000000 9999.0000000000 9999.0000000000 9999.0000000000 9999.0000000000 9999.0000000000 9999.0000000000 9999.0000000000 9999.0000000000 9999.0000000000 9999.0000000000 9999.0000000000 9999.0000000000 9999.0000000000 9999.0000000000 9999.0000000000 9999.0000000000 9999.0000000000 9999.0000000000 9999.0000000000 9999.0000000000 9999.0000000000 9999.0000000000 9999.0000000000 28.0833740234 28.1267089844 28.8500061035 28.4833374023 29.2700195312 28.0632934570 27.5599975586 28.3666992188 29.0633239746 29.5533447266 30.0833129883 30.6266479492 30.8632812500 30.7632751465 30.7766418457 30.5000305176 30.2099609375 30.2167053223 29.8333435059
9999.0000000000 9999.0000000000 9999.0000000000 9999.0000000000 9999.0000000000 9999.0000000000 9999.0000000000 9999.0000000000 9999.0000000000 9999.0000000000 9999.0000000000 9999.0000000000 9999.0000000000 9999.0000000000 9999.0000000000 9999.0000000000 9999.0000000000 9999.0000000000 9999.0000000000 9999.0000000000 9999.0000000000 9999.0000000000 9999.0000000000 9999.0000000000 9999.0000000000 9999.0000000000 9999.0000000000 9999.0000000000 27.9532775879 28.1766662598 28.1066894531 29.0299682617 29.0200195312 29.1200561523 28.4200134277 28.3233337402 28.6100158691 28.9099731445 29.1000061035 29.6499938965 30.4899902344 30.8666381836 30.4766845703 30.2867736816 30.0966796875 30.1100158691 30.1300048828 29.7366638184
9999.0000000000 9999.0000000000 9999.0000000000 9999.0000000000 9999.0000000000 9999.0000000000 9999.0000000000 9999.0000000000 9999.0000000000 9999.0000000000 9999.0000000000 9999.0000000000 9999.0000000000 9999.0000000000 9999.0000000000 9999.0000000000 9999.0000000000 9999.0000000000 9999.0000000000 9999.0000000000 9999.0000000000 9999.0000000000 9999.0000000000 9999.0000000000 9999.0000000000 9999.0000000000 9999.0000000000 9999.0000000000 27.8266601562 28.0533447266 28.7799987793 29.4700012207 29.1633300781 28.7666625977 28.2633361816 28.9600524902 29.5566101074 29.1633605957 28.4566955566 29.1066894531 29.3500061035 30.1599426270 29.9766845703 29.5966796875 29.3067321777 29.6233215332 29.8333435059 29.5333557129
9999.0000000000 9999.0000000000 9999.0000000000 9999.0000000000 9999.0000000000 9999.0000000000 9999.0000000000 9999.0000000000 9999.0000000000 9999.0000000000 9999.0000000000 9999.0000000000 9999.0000000000 9999.0000000000 9999.0000000000 9999.0000000000 9999.0000000000 9999.0000000000 9999.0000000000 9999.0000000000 9999.0000000000 9999.0000000000 9999.0000000000 9999.0000000000 9999.0000000000 9999.0000000000 9999.0000000000 9999.0000000000 27.8166809082 28.1266479492 28.6133422852 29.1267089844 29.3233337402 29.4233398438 29.2132873535 29.4133605957 29.3133239746 29.3099975586 29.2033081055 29.1699829102 29.7733154297 29.8733520508 29.1866760254 29.0933532715 29.1133117676 29.3233337402 29.5367126465 29.4533081055
9999.0000000000 9999.0000000000 9999.0000000000 9999.0000000000 9999.0000000000 9999.0000000000 9999.0000000000 9999.0000000000 9999.0000000000 9999.0000000000 9999.0000000000 9999.0000000000 9999.0000000000 9999.0000000000 9999.0000000000 9999.0000000000 9999.0000000000 9999.0000000000 9999.0000000000 9999.0000000000 9999.0000000000 9999.0000000000 9999.0000000000 9999.0000000000 9999.0000000000 9999.0000000000 9999.0000000000 27.8633728027 28.3233337402 28.3899841309 28.7666015625 29.0266113281 29.5033569336 29.8666687012 30.1333312988 30.3000183105 29.5700073242 29.1433410645 29.3200073242 29.2533264160 29.2667236328 29.2767028809 29.0900573730 28.8066101074 28.9333190918 29.1267089844 29.1400451660 28.9532775879
9999.0000000000 9999.0000000000 9999.0000000000 9999.0000000000 9999.0000000000 9999.0000000000 9999.0000000000 9999.0000000000 9999.0000000000 9999.0000000000 9999.0000000000 9999.0000000000 9999.0000000000 9999.0000000000 9999.0000000000 9999.0000000000 9999.0000000000 9999.0000000000 9999.0000000000 9999.0000000000 9999.0000000000 9999.0000000000 9999.0000000000 9999.0000000000 9999.0000000000 9999.0000000000 9999.0000000000 28.9067077637 28.6365966797 28.6833190918 28.9033508301 29.1366577148 29.6700744629 29.9933471680 30.1333618164 30.3633422852 29.7833557129 29.7299499512 29.0533447266 29.0833435059 29.1033325195 29.1033630371 28.8133239746 28.5166931152 28.5267028809 28.7333374023 28.8600463867 28.7566223145
9999.0000000000 9999.0000000000 9999.0000000000 9999.0000000000 9999.0000000000 9999.0000000000 9999.0000000000 9999.0000000000 9999.0000000000 9999.0000000000 9999.0000000000 9999.0000000000 9999.0000000000 9999.0000000000 9999.0000000000 9999.0000000000 9999.0000000000 9999.0000000000 9999.0000000000 9999.0000000000 9999.0000000000 9999.0000000000 9999.0000000000 9999.0000000000 9999.0000000000 9999.0000000000 28.6399841309 28.9500122070 28.6633300781 28.7099609375 28.8466491699 29.0700378418 29.3067016602 29.6333312988 29.8732910156 29.8900451660 29.7266540527 29.6466369629 29.0833435059 29.3133239746 29.0566711426 28.5533447266 28.5566711426 28.3533325195 28.5733642578 28.5666809082 28.4733276367 28.3666381836
9999.0000000000 9999.0000000000 9999.0000000000 9999.0000000000 9999.0000000000 9999.0000000000 9999.0000000000 9999.0000000000 9999.0000000000 9999.0000000000 9999.0000000000 9999.0000000000 9999.0000000000 9999.0000000000 9999.0000000000 9999.0000000000 9999.0000000000 9999.0000000000 9999.0000000000 9999.0000000000 9999.0000000000 9999.0000000000 27.3433837891 27.9066467285 28.2066345215 29.1866760254 29.3099975586 29.2166748047 28.8132934570 28.9333496094 28.9799804688 29.1033325195 29.3399353027 29.5699768066 29.6966552734 29.7233581543 29.5666809082 29.3866882324 29.2233581543 29.1433410645 28.9732666016 28.2933349609 28.0999755859 28.0067138672 28.3066101074 28.3133544922 28.3133544922 28.1199951172
9999.0000000000 9999.0000000000 9999.0000000000 9999.0000000000 9999.0000000000 9999.0000000000 9999.0000000000 9999.0000000000 9999.0000000000 9999.0000000000 9999.0000000000 9999.0000000000 9999.0000000000 9999.0000000000 9999.0000000000 26.0233459473 9999.0000000000 26.5166931152 26.7199707031 26.9032897949 26.9599914551 27.5733947754 28.2767028809 28.7532958984 28.7199707031 28.7633361816 28.6799926758 28.6833801270 28.6866760254 28.5767211914 28.6867065430 28.9432983398 29.0733642578 29.1932983398 29.1400451660 29.1699523926 29.0933532715 29.1266479492 29.0600280762 28.7833557129 28.3933410645 28.1365966797 27.8500061035 27.6400146484 27.6499938965 27.5533142090 27.6532897949 27.7700500488
9999.0000000000 9999.0000000000 9999.0000000000 9999.0000000000 9999.0000000000 9999.0000000000 9999.0000000000 9999.0000000000 9999.0000000000 9999.0000000000 9999.0000000000 9999.0000000000 9999.0000000000 9999.0000000000 25.5766906738 25.9199829102 26.2633361816 26.7966613770 27.2166748047 27.4966735840 27.5833435059 27.8800354004 28.5866699219 28.6733398438 28.7266845703 28.7266540527 28.7299804688 28.7333679199 28.7399902344 28.6433715820 28.6499938965 28.9466552734 29.0166625977 29.0433349609 28.9766540527 29.0000610352 28.7300109863 28.5533142090 28.1866455078 27.9133605957 28.1233215332 27.9700317383 27.5900268555 27.3866882324 27.1933593750 27.0966796875 27.2033081055 27.4032897949
9999.0000000000 9999.0000000000 9999.0000000000 9999.0000000000 9999.0000000000 9999.0000000000 9999.0000000000 9999.0000000000 9999.0000000000 9999.0000000000 9999.0000000000 9999.0000000000 9999.0000000000 9999.0000000000 9999.0000000000 26.0300292969 25.9500122070 26.2233276367 26.6800231934 27.2999877930 27.7799377441 28.1900329590 28.5000000000 28.6800231934 28.6765747070 28.9766845703 28.5966491699 28.3900146484 28.3933715820 28.4966430664 28.4100036621 28.5233154297 28.7266845703 28.7666625977 28.6133728027 28.6366577148 28.5700073242 28.1866760254 28.0299987793 27.8533630371 27.5599975586 27.6866760254 27.3166809082 27.1266174316 27.0366821289 26.9467163086 26.6466369629 26.6466369629
9999.0000000000 9999.0000000000 9999.0000000000 9999.0000000000 9999.0000000000 9999.0000000000 9999.0000000000 9999.0000000000 9999.0000000000 9999.0000000000 9999.0000000000 9999.0000000000 24.5133666992 25.0299987793 25.3699951172 25.6400146484 25.5000610352 25.3533020020 26.1100158691 26.8733215332 28.0799560547 28.4000549316 28.8699951172 28.9032897949 28.6799926758 28.9533691406 28.5466613770 28.3532409668 28.3566589355 28.5666198730 28.3699951172 28.3800048828 28.2699890137 28.2833557129 28.3299865723 28.3666687012 28.3000183105 27.9333190918 27.7733459473 27.4866638184 27.1799621582 27.4132995605 27.0433349609 26.8766784668 26.5800476074 26.3866577148 26.2900085449 26.0866699219
9999.0000000000 9999.0000000000 9999.0000000000 9999.0000000000 9999.0000000000 9999.0000000000 9999.0000000000 9999.0000000000 9999.0000000000 9999.0000000000 9999.0000000000 23.6399536133 24.0633239746 24.7833557129 25.1499633789 25.2033386230 25.0833129883 24.8500061035 25.6266784668 26.2033081055 27.9833984375 28.3633728027 28.4966735840 28.5400390625 28.3033447266 28.1833801270 28.0599670410 27.9333190918 28.1133422852 28.3200378418 28.2300720215 28.2433776855 27.9500122070 27.9466247559 28.0466613770 28.0032958984 27.7399902344 27.4700012207 27.4966125488 27.1199645996 27.1033325195 27.2366638184 26.9800109863 26.5066528320 25.9300231934 25.7333984375 25.6266784668 25.6466979980
9999.0000000000 9999.0000000000 9999.0000000000 9999.0000000000 9999.0000000000 9999.0000000000 9999.0000000000 9999.0000000000 9999.0000000000 9999.0000000000 9999.0000000000 23.3933410645 23.8132934570 24.3500061035 24.8200073242 24.5833435059 25.2533569336 24.8299865723 25.6166992188 26.0766601562 27.0533142090 27.5866699219 28.1299743652 27.9633178711 27.9433288574 28.0066833496 27.7899780273 27.5533447266 27.7400512695 27.7133483887 27.8766784668 27.7999877930 27.6033020020 27.6033325195 27.5100097656 27.5133056641 27.1732788086 26.9999694824 26.8299865723 26.5633239746 26.7399597168 26.7632446289 26.4899902344 26.2300109863 25.6666259766 25.2766418457 25.2866821289 25.0933532715
9999.0000000000 9999.0000000000 9999.0000000000 9999.0000000000 9999.0000000000 9999.0000000000 9999.0000000000 9999.0000000000 9999.0000000000 9999.0000000000 9999.0000000000 23.1533508301 23.4699707031 23.7266540527 24.1000671387 24.3633422852 25.1466979980 25.4233093262 25.6832885742 26.0500183105 26.9200134277 26.9133300781 27.4533386230 27.2999572754 27.3533630371 27.6366577148 27.3033447266 27.1833190918 27.1566162109 27.2399902344 27.2133483887 26.9832763672 26.9500427246 26.9532775879 27.0566406250 26.8700256348 26.8733520508 26.8299865723 26.6733398438 26.4033813477 25.9532775879 25.7833251953 25.4266662598 25.4633178711 25.0000305176 24.8233032227 24.5266723633 24.2399902344
9999.0000000000 9999.0000000000 9999.0000000000 9999.0000000000 9999.0000000000 9999.0000000000 9999.0000000000 9999.0000000000 9999.0000000000 9999.0000000000 9999.0000000000 22.8033752441 23.0299987793 23.1966552734 23.6700134277 24.0466613770 24.6133422852 24.7766723633 25.0566406250 25.3300170898 26.3866271973 26.4767150879 26.4799499512 26.6266784668 26.8833618164 27.1600036621 26.9366760254 26.9100036621 26.8899536133 26.9633789062 26.7333374023 26.7200012207 26.5800476074 26.5699768066 26.6367187500 26.5333251953 26.5399780273 26.4466247559 26.4033203125 26.0300292969 25.6799926758 25.2166748047 25.1566467285 24.6899719238 24.3199768066 24.2633666992 23.9667053223 23.4833679199
9999.0000000000 9999.0000000000 9999.0000000000 9999.0000000000 9999.0000000000 9999.0000000000 9999.0000000000 9999.0000000000 9999.0000000000 9999.0000000000 21.9533386230 22.2600097656 22.8033447266 23.2766723633 23.3466796875 24.0166931152 24.0866394043 23.6433105469 24.3133850098 24.3899536133 25.3600158691 25.7433471680 25.6133117676 25.4599914551 26.0099792480 26.2733154297 26.2633056641 26.2333068848 26.2100219727 26.0933227539 26.0566711426 26.0366516113 25.9200134277 25.9866638184 26.0666503906 25.9433288574 25.9233398438 25.7066345215 25.6033020020 25.4666748047 25.2100219727 24.9400024414 24.8800048828 24.7199707031 24.4533691406 23.8866271973 23.5166320801 22.8233337402
9999.0000000000 9999.0000000000 9999.0000000000 9999.0000000000 9999.0000000000 9999.0000000000 9999.0000000000 9999.0000000000 9999.0000000000 9999.0000000000 21.6033325195 21.7133789062 22.3833312988 23.0633544922 23.3200683594 23.6900329590 23.8633117676 22.8266601562 23.2867126465 23.4466247559 24.6133422852 24.9066467285 24.7933349609 24.7900085449 25.2466735840 25.7066345215 25.7899780273 25.7600402832 25.7399902344 25.7133178711 25.6800231934 25.4700317383 25.4366455078 25.4166259766 25.3900146484 25.3666687012 25.3433227539 25.2132568359 25.1866149902 25.0700073242 24.8366394043 24.5733032227 24.3066406250 23.9300231934 24.0833740234 24.0133361816 23.6400146484 23.2633361816
9999.0000000000 9999.0000000000 9999.0000000000 9999.0000000000 9999.0000000000 9999.0000000000 9999.0000000000 9999.0000000000 9999.0000000000 9999.0000000000 21.0833740234 21.4932861328 21.9499816895 22.6266479492 23.1833496094 23.3533020020 23.2299804688 23.3767089844 23.4400329590 23.3299865723 23.8900146484 24.0700073242 24.4533691406 24.4166259766 24.4633483887 24.3533630371 24.7133483887 24.7999877930 24.9632873535 25.1466674805 25.1266479492 24.8966674805 25.0700683594 24.9500122070 24.6133422852 24.8800354004 24.7667236328 24.4366455078 24.4065856934 24.5667114258 24.2400207520 23.3799743652 23.1033325195 23.0466613770 23.0832824707 23.1266174316 23.3500061035 22.9833374023
