model_inputs/inputs/tas10.asc
ncols 720
nrows 360
xllcorner -180
yllcorner -90
cellsize 0.500000
NODATA_value 9999.000000
[rows 189 to 209 of 360, columns 240 to 287 of 720]
28.2866821289 28.2066650391 28.2000122070 28.2033386230 28.1932983398 28.1933288574 28.1966552734 28.2933044434 27.9933166504 27.7867126465 27.6933593750 27.6966247559 27.4933471680 27.2866516113 27.2999877930 27.3000793457 27.1999816895 26.8966674805 26.7000122070 27.2099914551 27.7066650391 27.6966857910 27.5966796875 27.2666931152 27.0199279785 27.1800231934 27.3433532715 27.0000305176 27.6566772461 28.1300048828 28.4767150879 28.4433593750 28.9033203125 29.2700195312 29.2233276367 28.9866943359 28.4566650391 27.7200317383 27.6800231934 27.5499572754 27.1833496094 27.4100341797 27.9066772461 28.2666931152 28.5299682617 28.2466735840 9999.0000000000 9999.0000000000
28.0733337402 28.2200012207 28.0033264160 28.1066894531 27.9967041016 28.0100402832 28.0000000000 27.9900207520 27.8900146484 27.5899963379 27.5933227539 27.3999938965 27.0932922363 26.8000183105 27.0000305176 26.6033630371 26.6000671387 26.4932861328 26.4966430664 27.1099853516 27.4966735840 27.7033691406 27.7999877930 27.8599548340 27.4199523926 26.9799804688 26.7366333008 26.8933105469 27.5633239746 28.0133361816 28.3699340820 28.4367065430 28.9033203125 29.1499938965 29.4133300781 29.1700134277 28.9333496094 27.6966552734 27.6633605957 27.5166931152 27.4633789062 28.3333740234 28.3766479492 28.6432495117 28.7000122070 28.3633728027 27.6567077637 26.9433593750
28.0633239746 28.1033020020 27.9133300781 27.8099975586 27.8099670410 27.8132934570 27.8000183105 27.7100524902 27.7966918945 27.5000000000 27.4966430664 27.2966918945 26.7933959961 26.5800170898 26.7833862305 26.2933044434 26.1999816895 26.2933044434 26.5966796875 27.0966491699 27.3966674805 27.4967041016 27.3866882324 27.7633361816 27.3233337402 27.2800292969 26.5333557129 26.7866516113 27.1466674805 27.9000244141 28.1733398438 28.5200500488 29.1933288574 29.1466979980 29.1999816895 29.3533325195 28.7333679199 27.3833312988 27.4432983398 27.3266906738 27.4933166504 28.0599670410 28.6199951172 28.2199707031 28.7766418457 28.4366760254 27.9633178711 26.8499755859
27.8566284180 27.8900146484 27.7132873535 27.5200500488 27.7099914551 27.5199890137 27.5133361816 27.5132751465 27.5133972168 27.3066406250 27.2066955566 27.2000122070 26.5933532715 26.3867187500 26.4866333008 26.3899841309 25.7932739258 25.8833007812 26.4933776855 26.5966796875 26.8900146484 26.9933471680 27.1833190918 27.4599304199 27.1200256348 27.3766784668 26.4233093262 26.4866943359 26.7499694824 27.3066711426 28.0533447266 28.4266357422 28.5766906738 29.1433105469 29.3966979980 28.9733886719 28.6366882324 27.9099731445 27.0799865723 27.3633728027 27.3266601562 27.9032897949 27.6399536133 27.3966674805 27.6633605957 28.3099975586 27.3833618164 26.2799987793
27.7432861328 27.6833190918 27.6266479492 27.3166198730 27.4166259766 27.1166687012 27.1200866699 27.0199890137 27.3166809082 27.3132934570 27.1133728027 26.9100341797 26.7066650391 26.2999572754 26.1966857910 26.2933044434 26.0900268555 26.1866760254 26.3899536133 26.4900512695 26.5899963379 26.9933471680 27.2833251953 27.0399780273 27.1200256348 27.1734008789 26.2233276367 26.3799743652 26.9433593750 27.4932861328 27.8633117676 28.4299621582 28.8932800293 29.2700195312 29.6232910156 29.4033203125 28.5733337402 28.3466796875 27.4233398438 27.2000122070 27.6600646973 27.6333312988 27.6533508301 27.6099548340 27.5833435059 27.7433776855 27.0566406250 25.5199584961
27.4400024414 27.4767150879 27.7232971191 27.5333557129 27.2233581543 26.4100036621 26.5199890137 26.7133483887 26.8232727051 26.9399719238 26.8233032227 26.6166076660 26.7166748047 26.4100036621 26.3032531738 26.2999877930 26.2966308594 26.2899780273 26.2900085449 26.3966064453 26.5966796875 27.1899414062 26.9700317383 26.9432983398 27.5100097656 27.3566589355 27.0200805664 27.1766662598 27.7333374023 28.2099914551 28.4866027832 28.6532897949 29.1300048828 29.3999938965 29.5633850098 29.6366882324 29.4133300781 28.9699707031 27.7433471680 26.8132934570 26.6933593750 27.0666503906 26.7799682617 26.8399963379 26.9933471680 26.1566467285 25.6366271973 25.3999328613
27.4299926758 27.2732849121 27.6299438477 27.3333435059 27.3433227539 26.6267089844 26.0166625977 26.5333557129 26.7233581543 26.8199768066 26.8233032227 26.7232971191 26.6266784668 26.6199645996 26.6233215332 26.4099731445 26.3166198730 26.2866516113 26.3900146484 26.4000244141 26.7866516113 27.2966613770 27.0633239746 27.1300048828 27.6000366211 27.4700317383 27.3433532715 27.4133300781 27.6800231934 28.1433410645 28.3300170898 27.9099731445 28.6700439453 28.9333190918 29.4032897949 29.4766845703 29.3433227539 29.4100341797 27.8699951172 27.6400146484 27.3199768066 26.8933410645 26.9132995605 26.0599975586 25.6100158691 25.2900085449 25.1533203125 25.0266723633
27.5166320801 27.4500122070 27.5066528320 27.4299926758 27.5366821289 26.9400024414 26.3266906738 26.0333557129 26.2300109863 26.5333251953 26.7300720215 26.5266418457 26.8300170898 26.8299865723 26.8299560547 26.5233154297 26.6133422852 26.6233215332 26.1133422852 26.5066528320 26.8999938965 27.4866638184 27.0766296387 27.6566467285 27.3299865723 27.2999877930 26.9900207520 27.0533447266 27.6333312988 27.4066467285 28.0600280762 28.2267150879 28.5032958984 28.7666625977 29.0299987793 29.4100341797 28.9767150879 28.7465820312 28.2099914551 28.1900024414 28.0599975586 27.7333374023 27.1266784668 26.5766906738 25.8267211914 25.2099609375 23.9666748047 24.2400207520
27.5166625977 27.6533813477 27.5866699219 27.6366882324 27.6433105469 27.4433593750 27.0367126465 26.5433044434 26.3332824707 26.3266906738 26.4233093262 26.5333251953 26.7333374023 26.8266601562 26.8265991211 26.9333496094 26.2232971191 26.4233703613 26.3199768066 27.0133666992 27.2999877930 27.6233520508 27.0200195312 27.8000488281 27.4633789062 27.2499389648 26.7232971191 27.0966796875 27.6666259766 27.3233642578 27.9999694824 28.3733215332 28.1366271973 27.7999877930 28.0766601562 29.1400146484 28.5100402832 28.1799926758 28.2533569336 28.2133789062 28.0766601562 27.8633117676 27.6633300781 26.9033203125 26.0533447266 24.9166564941 23.7866516113 23.5533447266
27.1966247559 27.4366149902 27.5799865723 27.5366516113 27.3500061035 27.7433471680 27.5300292969 27.2366638184 26.8300476074 26.5299072266 26.4299926758 26.7299804688 26.9333801270 26.7266540527 26.5300292969 27.0266723633 26.7300415039 26.3199768066 26.8266906738 27.5233154297 27.7366638184 27.7634277344 27.5733032227 28.0400085449 27.8200073242 27.4833374023 26.6566772461 27.4167175293 27.3933105469 27.2632751465 27.4300231934 28.0033264160 27.4700622559 27.0433349609 27.8033752441 28.1733398438 28.1433410645 28.1099853516 28.0900268555 27.8533325195 27.3233337402 26.9833374023 26.6800231934 26.8267211914 26.3733825684 25.9299926758 25.0133361816 24.5666503906
27.2766418457 27.3200073242 27.3566894531 27.7100524902 27.3266601562 27.4333496094 27.4399719238 27.6300659180 27.5366516113 26.9299621582 26.6265869141 26.7366943359 26.9299621582 27.0233154297 27.2433776855 27.3300476074 27.1300354004 26.7333679199 27.2333068848 27.8466796875 27.9733581543 27.7932739258 27.7266540527 28.1033325195 27.8666687012 27.7232971191 26.8966674805 27.3466491699 27.3100280762 27.1799621582 27.5566406250 27.0299987793 26.8966674805 27.0733032227 27.3399963379 27.8200073242 27.7867126465 27.0599975586 26.7132873535 26.7866516113 26.2533264160 25.9266662598 26.0133056641 26.2500305176 26.5966491699 26.4433288574 25.9133300781 25.5866394043
27.2433471680 27.3933105469 27.3399658203 27.6966552734 27.5366516113 27.3266601562 27.2300109863 27.3300170898 27.7332763672 27.6333618164 27.2266540527 26.7300109863 26.8166809082 27.4200134277 27.3199768066 27.3366699219 27.0233154297 26.9233703613 27.6466979980 27.8733520508 27.8000488281 27.8399658203 27.9800720215 27.8500061035 27.8099670410 27.7732849121 27.3366699219 26.4867248535 26.2566528320 26.6066589355 27.1732788086 26.7366333008 26.2199096680 26.1000061035 26.5533447266 26.9400024414 26.6066589355 24.7833251953 25.2433166504 24.7333374023 25.1933288574 24.6633300781 24.9400024414 25.5832824707 25.6233520508 25.7600402832 26.0333251953 25.9665832520
27.3366699219 27.3833312988 27.5366821289 27.7666320801 27.9200134277 27.7232971191 27.2266540527 27.5232849121 27.9299621582 27.3299865723 27.1266784668 26.9199829102 27.3166503906 27.6200256348 27.4233398438 27.3200073242 27.5333557129 27.5333251953 27.8700256348 27.9966430664 28.0366516113 27.8699645996 28.1166381836 28.0000000000 27.7599182129 27.6232910156 27.0733642578 26.5400085449 26.2966003418 26.6666564941 26.8233032227 26.1833496094 25.7433471680 25.3099670410 25.6833496094 26.1532592773 25.6133422852 24.3966369629 24.5633239746 24.6433410645 25.3233032227 24.7866210938 24.9600524902 25.1099548340 25.2433471680 25.7833557129 25.5333557129 9999.0000000000
27.1199645996 27.0600280762 27.7033386230 27.7433166504 27.7966308594 28.0333251953 27.3199768066 27.5200195312 27.9199218750 27.5166625977 27.4199829102 27.7200012207 27.9133300781 27.8300170898 27.7166748047 27.3200073242 27.6366577148 27.8733825684 28.0966491699 28.1199645996 28.2533569336 27.9933166504 28.2399902344 28.1066284180 27.2765808105 27.0433654785 26.6166992188 26.1899719238 26.2633361816 26.4133300781 27.0833129883 26.9400329590 26.0000305176 25.1700439453 24.6167297363 24.8900146484 24.2633056641 23.7366638184 24.1966857910 24.7832946777 25.0466918945 25.1199951172 25.0966491699 25.4233398438 25.3699645996 25.8099975586 9999.0000000000 9999.0000000000
27.0966796875 26.9400024414 27.6800231934 27.8299865723 27.8733520508 28.2133178711 27.6233520508 27.5200500488 27.9199829102 27.5100402832 27.5133361816 27.8167114258 28.0133361816 27.7133483887 27.8166503906 27.6300354004 27.4599914551 27.7833557129 28.2400207520 28.2500000000 28.1900329590 27.9100036621 28.1567077637 28.1199340820 27.6900024414 27.4599914551 27.1399536133 26.1999816895 26.1766662598 26.5433349609 27.0033264160 26.7799682617 25.6533203125 25.6232910156 24.1833801270 23.8433227539 23.6999816895 22.6665954590 24.0366821289 24.4199829102 24.7766418457 25.1533203125 24.9300231934 25.2533874512 25.4899902344 9999.0000000000 9999.0000000000 9999.0000000000
26.9700012207 27.4233398438 27.7766723633 27.7166748047 27.9566955566 28.1033020020 28.1199645996 27.9100341797 28.0100708008 27.2066650391 27.5133361816 27.8133544922 28.0133056641 27.9166870117 27.7266540527 27.8599853516 27.6933593750 27.8300170898 28.2567138672 28.2766723633 28.1032714844 27.6333923340 28.0700378418 28.1266784668 27.6033020020 27.3866882324 27.4466247559 26.1166687012 26.1867370605 26.3533630371 26.2266540527 25.4033203125 25.6700134277 25.8399963379 25.1066894531 22.9866638184 22.8666687012 23.8233642578 24.3900146484 25.0433654785 25.2166442871 25.0899963379 24.8599853516 25.1766357422 25.3900146484 9999.0000000000 9999.0000000000 9999.0000000000
26.9566650391 27.4933776855 27.6399841309 27.5833740234 27.7366027832 27.8800048828 28.0133666992 27.8066406250 28.0033569336 27.3166809082 27.6167297363 27.8033447266 27.9033203125 28.0200195312 27.8600158691 27.8933105469 27.8166809082 28.0566711426 28.3732910156 28.2099914551 27.4266662598 27.6632995605 27.5899963379 27.9533081055 28.1133422852 27.4899902344 27.2666931152 26.2333679199 26.2099914551 26.1833801270 25.8400268555 25.5133361816 26.5000000000 26.1599731445 25.3333435059 23.7066955566 22.1733398438 23.9499816895 24.6133422852 24.8799743652 24.8533630371 24.9200134277 25.2899475098 25.3867187500 24.9933166504 9999.0000000000 9999.0000000000 9999.0000000000
26.3499755859 26.7899780273 27.1333312988 27.1733398438 27.3066711426 27.5633239746 27.8099975586 27.5067138672 27.6100158691 27.1033325195 27.3033142090 27.6133728027 27.6166381836 27.8566589355 27.9833068848 27.7133178711 27.4432983398 28.2633056641 28.3066711426 27.9266967773 27.2666931152 26.8866271973 27.1966857910 27.5633239746 27.1333007812 27.4099731445 27.2767028809 26.1499633789 26.1166381836 26.0933227539 26.1700134277 26.3300170898 26.9033203125 26.6799621582 24.6500244141 24.4233093262 22.8799743652 22.3666992188 24.2399902344 22.7933349609 23.2733154297 24.6400146484 25.0933532715 24.9867248535 9999.0000000000 9999.0000000000 9999.0000000000 9999.0000000000
26.1300048828 26.2833251953 26.7133178711 26.7433471680 26.7966918945 27.1433410645 27.3933715820 27.1999816895 26.9066772461 26.9099731445 27.0133056641 27.0166320801 27.2666625977 27.6833801270 27.7133789062 27.4499816895 27.7600097656 28.3899841309 28.3233337402 28.0466308594 27.5666503906 26.6133422852 26.7200317383 27.3766784668 25.9433593750 25.8233337402 27.2866821289 26.0599060059 25.9300231934 26.0133666992 26.1866455078 26.4533691406 26.9066467285 26.4933166504 24.4599914551 23.8299865723 24.5066833496 23.2733154297 24.6399536133 23.7966613770 23.8566589355 24.6166992188 25.0833129883 9999.0000000000 9999.0000000000 9999.0000000000 9999.0000000000 9999.0000000000
26.7066955566 26.0633850098 25.8966369629 26.1466369629 26.3833312988 26.7166442871 27.0833129883 27.0099792480 26.8200378418 26.5066833496 26.7233276367 26.4466552734 26.5833435059 26.8033142090 26.8366699219 27.3633422852 27.9900207520 28.2200317383 28.3499755859 27.9766540527 27.4999694824 26.3300476074 27.0399475098 26.7900085449 25.5632934570 25.8366394043 27.2066650391 26.1766967773 25.7567138672 25.8166503906 26.3933715820 26.7700500488 26.9366455078 26.3966674805 25.1666564941 24.5333862305 24.8066711426 24.5566711426 24.0299987793 23.1733398438 24.1499938965 24.5133361816 24.8766784668 9999.0000000000 9999.0000000000 9999.0000000000 9999.0000000000 9999.0000000000
26.7666625977 26.1233215332 25.9766235352 26.5200195312 26.9666442871 26.8200988770 26.9666442871 26.7000122070 26.6099853516 26.1400146484 25.7566833496 26.0733032227 26.4033508301 26.5333557129 27.0733642578 27.7832946777 28.2232971191 28.3399658203 28.2733154297 27.6932983398 26.9266662598 26.8600158691 26.4533386230 25.0167236328 24.4833984375 26.1567077637 26.0266418457 25.6800537109 25.4766845703 25.7466735840 26.2066955566 26.5799865723 26.6400146484 26.3900146484 25.6599731445 24.7232971191 24.0866699219 23.6399536133 22.2099914551 22.6733398438 23.9333801270 24.3899841309 9999.0000000000 9999.0000000000 9999.0000000000 9999.0000000000 9999.0000000000 9999.0000000000
