model_inputs/inputs/tas10.asc
ncols 720
nrows 360
xllcorner -180
yllcorner -90
cellsize 0.500000
NODATA_value 9999.000000
[rows 63 to 83 of 360, columns 576 to 623 of 720]
-3.9233093262 -3.4566650391 -3.3666381836 -3.3833007812 -3.6033630371 -3.8399963379 -3.9766540527 -4.9266662598 -5.3566284180 -5.3866577148 -5.6632995605 -6.1366577148 -6.4466857910 -6.7300109863 -6.7266845703 -6.2166442871 -7.3100280762 -7.0933227539 -8.3866271973 -6.7033081055 -5.4266662598 -6.0267028809 -7.6333923340 -6.0566406250 -5.5700378418 -5.9899902344 -6.1066284180 -5.8233032227 -5.3533325195 -5.5666503906 -6.6832885742 -6.2099914551 -6.0499877930 -6.6866760254 -7.3900146484 -8.4966430664 -7.1500244141 -7.1033325195 -7.0500183105 -7.4033203125 -7.3566284180 -7.7099914551 -8.6766357422 -7.9599914551 -9.1766967773 -9.5799865723 -6.7699890137 -7.8900146484
-2.9467163086 -3.4733581543 -3.5933532715 -4.2033386230 -4.8299560547 -5.2366638184 -5.2866821289 -5.6333312988 -5.4633178711 -5.3033752441 -6.0866699219 -5.3467102051 -5.0133361816 -5.9033203125 -5.7933654785 -6.3699951172 -6.7533569336 -7.5366516113 -8.6300048828 -7.2500000000 -7.3633117676 -7.2933349609 -8.0000000000 -7.4200134277 -7.2333068848 -7.1466674805 -8.1700439453 -6.3933105469 -7.6266784668 -7.6533508301 -6.6700134277 -6.0999755859 -7.0266723633 -7.6366577148 -8.7366638184 -8.7500000000 -6.7366638184 -7.8966674805 -8.3499450684 -8.7066955566 -8.4632568359 -9.0199890137 -9.0699768066 -7.5666503906 -8.5633544922 -7.4833068848 -7.3800048828 -8.2966308594
-3.0399780273 -3.7833557129 -4.8066406250 -6.1266784668 -5.4466552734 -5.9499511719 -5.8933410645 -5.3300476074 -5.1600036621 -5.6100158691 -6.5000000000 -5.9533081055 -6.4099731445 -7.4032897949 -6.5733032227 -6.6466674805 -6.9199829102 -6.8000183105 -8.9932861328 -10.4866333008 -9.5133361816 -7.9433288574 -7.7766113281 -8.2966918945 -7.9100646973 -7.3366394043 -7.1666870117 -6.8833312988 -7.5066223145 -7.6366577148 -7.1600036621 -6.5866699219 -6.4833374023 -6.0766296387 -7.1733093262 -7.3733215332 -7.6900024414 -7.7866516113 -8.8432922363 -9.3999938965 -7.7599792480 -8.1066894531 -7.9566650391 -7.3733215332 -7.5700073242 -7.0800170898 -6.6833496094 -7.5933532715
-2.7432861328 -4.5766601562 -5.4133300781 -5.9533081055 -5.8666687012 -6.4866333008 -6.8999938965 -6.5366516113 -5.9766540527 -7.1133422852 -8.1900024414 -9.2666931152 -8.2066650391 -7.6833190918 -6.8633422852 -6.4333190918 -6.6066284180 -8.7866821289 -10.3599548340 -9.4699707031 -6.7899780273 -8.1266784668 -10.0733337402 -9.9800109863 -9.0100097656 -7.4266662598 -6.0599670410 -6.8733215332 -6.5032958984 -6.9432983398 -8.2433166504 -8.8433227539 -7.7299804688 -5.6166381836 -7.1099853516 -7.9199829102 -6.8299865723 -8.3466796875 -7.7233276367 -9.0766296387 -7.9566345215 -8.1000061035 -8.8700256348 -7.8566284180 -7.5733032227 -7.1799926758 -7.8066406250 -8.1233520508
-3.4666442871 -4.9700012207 -6.0066223145 -7.3466186523 -6.8699951172 -7.5066528320 -6.8166809082 -5.5433654785 -4.7799987793 -6.3166503906 -7.5033264160 -8.3166809082 -6.5000305176 -5.9666442871 -5.5433044434 -4.7133178711 -5.7833862305 -7.6700439453 -9.1733703613 -9.4766845703 -8.7033081055 -9.3300170898 -8.7699584961 -8.2966613770 -8.0166625977 -7.9366760254 -6.7633361816 -6.1999816895 -6.4200439453 -7.2399902344 -7.9266967773 -8.3200073242 -8.2000122070 -6.9833068848 -6.8833618164 -6.8766784668 -6.9633483887 -7.3699951172 -7.5800170898 -7.8733215332 -6.5233154297 -7.3900146484 -8.9600219727 -7.1700439453 -8.4699707031 -6.8933410645 -6.7200012207 -7.3499755859
-3.1766357422 -6.6533203125 -4.9000244141 -3.1200256348 -7.0733032227 -8.5100402832 -6.2466735840 -8.4633178711 -8.3699951172 -8.5066528320 -7.7233276367 -8.5233459473 -9.4933776855 -8.3699951172 -7.2332763672 -4.9933166504 -5.8800048828 -6.8566894531 -6.6599731445 -7.4932861328 -7.9100341797 -8.3333435059 -7.2833557129 -6.0000305176 -5.6366271973 -6.2500305176 -5.5866699219 -5.8066711426 -5.9199829102 -5.6066589355 -6.0067138672 -6.6933593750 -7.4666748047 -6.9633483887 -6.3599853516 -6.5467224121 -7.6333618164 -6.8233642578 -6.0200195312 -6.8366699219 -7.1133422852 -6.2666931152 -7.9599914551 -8.1700134277 -8.8866271973 -9.2233276367 -8.8399963379 -8.5633850098
-3.3766784668 -6.3633422852 -1.1800231934 -2.2233581543 -7.2633666992 -9.1999816895 -6.7266235352 -9.8766479492 -8.1966552734 -8.2133483887 -6.6233215332 -6.5066833496 -7.7833251953 -7.4533081055 -6.8200378418 -4.7066955566 -4.6799621582 -5.0632934570 -5.1833190918 -5.9100036621 -6.4333496094 -6.3466796875 -6.4966735840 -6.0166015625 -4.8400268555 -5.5766906738 -5.3966674805 -5.6000366211 -5.4833068848 -5.9800109863 -5.7733154297 -6.1566467285 -5.9433288574 -5.3299865723 -5.3233337402 -5.5200195312 -5.3066406250 -4.4966430664 -3.5866699219 -3.9700317383 -4.3699951172 -4.9499816895 -4.5366821289 -5.9699707031 -5.1966552734 -6.4266357422 -7.8632812500 -7.7833557129
-3.5967102051 -3.4833374023 -0.1800231934 -3.7166748047 -7.0500183105 -4.5800170898 -5.6333312988 -8.4667053223 -6.6000061035 -6.7299804688 -6.2266845703 -6.3033447266 -5.7899780273 -4.7500305176 -3.7133483887 -3.9933471680 -4.4666748047 -4.3766784668 -4.1966552734 -4.9233398438 -6.2399902344 -5.3766784668 -4.8966674805 -5.2300415039 -5.0600280762 -4.8866882324 -4.6799926758 -5.7699890137 -6.5566711426 -5.8566589355 -6.5500183105 -6.5199890137 -5.9099731445 -6.0100402832 -5.2066955566 -4.2933349609 -4.6966552734 -2.6766662598 -3.0699768066 -2.7533569336 -2.6466674805 -2.6266479492 -2.9299621582 -3.2699890137 -2.0066833496 -2.8466491699 -5.6700134277 -6.1900024414
-3.7899475098 -0.1900024414 0.1433105469 -4.8666687012 -2.3000183105 -2.7300109863 -7.2633361816 -6.8900146484 -6.2266845703 -6.2399902344 -5.1633300781 -4.3733520508 -3.8466491699 -4.1332702637 -3.5933227539 -4.4600219727 -3.8966674805 -4.2100219727 -4.2300109863 -4.9599609375 -5.1600036621 -5.3866577148 -5.4200134277 -4.7533874512 -5.1766967773 -5.3699951172 -5.3666687012 -5.9333496094 -5.1333618164 -5.2333374023 -4.8166809082 -4.7933349609 -5.5867004395 -4.8766784668 -5.2633666992 -4.8833007812 -4.6766662598 -3.4600219727 -3.1566467285 -1.7533264160 -2.2399902344 -2.4400024414 -2.7700195312 -2.8900146484 -1.0100097656 -1.1366271973 -3.3732910156 -3.2033386230
-0.6366577148 -0.1099853516 -1.4666748047 -3.0033264160 -1.8966674805 -5.4199829102 -6.1500244141 -5.1733093262 -4.8866577148 -4.6199951172 -3.5533752441 -3.8766174316 -3.7733459473 -3.9933471680 -3.8600158691 -4.0899963379 -4.3233337402 -4.1466674805 -5.8766479492 -5.6999816895 -4.8133239746 -4.1199951172 -4.2433471680 -4.2599792480 -3.8566589355 -3.5366516113 -3.4433593750 -3.5300292969 -3.3166503906 -3.7133483887 -3.5966186523 -4.0933227539 -3.7833557129 -2.6799926758 -3.1799926758 -2.4833068848 -1.6833190918 -2.0733337402 -1.7833251953 -2.4600219727 -2.1633300781 -1.6733398438 -2.5000000000 -3.4200439453 -3.0467224121 -2.8666992188 -4.0899963379 -3.7133483887
0.7333068848 -0.4166564941 -1.5833740234 -3.3466796875 -3.9899597168 -4.9266967773 -4.1166992188 -3.4433288574 -3.6666564941 -3.1900024414 -2.7500000000 -3.0666503906 -4.0766601562 -4.0799865723 -3.1499938965 -3.1232910156 -3.2599792480 -3.8833312988 -4.1166687012 -4.7266540527 -3.1499938965 -2.8499755859 -3.0533142090 -3.9399719238 -3.4500122070 -3.2433166504 -2.9366455078 -3.1266784668 -3.0333251953 -3.6166381836 -3.4033508301 -3.1933593750 -2.7966613770 -1.8966369629 -1.9933776855 -1.8033142090 -1.2900085449 -0.9900207520 -0.8900146484 -0.7833251953 -0.6766662598 -1.2033691406 -1.4299926758 -1.1600036621 -0.6766357422 -0.4900512695 -2.8166503906 -2.9366455078
-0.7933349609 -2.9300231934 -3.0366516113 -3.7166748047 -3.3066406250 -3.1033325195 -2.8167114258 -2.4333496094 -2.9299621582 -3.0566711426 -0.3699645996 -2.9600524902 -3.4766845703 -3.3433837891 -2.2066345215 -1.8900146484 -2.4466552734 -2.4166259766 -2.7466430664 -3.3566589355 -2.6733703613 -2.0599365234 -3.3433227539 -3.0199584961 -2.2266845703 -2.8366699219 -3.6299743652 -2.7432861328 -3.5333251953 -3.6199951172 -4.4966735840 -4.2033386230 -3.1033020020 -2.7066345215 -1.5933227539 -1.0066223145 -0.8033447266 -0.7000122070 -0.4933776855 -0.0999755859 -0.3199768066 -0.1433410645 -0.1633300781 -0.3899841309 -0.2133483887 -0.5299682617 -1.4467163086 -1.9733276367
-1.8933410645 -1.0866699219 -1.8067016602 -2.2866516113 -1.1766662598 -1.1366577148 -1.7433471680 -2.3333740234 -2.4432983398 -2.3533325195 -0.7466735840 -1.7699890137 -2.0332946777 -2.1999816895 -1.9667053223 -2.0267028809 -0.9033813477 -1.0632934570 -2.2366638184 -2.4866638184 -1.7633056641 -2.6333312988 -2.6100463867 -2.5899963379 -2.3033752441 -2.1199951172 -2.8166503906 -2.9233703613 -3.8166809082 -4.2066955566 -3.9166564941 -3.2966308594 -2.7033386230 -2.4166564941 -1.4066467285 -0.4199829102 -0.2099914551 -0.1133422852 -0.0066528320 0.1666564941 0.4533386230 0.3300170898 0.9133300781 0.5799865723 0.2600097656 -0.1500244141 -0.3599853516 -1.4800109863
0.0566711426 -0.8366699219 -0.7500000000 -0.8499755859 -0.7299804688 -1.5399780273 -1.7500305176 -1.8566894531 -2.0533142090 -1.3633117676 -0.6899719238 -0.6799621582 -0.7466735840 -0.7066345215 -0.9899902344 -0.6466674805 -0.9200439453 -1.4033203125 -1.9600219727 -1.9600219727 -2.3366699219 -2.6066284180 -2.3900451660 -2.2666625977 -1.7766723633 -2.0933227539 -2.0033264160 -3.0033264160 -3.7066345215 -3.9966430664 -3.4000244141 -3.1999816895 -3.0099792480 -2.5200500488 -2.0100097656 -0.8166503906 0.1699218750 0.8733215332 0.6666564941 0.9499816895 0.9199829102 1.1000061035 0.9766540527 0.5500183105 1.0433349609 0.7300109863 -1.3833618164 -2.6867065430
-0.2600097656 -0.7666625977 -0.5933532715 -1.0999755859 -0.7833557129 -0.9799804688 -1.5533142090 -1.5599670410 -0.6699829102 -0.7966918945 -0.6199951172 -0.5899963379 -0.3267211914 -0.0733337402 -0.3266296387 -0.1933593750 -0.8633117676 -2.0400390625 -2.2666625977 -2.2399597168 -1.8166503906 -2.0700073242 -1.2633361816 -1.1400451660 -1.9600219727 -2.7733459473 -2.5799560547 -2.3866271973 -3.1866455078 -3.2833557129 -2.6833190918 -2.7866516113 -2.0966796875 -1.6033630371 -1.0233154297 -0.3299865723 -0.0199890137 1.1599731445 1.1366882324 1.7166442871 1.8966674805 1.5666503906 1.0400085449 1.0267028809 1.1133422852 0.4100036621 -1.1833190918 -1.8899841309
0.1199951172 -0.2966613770 -0.9333190918 -1.2533264160 -1.4366455078 -1.7300109863 -1.4533081055 -1.0866699219 -1.8933105469 -1.2233581543 -0.8633422852 -0.2766418457 0.1733093262 1.4299926758 0.3833618164 0.3367004395 -0.2099914551 -0.5799865723 -1.3533325195 -1.3266906738 -0.9966735840 -0.6566467285 -0.0400085449 -0.9132995605 -1.6333923340 -2.1433105469 -2.1600341797 -3.1666870117 -3.0632934570 -2.7666931152 -1.9733276367 -1.5666198730 -0.9799804688 -0.6933288574 1.0899963379 1.4866027832 -0.0333251953 0.7366638184 1.9066162109 2.1866455078 2.1566467285 1.8400268555 1.7200012207 1.5966186523 1.1899719238 -0.5166625977 -0.6099853516 -0.1166687012
-0.5100097656 -0.0299987793 -1.1466674805 -1.6800231934 -2.0800170898 -2.5833435059 -2.4966735840 -2.5133056641 -2.1333618164 -0.6666870117 0.3933410645 0.1933288574 1.1766662598 2.6300048828 0.8866577148 1.0366821289 1.6966857910 0.8099975586 -0.4333801270 -0.5000305176 0.0266723633 0.0499877930 0.8866271973 0.3133239746 -0.4100036621 -1.2099914551 -1.8200073242 -2.6433105469 -1.8533325195 -1.3533325195 -1.1533508301 -0.9599914551 0.0266723633 0.6166687012 1.7167053223 2.0933227539 0.2533569336 0.9233093262 2.2833862305 2.5466613770 2.5366516113 2.1066284180 2.0800170898 1.8666687012 1.5566406250 1.1566772461 0.6600341797 0.6666870117
-1.2199707031 -1.9366455078 -1.8533325195 -2.6833496094 -2.6133117676 -2.9266357422 -3.8533630371 -2.9100341797 -0.8699645996 -0.2033081055 -0.7333068848 0.3566894531 0.5899963379 0.3299560547 1.8766479492 1.7466430664 1.6400146484 1.4933166504 1.4499511719 1.2899780273 1.2333374023 1.0766601562 1.1066894531 0.7300109863 -0.0833129883 -0.2866821289 -0.4033203125 -1.0066528320 -1.0366516113 -0.6366577148 0.1600036621 0.6500549316 1.8466491699 1.9400024414 1.9200134277 2.0033569336 2.0533142090 2.0199890137 2.0833129883 2.0532836914 2.0199890137 1.9899597168 2.7600402832 2.7333679199 2.1399536133 2.0433654785 1.9500122070 1.8766479492
-1.7800292969 -1.1933288574 -1.9266662598 -2.4666748047 -2.2933349609 -2.2099914551 -2.2499694824 -2.2666625977 0.4500122070 -0.3533020020 0.3433227539 0.8233337402 0.8866577148 0.7433166504 2.2800292969 2.0866699219 2.1399841309 1.8800048828 2.0266723633 2.0700378418 1.9166564941 1.7633666992 1.7133178711 1.6566467285 0.9499511719 0.4366455078 0.2300109863 -0.2833251953 0.0966491699 0.0699768066 0.8666687012 1.4700317383 2.2566833496 2.4433593750 2.4233398438 2.4933471680 2.4666442871 2.3099670410 2.2699890137 2.2300109863 2.3333129883 2.2967224121 2.9766540527 3.1399841309 3.2333984375 2.8466491699 1.8700256348 1.1799926758
-3.2666931152 -2.6666259766 -2.9066467285 -1.9499816895 -0.7800292969 -0.5066528320 -0.3399963379 -0.2266845703 -0.1566467285 0.1866455078 1.2233581543 1.2833251953 1.3733520508 1.1366577148 1.0166320801 0.9566955566 2.0166320801 2.6566772461 2.8133239746 2.4533386230 2.3100280762 2.2500305176 2.0133361816 2.0433654785 0.9366455078 -0.0433349609 -0.0466918945 0.4433288574 0.8133239746 1.4900207520 1.7699890137 2.6666870117 3.0666198730 3.0399475098 3.0299987793 2.9899902344 2.9633483887 2.8066711426 2.6800231934 2.6366577148 1.3233642578 1.8099975586 1.8799743652 2.1666259766 2.6566467285 3.2766418457 2.5733337402 3.4067077637
-2.8633117676 -1.4633483887 -2.0833435059 -0.8133239746 0.0000305176 0.2200012207 0.1666259766 0.1299743652 0.2566528320 0.6233825684 1.7899780273 1.7599792480 1.6333312988 1.5566406250 1.5033569336 1.4466247559 2.9033203125 3.0666809082 2.8966674805 2.8599853516 2.8133544922 2.6833190918 2.5433349609 2.1333312988 0.7799682617 0.2099914551 0.3299865723 1.1600036621 1.6466979980 2.4033508301 3.0766601562 3.9766845703 3.6600341797 3.6533508301 3.6233825684 3.5966491699 3.4499816895 3.3099670410 3.1700134277 3.0266418457 1.4033813477 2.0099792480 2.0000000000 2.3966674805 2.8866882324 2.5899963379 3.0000000000 4.3033142090
