model_inputs/inputs/tas12.asc
ncols 720
nrows 360
xllcorner -180
yllcorner -90
cellsize 0.500000
NODATA_value 9999.000000
[rows 147 to 167 of 360, columns 336 to 383 of 720]
23.5566406250 23.8100280762 23.5133056641 23.3999938965 23.5566711426 23.5866699219 23.7200012207 24.0933837891 24.2766418457 24.0633544922 23.7633056641 23.4533386230 23.3499450684 23.3433227539 23.4399719238 23.3333435059 23.0566711426 23.0833129883 23.2333374023 23.4466247559 23.5566406250 23.7732849121 23.6733093262 24.0799560547 24.1600036621 24.1300048828 23.6066894531 23.1633605957 23.3233642578 22.8866882324 23.2600097656 23.2166442871 23.5166320801 23.6166381836 23.7233581543 23.5099792480 22.3233642578 22.2133483887 22.1333618164 21.9833984375 21.4733276367 21.2799987793 21.0866699219 20.9599914551 20.8200378418 20.5833435059 20.3600158691 20.1232910156
24.5200195312 24.2533264160 23.8866577148 24.1100158691 24.0099792480 23.8433227539 23.8633728027 23.9967041016 24.0600280762 23.9467163086 24.1366577148 23.9067077637 23.8099365234 23.6266479492 23.6500244141 23.5900268555 23.5999450684 23.6865844727 23.8466491699 24.0066528320 24.2033386230 24.3300170898 24.5400085449 24.3166503906 24.3966979980 24.3767395020 24.2533264160 24.2266235352 24.2033081055 24.1533203125 24.3199768066 24.2699890137 24.0166931152 24.0133056641 24.1166381836 23.9199829102 23.2133178711 23.1466369629 22.7067260742 22.1299743652 22.2200012207 21.5266418457 21.4266662598 21.4333190918 21.2500000000 21.1199951172 20.8999938965 21.0766601562
25.0466308594 24.6933898926 24.6166687012 24.0533752441 23.7866821289 23.6967163086 23.9199829102 24.0433044434 24.1699829102 24.0066833496 24.2066955566 24.1233520508 24.1433410645 24.0633544922 23.9999694824 24.0166931152 24.0533142090 24.1900024414 24.1399536133 24.2066955566 24.8833312988 24.7933349609 24.7933654785 24.6532897949 24.5333557129 24.6066589355 24.5000000000 24.3699645996 24.4866333008 24.4266357422 24.4800109863 24.4366455078 24.2966613770 24.2266235352 24.4166259766 24.1166381836 23.1600341797 23.2232971191 23.0666503906 22.6766357422 22.1533203125 21.6532897949 21.7600097656 21.6766662598 21.4733581543 21.2133178711 21.3400268555 21.6099853516
25.5733032227 25.3166503906 24.7466430664 24.4599609375 24.1866455078 23.9799804688 24.1100158691 24.2299804688 24.1633605957 24.2033386230 24.2300720215 24.3633422852 24.3966369629 24.4166564941 24.4366455078 24.5633544922 24.2499694824 23.5899963379 24.6333923340 25.0133666992 25.1033935547 24.8799743652 24.6333007812 24.6833190918 24.6700134277 24.8499755859 24.8200073242 24.4133300781 24.6666564941 24.6133117676 24.6566772461 24.7866516113 24.6466064453 24.3899536133 24.5499877930 24.2799987793 23.2366638184 23.0899963379 22.9366760254 22.8333129883 22.1033020020 21.7899475098 22.2067260742 22.0133056641 21.5366516113 21.5666809082 21.5933227539 21.4233398438
25.5700073242 25.4400634766 24.7266845703 24.7366943359 24.5467224121 24.5433349609 24.6300048828 24.1300048828 24.2266235352 24.2400207520 24.4833068848 24.6166687012 24.5466918945 24.5699768066 24.7033386230 24.7966918945 24.3700561523 24.7066955566 25.0399169922 25.0133361816 25.0033874512 24.8467102051 24.6033630371 24.6366882324 24.6166992188 24.7967224121 25.0666503906 25.0133666992 25.0533752441 24.9900512695 25.1366271973 24.9700012207 24.9433593750 24.7467041016 24.5366516113 24.2199401855 23.3200683594 23.1533203125 22.8866882324 22.8733215332 22.5599670410 22.6266784668 22.5366821289 22.3633422852 21.8899841309 21.8133544922 21.8399963379 21.6699523926
25.6832885742 25.1300354004 25.5566711426 24.9033813477 25.1966552734 25.0932922363 24.8133239746 24.5433349609 24.4400329590 24.4432983398 24.6366577148 24.8733215332 24.7899780273 24.7733154297 24.9866333008 24.8033447266 24.9566345215 25.4166564941 25.2666625977 25.1199645996 24.8733215332 24.8233642578 24.7500305176 24.4933471680 24.8200378418 25.0199890137 25.1999816895 25.5199890137 25.4466247559 24.9733581543 25.2633361816 25.2533569336 25.0432434082 25.0199890137 24.6032714844 24.1800231934 23.1733093262 22.8432922363 22.5699768066 22.5399780273 22.5266723633 22.6766967773 22.7900390625 22.6166687012 22.3566894531 22.5766601562 22.5200500488 22.5533447266
25.8733215332 25.2300109863 25.4533691406 25.1532897949 25.2699279785 25.1833801270 24.9000549316 24.9833374023 24.8666687012 24.9666748047 25.0466918945 24.9600524902 24.9099426270 24.9999389648 25.1366882324 25.0099792480 25.3532714844 25.5100097656 25.3366699219 25.2533264160 25.2000122070 25.0399475098 24.9766540527 25.0267028809 25.0666809082 25.2566528320 25.5566711426 25.5566711426 25.5766906738 25.4766540527 25.5633850098 25.2500000000 25.3333435059 25.2200012207 24.8966979980 24.0766906738 23.3500061035 22.7166748047 22.5666198730 22.6499938965 22.6133422852 22.7233581543 22.8266601562 22.7532958984 23.0800170898 22.9933166504 22.9266662598 22.9500122070
25.8233337402 25.3966979980 25.1333618164 25.2566223145 25.0967407227 24.9766845703 24.8233337402 24.8733520508 25.1100463867 24.8866577148 24.9266967773 24.9833374023 24.7933044434 25.1000366211 25.0366516113 25.0733032227 25.5866699219 25.6166687012 25.6466674805 25.4800109863 25.4300231934 25.3700256348 25.2066955566 25.2533569336 25.4233093262 25.5032653809 25.7999877930 25.8432922363 25.7666625977 25.7766418457 25.8666687012 25.5466308594 25.6366882324 25.5066833496 24.8833618164 24.3633422852 23.3967590332 22.8000488281 22.3733520508 22.4433288574 22.5566406250 22.9633483887 23.1666870117 23.0799865723 22.9899902344 22.9099731445 22.8466186523 22.8633117676
24.8900146484 25.1300048828 24.8832397461 24.8233642578 24.5799865723 24.7332458496 24.5632934570 24.9199829102 24.9499511719 24.7600097656 24.6900329590 25.0433349609 24.9766845703 25.0333557129 25.0233154297 25.3733520508 25.8100280762 25.7466735840 25.8600158691 25.7133178711 25.5299987793 25.6666870117 25.7367248535 25.4933471680 25.6500244141 25.8666687012 25.9933166504 26.0332946777 25.9600219727 26.0833740234 26.1666564941 26.2433166504 26.0266723633 25.7000122070 24.6433410645 24.3499755859 23.6200256348 23.2066650391 22.5766906738 22.1867065430 22.4933166504 22.8033447266 23.0100097656 23.1133117676 23.2265930176 23.1433410645 23.0533447266 22.9633483887
23.8999938965 23.7566528320 24.4167480469 24.4800109863 24.2400512695 24.6033630371 24.6933288574 24.7200012207 24.6366882324 24.5567016602 24.8500061035 24.7366638184 24.5333557129 25.1133728027 25.3899841309 26.0033569336 25.9399719238 26.0600280762 26.0366210938 25.6633300781 25.7533569336 26.0066833496 26.3300781250 26.2866821289 26.0566406250 26.4200134277 26.4866638184 26.3299865723 26.2433166504 26.0699768066 26.2600402832 26.3399963379 26.0867004395 25.6133422852 24.8266906738 24.8533020020 23.7300109863 23.1066894531 22.8166503906 22.6233520508 22.8299865723 22.7300109863 22.8334045410 23.0599975586 23.3600463867 23.1533203125 22.8466796875 22.9533386230
23.0999755859 23.8566284180 24.4366455078 24.4933471680 24.4633483887 24.4399719238 24.4167480469 24.3900451660 24.4232788086 24.4466247559 24.7833251953 24.7465820312 24.4299926758 24.7633056641 25.6999816895 26.2233276367 26.3600158691 26.2666931152 26.0867004395 25.7066650391 25.9566650391 26.4099731445 26.6600036621 26.6699829102 26.5332946777 26.9900207520 26.9633483887 26.7433471680 26.4132690430 25.9766235352 25.9399719238 26.0600280762 25.9833068848 25.7899780273 24.6866455078 24.8533325195 23.9299926758 23.6533508301 23.1534118652 22.7566528320 22.8533325195 22.8599548340 22.4966735840 22.8866882324 23.2666625977 23.3633422852 23.3533325195 23.4466857910
23.0567016602 23.7399902344 24.2099609375 24.3767089844 24.1400146484 23.9399719238 24.0333251953 24.0599670410 24.2266845703 24.3433532715 24.6766662598 24.9066772461 25.0099792480 25.1300354004 26.1300048828 26.2800292969 26.1199645996 26.1033020020 25.9633483887 25.8166503906 26.4533386230 27.1066589355 26.9599914551 26.9166564941 26.8233337402 27.4799804688 27.4333190918 26.6133117676 26.5799865723 26.2866821289 26.0299987793 25.9532775879 25.8366699219 25.7333679199 25.1732788086 25.6666564941 25.0799865723 24.2733764648 23.7833557129 23.5866394043 23.2100219727 22.3133239746 22.1999816895 23.0866699219 23.4833068848 23.6766967773 24.1600341797 23.9599609375
24.3866882324 23.7933654785 24.3832702637 24.1599426270 23.9366455078 23.9133300781 23.9233398438 24.0066528320 24.1100158691 24.3399658203 24.6499938965 25.0599975586 25.3633422852 25.9966735840 26.3799743652 26.2633361816 25.8400268555 25.6966247559 26.2066955566 26.0633850098 26.6166687012 27.2699584961 27.2133178711 27.0566711426 27.2200012207 27.5599975586 27.1233520508 26.3033142090 26.6899719238 26.5799865723 26.2166748047 26.1866455078 26.0766906738 26.0000305176 25.9999694824 26.0965881348 26.2099914551 25.4133300781 24.5333557129 23.9533691406 23.5299682617 21.9267272949 22.0133666992 23.0999450684 23.8866271973 24.1833496094 24.5766906738 24.7733459473
24.9333496094 24.4366455078 24.2567138672 23.9166564941 23.7999877930 23.6766662598 23.5867004395 23.8033447266 24.0100402832 24.1233215332 24.5099792480 25.2133483887 25.9166870117 26.2732543945 26.7400207520 26.5833435059 25.9732971191 25.9933166504 26.4000244141 26.2133178711 26.5633850098 27.3299865723 27.2766723633 26.9033508301 27.3266601562 27.2467041016 26.7066650391 26.7066955566 27.1033325195 26.8833312988 26.1366882324 26.3200073242 26.4133300781 26.6199951172 26.4266967773 26.9299926758 27.1500244141 26.4600219727 25.3699340820 24.0599975586 23.2566223145 21.4433593750 21.8333435059 24.1200256348 24.2001037598 24.7933349609 24.2933654785 24.8833312988
25.0133361816 24.1065979004 23.5065917969 23.4967041016 23.1866760254 22.8633422852 22.8399658203 23.2600097656 23.7600097656 24.1800231934 24.6766357422 25.2700195312 25.8699951172 26.2299804688 26.6033325195 26.5200500488 26.2532958984 26.0067138672 26.0966491699 26.0299987793 26.7600097656 27.2800292969 27.1333007812 26.9833374023 27.1233215332 26.5433044434 26.1133422852 26.7033691406 27.1900329590 27.1966857910 26.3633422852 26.1466979980 26.6299743652 26.9433288574 26.9699401855 27.2833862305 27.6033630371 27.0000000000 25.8000183105 24.5766906738 24.5666809082 22.7533569336 22.2400207520 24.3366699219 25.1199645996 25.3033142090 25.4034118652 25.2932739258
25.1300659180 24.3900146484 23.9900207520 23.8833923340 23.0433349609 22.4333190918 22.4999694824 22.9033203125 23.7000427246 24.3999938965 24.9166870117 25.5433349609 25.9299621582 26.3066406250 26.2566833496 26.3133544922 26.4300537109 26.1066589355 26.0999755859 26.3266906738 26.9467163086 27.2533569336 27.2400207520 27.1433105469 27.1933288574 26.2233276367 26.6500244141 26.9866333008 27.6466979980 27.3099670410 26.4466552734 26.2500000000 26.4733276367 26.8000183105 27.1232910156 27.3433227539 27.4300231934 27.2167053223 26.2966613770 25.5833740234 25.6734008789 25.6699829102 25.6533508301 25.6333007812 25.7233276367 25.7099914551 25.8066711426 23.2966613770
25.5233154297 24.9899902344 24.9866333008 24.3666992188 23.7399597168 23.3232727051 22.8866882324 23.2466430664 23.6199951172 24.2333679199 24.8632507324 25.3900451660 25.8233337402 26.1766967773 26.3066406250 26.4833068848 26.5266418457 26.3066406250 26.1799621582 26.6566467285 26.8833618164 26.9766845703 27.1833190918 27.2834167480 26.8433532715 25.7666625977 27.0999755859 27.5833435059 28.1133117676 27.7532958984 26.9766235352 26.6066589355 26.4266662598 26.2433471680 26.2566223145 26.7500305176 26.7432861328 27.0333862305 26.6166992188 26.1933288574 25.9866638184 25.8733215332 25.9599914551 26.0533142090 25.9433288574 25.8300170898 26.0199890137 22.8099975586
26.1300354004 25.7133483887 24.8866577148 24.1566772461 24.2433166504 24.1233215332 24.0833740234 23.4067077637 23.0733642578 23.7933044434 24.8166503906 25.2500000000 25.8733215332 26.0633239746 26.4500122070 26.7399902344 26.7866516113 26.7200317383 26.3800048828 26.2299804688 26.0233764648 26.8033752441 27.0967102051 27.2866821289 26.9899902344 26.0499877930 27.5466918945 27.9100036621 28.3100585938 27.9132995605 27.6333618164 27.1500244141 26.5800170898 25.8633422852 26.0633544922 25.8633422852 26.4400024414 26.6399841309 26.6333312988 26.5133361816 26.3966674805 26.1933288574 26.0799865723 25.9600219727 25.6433105469 24.8299560547 24.2266845703 23.7300109863
26.7366638184 26.2200012207 25.6100158691 24.6933288574 24.9633178711 24.9533691406 24.8899841309 24.3633422852 23.8066711426 24.2099914551 24.9433288574 25.2800292969 25.6099853516 25.8866271973 26.5333251953 26.7366638184 26.4866333008 26.5733642578 26.1366882324 25.7567138672 25.9900207520 26.6166381836 27.0266723633 27.2266845703 27.1033325195 26.0867004395 27.4700012207 27.9666748047 28.4266967773 28.2999877930 28.0032958984 27.7066345215 27.4866638184 26.8766479492 26.6766052246 26.7633056641 26.3533630371 26.8500061035 26.5399780273 26.1133422852 26.2066040039 25.8933715820 25.6833190918 25.3700256348 24.8633728027 23.6499633789 22.8366088867 21.7300109863
26.6066894531 26.4166564941 26.0133361816 25.0966796875 25.2933349609 25.4633178711 25.5299987793 25.0067138672 24.7733764648 24.9566040039 25.2666625977 25.2866821289 25.6266479492 25.7699584961 26.5133056641 26.6499633789 26.6466674805 26.5133666992 26.3699645996 26.2932739258 26.4299926758 26.3566284180 26.4900512695 27.1233215332 27.4400329590 25.9299621582 27.1633300781 27.9400329590 28.2233276367 28.2566528320 27.9433288574 27.9333190918 28.0133056641 27.8900146484 27.3800354004 27.2667236328 26.7666625977 26.7566833496 26.1466369629 26.5433044434 26.2200012207 25.9100036621 25.1966552734 24.3866882324 23.6766662598 23.3633728027 19.8466796875 21.1400451660
9999.0000000000 9999.0000000000 26.5966186523 26.0133361816 25.6999816895 25.6900024414 25.5499572754 25.2366333008 25.0866699219 25.1733398438 25.3966674805 25.6966857910 25.7066650391 25.9866333008 26.6866455078 26.8266601562 26.7232971191 26.7799987793 26.6199951172 26.8466186523 26.5733337402 26.5166625977 26.5333251953 26.2633056641 27.7100219727 27.7366638184 27.7599792480 28.2133483887 28.2066345215 28.1933593750 28.1700134277 28.0599670410 28.0433349609 28.0166320801 27.8000183105 27.3833618164 26.9666442871 26.7567138672 26.4466857910 26.6366577148 25.9333496094 25.9200134277 24.6000061035 22.9900207520 22.0833129883 20.1733398438 23.0567016602 22.7399902344
