model_inputs/inputs/tas1.asc
ncols 720
nrows 360
xllcorner -180
yllcorner -90
cellsize 0.500000
NODATA_value 9999.000000
[rows 42 to 62 of 360, columns 384 to 431 of 720]
9999.0000000000 9999.0000000000 9999.0000000000 9999.0000000000 -2.7100219727 -2.8133850098 -2.8833618164 -4.1866760254 -4.9100036621 -6.1366577148 -8.2966613770 -10.2366638184 -11.9633483887 -12.7966613770 -13.7300109863 -13.8133239746 -14.8866882324 -14.7600097656 -15.6399536133 -16.1399841309 -15.2266540527 -15.6133117676 -15.2466430664 -15.7000122070 -15.6232910156 -15.6499633789 -15.3766784668 -15.2366333008 -14.7099914551 -14.5733642578 -13.8366699219 -13.4067077637 -13.7666625977 -13.1233215332 -12.2666625977 -11.3167114258 -10.8866271973 -10.3633117676 -10.0433349609 -10.4133300781 -10.1700744629 -10.8399658203 -10.9366760254 -11.2333374023 -11.3533020020 -11.6566772461 -11.7799987793 -12.2033081055
9999.0000000000 -0.9033508301 -1.8266601562 -2.4433288574 -2.9733581543 -3.9633483887 -3.4033203125 -4.6366882324 -5.9433593750 -8.1632995605 -9.3033142090 -11.5399780273 -13.8700256348 -13.9100341797 -13.9799804688 -13.5666503906 -13.6466674805 -14.3399963379 -15.3233337402 -15.2966308594 -14.9866943359 -15.5033569336 -14.8266906738 -15.4533386230 -15.2833557129 -15.3166503906 -15.0433044434 -14.9333496094 -14.3899536133 -14.3633422852 -14.1199951172 -14.1800231934 -14.1366577148 -13.6866760254 -13.8399658203 -13.0867004395 -11.9333496094 -11.9100036621 -11.6666564941 -11.6466674805 -11.9299926758 -11.5133666992 -11.6000061035 -11.9899902344 -11.7733459473 -11.7866516113 -11.8966369629 -12.1233215332
9999.0000000000 -1.2600097656 -1.7733459473 9999.0000000000 9999.0000000000 -4.0400085449 -4.9700012207 -6.9100036621 -9.6333312988 -11.7600097656 -11.7700195312 -14.7766418457 -14.1499938965 -14.4699707031 -13.6099853516 -13.5966796875 -14.1766662598 -14.2633056641 -14.1300048828 -13.9667053223 -13.9200134277 -14.0399780273 -14.4500122070 -14.4533081055 -13.4766845703 -13.0833435059 -12.9300231934 -13.1033630371 -13.3766784668 -13.5399780273 -13.6000061035 -13.3533020020 -13.2099914551 -12.8600158691 -12.8133239746 -12.9600219727 -12.8600463867 -13.0466918945 -12.6000061035 -12.6866760254 -13.3033447266 -12.8900451660 -12.6733093262 -13.5499572754 -12.5466613770 -13.1133422852 -12.1233520508 -12.3333129883
9999.0000000000 9999.0000000000 0.4848022461 -2.7733154297 -3.4899902344 -4.2333679199 -6.2466430664 -9.0566711426 -13.9700012207 -13.9733581543 -15.4966430664 -17.4132995605 -14.0133056641 -14.5233154297 -13.8299865723 -13.9100036621 -14.7866821289 -14.5800170898 -14.1333312988 -13.6033630371 -13.0466918945 -13.0533447266 -13.2467041016 -13.4700012207 -12.6733398438 -12.5133056641 -12.3533325195 -12.6133422852 -13.0766601562 -13.3199768066 -13.4699707031 -13.2232971191 -13.1733703613 -12.9299926758 -12.8766784668 -12.6299743652 -13.2033081055 -13.2666320801 -13.4766540527 -13.3799743652 -13.0866699219 -13.4600219727 -12.8467102051 -12.0266723633 -11.7000122070 -11.8966369629 -12.0799560547 -12.2566833496
9999.0000000000 9999.0000000000 -1.8599853516 -5.3699951172 -8.5933227539 -9.2666320801 -11.1099548340 -12.7500000000 -14.2900695801 -15.2333374023 -14.9800109863 -14.1466979980 -14.2599792480 -14.2633361816 -14.0833435059 -14.6100158691 -14.2699890137 -14.4299621582 -13.0833435059 -13.2533569336 -12.3833312988 -12.1733093262 -11.7633361816 -12.0799865723 -12.0967102051 -11.8299865723 -11.5000000000 -11.5466308594 -12.8699951172 -12.9166870117 -13.5433044434 -13.4566345215 -13.9200134277 -13.8733520508 -13.8299865723 -13.6433715820 -13.0100402832 -12.6299743652 -13.0333557129 -12.9266662598 -12.8200073242 -12.5133666992 -12.2033691406 -11.6966857910 -11.5666809082 -11.7599792480 -11.8466491699 -11.9367065430
0.1266479492 -0.7966308594 -5.4533386230 -6.3533020020 -8.6366577148 -9.5533447266 -11.9400024414 -13.7767028809 -14.7800292969 -15.1766662598 -14.8867187500 -14.2300109863 -14.4566345215 -14.1733398438 -14.2066650391 -14.2666931152 -13.9966430664 -14.0633239746 -12.9199829102 -12.1866455078 -11.7033081055 -11.4966735840 -11.2933044434 -11.5866699219 -11.6100158691 -11.3600158691 -10.9899902344 -11.1166992188 -12.1499938965 -12.3066711426 -13.1500244141 -13.2633056641 -13.5966796875 -13.5166931152 -13.4633483887 -13.2666625977 -12.9600219727 -12.6666870117 -12.8666381836 -12.7467041016 -12.5433349609 -12.3466796875 -11.9366455078 -11.6500244141 -11.2533264160 -11.0267028809 -11.4133911133 -11.5200195312
-1.5100097656 -5.7266540527 -6.7200317383 -8.3367004395 -10.2666320801 -10.9133911133 -11.9733276367 -13.3899841309 -14.1966552734 -15.3099670410 -14.8233337402 -14.3066711426 -13.7399597168 -13.4399719238 -13.1166076660 -12.7733459473 -12.7833557129 -12.3166503906 -11.1699829102 -10.7133483887 -10.2200012207 -10.1066894531 -10.3033142090 -10.6100463867 -10.8033142090 -10.8332824707 -10.7666931152 -10.7866821289 -11.5499877930 -12.1000061035 -12.3633728027 -12.8666687012 -12.8932800293 -13.2200012207 -13.1100158691 -13.1033630371 -12.4000549316 -12.4933166504 -12.1799621582 -12.2767028809 -12.1666564941 -11.9733886719 -11.5733337402 -11.2600097656 -11.0700073242 -10.9933166504 9999.0000000000 9999.0000000000
-3.9966430664 -5.9866638184 -7.3966674805 -9.6133117676 -10.8033142090 -9.5866699219 -11.5600280762 -12.7499694824 -13.3399963379 -14.1333312988 -14.5366821289 -14.0100097656 -12.9132995605 -12.4200134277 -12.1100158691 -11.5833129883 -11.3533325195 -10.6966552734 -9.4299621582 -10.3366699219 9999.0000000000 9999.0000000000 9999.0000000000 9999.0000000000 9999.0000000000 -10.1233215332 -9.9433593750 -10.1799926758 -10.6333312988 -11.2933654785 -11.6533203125 -12.1766662598 -12.5000000000 -12.7966918945 -12.6633605957 -12.7300109863 -12.2232971191 -12.2033386230 -12.0099487305 -12.0866699219 -11.8899841309 -11.6966857910 -11.4967041016 -11.0833435059 -10.7999877930 -10.7100524902 9999.0000000000 -10.9066772461
-5.3566894531 -7.0633850098 -7.3866577148 -8.5200195312 -9.3499755859 -10.0533142090 -10.3399963379 -10.8300170898 -12.3199768066 -13.0033264160 -13.6333312988 -13.4732971191 -12.6933288574 -11.7999877930 -10.9899902344 -10.4000244141 -8.8433837891 -8.4700012207 -7.7099914551 9999.0000000000 9999.0000000000 9999.0000000000 9999.0000000000 9999.0000000000 -9.6766967773 -9.6533508301 -9.6533203125 -9.9732971191 -10.3266296387 -10.2833557129 -10.6400146484 -11.0799865723 -11.3900146484 -11.4500122070 -11.4100036621 -11.3600158691 -12.0399475098 -11.7333374023 -11.6266784668 -11.9266967773 -11.8199462891 -11.7233276367 -11.6267089844 -11.4333496094 -11.3266906738 -10.9166870117 9999.0000000000 -10.9333496094
-5.7266235352 -7.1566467285 -7.6833190918 -8.8333740234 -8.9766845703 -9.1299743652 -8.7200012207 -9.3166809082 -10.6666564941 -11.7900085449 -12.4100036621 -12.7500000000 -11.9866943359 -11.3300170898 -10.2733459473 -9.4699707031 -7.7666931152 -7.2566528320 -6.4599914551 9999.0000000000 9999.0000000000 9999.0000000000 -8.7099914551 -8.8133544922 -9.2066345215 -9.3999633789 -9.3233337402 -9.4600219727 -9.6000061035 -9.6199951172 -9.8599853516 -10.6766662598 -10.9333190918 -11.0899963379 -11.1466369629 -11.1166687012 -11.4766540527 -11.1566467285 -11.2467041016 -11.6333312988 -11.5499572754 -11.4533386230 -11.3599853516 -11.2433166504 -11.1600036621 -11.0567016602 -10.8500061035 -11.1433410645
-7.0500183105 -7.8799743652 -8.4166870117 -8.0566101074 -7.8733215332 -7.6133422852 -7.9966735840 -8.6266174316 -9.9599609375 -10.7799987793 -10.6066589355 -11.1433410645 -10.7766418457 -10.1166687012 -9.0566406250 -7.9899902344 -6.7267150879 -8.5400085449 9999.0000000000 9999.0000000000 -7.7566833496 -7.0600280762 -8.0699768066 -8.5666809082 -8.8566284180 -9.0533142090 -9.0866699219 -9.0366516113 -9.0699768066 -9.0133056641 -9.0133056641 -9.8233337402 -10.3666687012 -10.7366333008 -10.9866943359 -11.0566711426 -11.6166687012 -11.7900085449 -11.3732910156 -10.8766174316 -11.3766784668 -11.0833435059 -10.8866882324 -10.7832946777 -10.5733337402 -10.6699829102 -10.8633422852 -11.0699768066
-7.7633361816 -8.5932922363 -8.9333190918 -7.5666503906 -7.1066894531 -7.4733581543 -8.1000366211 -8.8333740234 -9.6566772461 -10.0766906738 -9.8033142090 -9.9466552734 -9.5900268555 -8.4333496094 -8.2866821289 -7.9366455078 9999.0000000000 9999.0000000000 -7.5566711426 -6.5000000000 -6.8166503906 -7.5099792480 -8.1066589355 -8.2033081055 -8.3966979980 -8.6033020020 -8.7732849121 -8.8233337402 -8.7533569336 -8.7566833496 -8.8633422852 -9.3866577148 -9.8333740234 -10.2633361816 -10.6199951172 -10.4733276367 -10.9299926758 -11.2933349609 -10.9866943359 -10.5966491699 -11.0000000000 -10.9966430664 -10.7200012207 -10.5066528320 -10.4933166504 -10.5966796875 -10.7966613770 -10.9833068848
-9.4333496094 -9.8366394043 -9.2666931152 -9.8000183105 -7.9499816895 -7.7533264160 -8.4966735840 -8.9533081055 -8.7933044434 -9.2499694824 -9.2900085449 -8.4233093262 -7.4700012207 -7.3333435059 9999.0000000000 9999.0000000000 9999.0000000000 9999.0000000000 -5.5933532715 -6.4166564941 -6.8166503906 -7.2200317383 -7.6399841309 -7.8466491699 -8.0333557129 -8.2799682617 -8.4400329590 -8.5933532715 -8.5800170898 -8.5032958984 -8.7199707031 -9.0333251953 -9.5666503906 -9.9033203125 -10.1433410645 -10.0966491699 -10.0466918945 -9.9933471680 -9.8933715820 -10.0100097656 -10.2232971191 -10.4233703613 -10.1299743652 -10.2266845703 -10.2300109863 -10.3266601562 -10.3166809082 -10.5200195312
-9.7599792480 -9.5499572754 -9.1399536133 -9.9533081055 -8.6966552734 -8.5133056641 -8.5533142090 -8.7133483887 -8.2866210938 -8.3599853516 -7.4333496094 -6.4799499512 -2.9078063965 9999.0000000000 9999.0000000000 9999.0000000000 9999.0000000000 9999.0000000000 -6.3366699219 -5.9500122070 -6.3032836914 -6.5833435059 -6.8000183105 -7.2133178711 -7.6433410645 -7.9066772461 -8.0899963379 -8.3000183105 -8.3367004395 -8.3433227539 -8.2466735840 -8.3633422852 -8.7033691406 -9.2433166504 -9.3733520508 -9.4166870117 -9.2467041016 -9.4100036621 -9.3266601562 -9.4299621582 -9.7433471680 -9.7500305176 -9.8466796875 -9.8466796875 -9.9633789062 -10.0466613770 -10.1466979980 -9.8466796875
-9.2633361816 -10.0700073242 -9.7833557129 -9.3900756836 -8.7500305176 -8.7866516113 -8.2600097656 -8.1233825684 -7.9033508301 -7.0733337402 -5.1133117676 9999.0000000000 9999.0000000000 9999.0000000000 9999.0000000000 9999.0000000000 9999.0000000000 9999.0000000000 -5.7767028809 -5.5466308594 -5.8899841309 -6.3766479492 -6.6699523926 -7.1766662598 -7.6333618164 -7.9899902344 -7.8899536133 -7.8533325195 -8.0000000000 -8.0633239746 -8.1932983398 -7.9033508301 -7.6399841309 -8.3767089844 -8.4066772461 -8.4533386230 -8.5766601562 -8.7266540527 -8.7366333008 -8.8466796875 -8.9566650391 -9.3600158691 -9.4700012207 -9.7733154297 -9.9733276367 -9.4800109863 -9.4733581543 -9.5866394043
-9.6866760254 -10.0066833496 -9.2300109863 -8.6932983398 -8.5867004395 -7.9299926758 -7.5733337402 -7.4500427246 -6.9999694824 -5.5366516113 -4.7599792480 9999.0000000000 9999.0000000000 9999.0000000000 9999.0000000000 9999.0000000000 9999.0000000000 9999.0000000000 -5.2033691406 -4.9766845703 -5.5833740234 -5.8766479492 -6.3633422852 -6.8499755859 -6.9766540527 -7.2666931152 -7.2500000000 -7.1099548340 -7.3733215332 -7.5233154297 -7.5799560547 -7.4366149902 -7.3633117676 -8.1133728027 -8.0466613770 -7.7799682617 -8.3266601562 -8.2866516113 9999.0000000000 -8.4933471680 -8.4066772461 -8.8067016602 -9.0099792480 -9.4032897949 -9.5933227539 -9.5100097656 -9.9166564941 -9.3166503906
-7.2132873535 -7.4933471680 -7.2533569336 -6.9100341797 -7.5366516113 -6.9733886719 -6.7066650391 -6.2533569336 -5.2699584961 -4.2733764648 -3.2866516113 -3.4133300781 9999.0000000000 9999.0000000000 9999.0000000000 9999.0000000000 9999.0000000000 9999.0000000000 -4.7133483887 -4.5000000000 -4.9833679199 -5.1100463867 -5.7666931152 -6.4133300781 -6.5332946777 -6.4366760254 -6.5166931152 -6.5633544922 -6.6300354004 -6.2933044434 -6.3899841309 -6.5233459473 -6.8733215332 -7.2466430664 -7.2866516113 -7.0400085449 -7.2633361816 -7.8399963379 9999.0000000000 9999.0000000000 9999.0000000000 -8.3433227539 -8.5433044434 -8.8266906738 -9.2366638184 -9.6299743652 -9.7299804688 -9.8266601562
-6.3067016602 -6.4033203125 -6.3700256348 -6.3300476074 -6.7733459473 -6.3166503906 -6.0633544922 -5.0399780273 -4.4566955566 -3.9266662598 -3.2266540527 -2.7533264160 -2.1766662598 -3.1899719238 9999.0000000000 -3.9500122070 -4.0466613770 -4.2333374023 -4.3233337402 -4.3933105469 -3.5499877930 -3.8066711426 -4.6366882324 -6.0733337402 -5.9999694824 -5.0499877930 -5.4866638184 -5.7266845703 -6.0799865723 -6.2333679199 9999.0000000000 9999.0000000000 9999.0000000000 -6.9200439453 -6.5933227539 -6.3666992188 -6.6166992188 -6.6966552734 -7.5866699219 -7.2900085449 -7.8666687012 -7.9500122070 -8.1433410645 -8.5299987793 -9.1233520508 -9.3166503906 -9.7099609375 -10.0366516113
-4.6866760254 -4.8999938965 -4.6866760254 -4.7666625977 -5.1300048828 -5.0799865723 -4.8166809082 -4.1766357422 -3.4733276367 -3.1933288574 -3.0566406250 -2.9332885742 -2.3099670410 -1.5333251953 -3.0733337402 9999.0000000000 9999.0000000000 9999.0000000000 9999.0000000000 9999.0000000000 -4.0899963379 -4.2233581543 -4.4766540527 -4.6700134277 -4.7966918945 9999.0000000000 9999.0000000000 -5.5400085449 -5.6899719238 -5.6366882324 9999.0000000000 9999.0000000000 -6.2599792480 -6.0933227539 -6.3566894531 -6.2433471680 -5.9200439453 -6.2933349609 -6.5800170898 -6.9733276367 -7.2466430664 -7.5299987793 -7.8066711426 -8.2000427246 -8.8866271973 -9.1900024414 -9.3266906738 -9.4799804688
-3.6533508301 -3.5533447266 -3.3600158691 -3.6266479492 -3.6133422852 -3.8699951172 -3.6466979980 -3.3900146484 -3.0533447266 -2.7933044434 -2.6333312988 -2.3999633789 -1.7366333008 -2.0933532715 -0.4570007324 -0.2575988770 9999.0000000000 9999.0000000000 9999.0000000000 9999.0000000000 9999.0000000000 -3.8533325195 -4.0766906738 -3.1333312988 -3.5000000000 -3.4399719238 -3.9200439453 -4.5466918945 -5.0733337402 -5.3233337402 -5.1633911133 -5.4099731445 -5.7533569336 -5.9934082031 -6.1400146484 -6.1100158691 -6.0267028809 -6.1933288574 -6.3566589355 -6.6399841309 -7.0199584961 -7.3999938965 -7.6899719238 -8.0832824707 -8.6000061035 -8.8333435059 -8.7800292969 -9.0200500488
-2.5967102051 -3.3133850098 -3.2466430664 -2.8066406250 -3.1433715820 -3.2400207520 -3.1533508301 -2.9166259766 -2.5766296387 -2.2700195312 -1.9266662598 -1.3733215332 -1.5266723633 9999.0000000000 9999.0000000000 9999.0000000000 9999.0000000000 9999.0000000000 9999.0000000000 9999.0000000000 -3.3833312988 -1.3932800293 -3.7099914551 -2.7466735840 -3.4033813477 -3.6133422852 -3.8566894531 -4.2867126465 -4.6533203125 -5.0700378418 -4.9533691406 -5.3900451660 -5.7566833496 -5.7933654785 -5.8266906738 -5.8166809082 -5.9233703613 -6.0966796875 -6.2666931152 -6.4433593750 -6.8133544922 -7.2832946777 -7.5733337402 -7.8833312988 -8.0333251953 -8.2733459473 -8.6133117676 -8.6533813477
