model_inputs/inputs/tas2.asc
ncols 720
nrows 360
xllcorner -180
yllcorner -90
cellsize 0.500000
NODATA_value 9999.000000
[rows 147 to 167 of 360, columns 432 to 479 of 720]
24.4766845703 24.5966796875 25.0400390625 22.9832763672 20.5400085449 22.4066772461 25.0233459473 9999.0000000000 9999.0000000000 9999.0000000000 9999.0000000000 9999.0000000000 9999.0000000000 24.9933166504 18.5199890137 13.0132751465 14.0233459473 17.7233276367 18.5166625977 19.5199279785 19.5966796875 19.4933776855 19.6766357422 19.5832824707 19.4833374023 19.6700134277 20.5733337402 20.8533630371 18.8566589355 19.2500000000 20.6499633789 22.4433593750 23.9433593750 23.5266113281 9999.0000000000 9999.0000000000 9999.0000000000 9999.0000000000 9999.0000000000 9999.0000000000 9999.0000000000 9999.0000000000 9999.0000000000 9999.0000000000 9999.0000000000 9999.0000000000 9999.0000000000 9999.0000000000
25.5933227539 25.0266418457 25.6733093262 25.8233642578 22.9700317383 19.7433471680 24.4266357422 25.6433105469 25.8533325195 9999.0000000000 9999.0000000000 9999.0000000000 26.5932922363 25.1966857910 21.2132873535 14.3199768066 14.0133361816 15.5099792480 18.7033386230 19.3099975586 19.8933715820 20.0866699219 20.2833557129 20.3800048828 19.7733154297 19.5633850098 19.8666381836 19.5499877930 20.0466613770 19.7433776855 21.4466552734 22.7299499512 23.6266174316 9999.0000000000 9999.0000000000 9999.0000000000 9999.0000000000 9999.0000000000 9999.0000000000 9999.0000000000 9999.0000000000 9999.0000000000 9999.0000000000 9999.0000000000 9999.0000000000 9999.0000000000 9999.0000000000 9999.0000000000
26.9566650391 25.8666992188 24.7999877930 24.8633422852 23.3933715820 17.8599853516 21.3333129883 24.5499572754 25.3532714844 9999.0000000000 9999.0000000000 9999.0000000000 21.2866516113 25.6967163086 22.9932861328 16.6167297363 12.0200500488 14.2066955566 16.6966552734 18.2000427246 19.5933532715 20.6766357422 20.2700195312 19.5700073242 19.0733337402 17.5633544922 17.2566528320 18.0466918945 20.0399475098 21.9266967773 23.3266906738 24.3233337402 9999.0000000000 9999.0000000000 9999.0000000000 9999.0000000000 9999.0000000000 9999.0000000000 9999.0000000000 9999.0000000000 9999.0000000000 9999.0000000000 9999.0000000000 9999.0000000000 9999.0000000000 9999.0000000000 9999.0000000000 9999.0000000000
27.3966369629 26.9233703613 25.9300231934 24.9666442871 21.8300170898 19.3800048828 17.9566650391 21.3399963379 25.5566406250 25.9666442871 26.5799865723 9999.0000000000 9999.0000000000 26.6899719238 24.7966308594 18.6966552734 13.9033203125 14.2033691406 16.6932983398 17.2833557129 19.1832885742 20.9733581543 19.9633178711 20.3634033203 18.8599853516 18.6466064453 22.8399963379 24.6366577148 24.3233337402 9999.0000000000 9999.0000000000 9999.0000000000 9999.0000000000 9999.0000000000 9999.0000000000 9999.0000000000 9999.0000000000 9999.0000000000 9999.0000000000 9999.0000000000 9999.0000000000 9999.0000000000 9999.0000000000 9999.0000000000 9999.0000000000 9999.0000000000 9999.0000000000 9999.0000000000
27.9166870117 27.4333496094 26.3099975586 25.6000366211 21.7433166504 19.4066772461 16.8699951172 19.8499755859 25.8566589355 25.4599914551 25.1766662598 27.0932922363 9999.0000000000 26.3933715820 25.6966857910 20.0899963379 13.8899841309 13.2733459473 14.3866882324 14.6733093262 18.2700195312 19.9700012207 20.3666687012 23.0433349609 22.8399963379 23.4400024414 9999.0000000000 9999.0000000000 9999.0000000000 9999.0000000000 9999.0000000000 9999.0000000000 9999.0000000000 9999.0000000000 9999.0000000000 9999.0000000000 9999.0000000000 9999.0000000000 9999.0000000000 9999.0000000000 9999.0000000000 9999.0000000000 9999.0000000000 9999.0000000000 9999.0000000000 9999.0000000000 9999.0000000000 9999.0000000000
27.9666442871 27.3866271973 23.7332763672 25.0866699219 22.5699768066 21.6166687012 19.7866210938 18.7499389648 26.2566528320 27.1633605957 25.6733398438 25.7733459473 27.0833129883 27.0799865723 26.3800354004 20.3899841309 16.0866699219 17.5799865723 17.4599914551 18.8633422852 21.9600219727 24.1600341797 24.2500000000 25.3333435059 9999.0000000000 9999.0000000000 9999.0000000000 9999.0000000000 9999.0000000000 9999.0000000000 9999.0000000000 9999.0000000000 9999.0000000000 9999.0000000000 9999.0000000000 9999.0000000000 9999.0000000000 9999.0000000000 9999.0000000000 9999.0000000000 9999.0000000000 9999.0000000000 9999.0000000000 9999.0000000000 9999.0000000000 9999.0000000000 9999.0000000000 9999.0000000000
27.1266174316 26.1133422852 23.7399902344 21.9166564941 18.6566467285 21.8400268555 19.8100280762 19.8766479492 25.5600280762 27.0666503906 26.2700195312 23.8799743652 26.3733520508 27.0900268555 26.6766357422 23.1832885742 18.6766967773 23.6699829102 24.5599975586 25.1500244141 24.6566467285 25.8600463867 9999.0000000000 9999.0000000000 9999.0000000000 9999.0000000000 9999.0000000000 9999.0000000000 9999.0000000000 9999.0000000000 9999.0000000000 9999.0000000000 9999.0000000000 9999.0000000000 9999.0000000000 9999.0000000000 9999.0000000000 9999.0000000000 9999.0000000000 9999.0000000000 9999.0000000000 9999.0000000000 9999.0000000000 9999.0000000000 9999.0000000000 9999.0000000000 9999.0000000000 9999.0000000000
26.5399780273 23.8900451660 21.3600158691 19.8366699219 20.2066345215 20.5366821289 19.0066833496 21.7833251953 26.2633361816 25.7566528320 25.3767089844 24.8566284180 24.8800048828 25.9766235352 27.3733215332 25.9700012207 25.6633911133 26.3466796875 26.8533935547 9999.0000000000 9999.0000000000 9999.0000000000 9999.0000000000 9999.0000000000 9999.0000000000 9999.0000000000 9999.0000000000 9999.0000000000 9999.0000000000 9999.0000000000 9999.0000000000 9999.0000000000 9999.0000000000 9999.0000000000 23.8099975586 23.8966369629 22.9933166504 9999.0000000000 9999.0000000000 9999.0000000000 9999.0000000000 9999.0000000000 9999.0000000000 9999.0000000000 9999.0000000000 9999.0000000000 9999.0000000000 9999.0000000000
24.5866088867 22.7999267578 21.1567077637 18.8500366211 19.0000610352 19.3866577148 16.7100219727 22.0965881348 25.5599975586 25.3433837891 24.2599792480 24.0599975586 24.5666503906 23.6666564941 25.5666809082 9999.0000000000 9999.0000000000 9999.0000000000 9999.0000000000 9999.0000000000 9999.0000000000 9999.0000000000 9999.0000000000 9999.0000000000 9999.0000000000 9999.0000000000 9999.0000000000 9999.0000000000 9999.0000000000 25.0979614258 9999.0000000000 9999.0000000000 25.2133178711 9999.0000000000 23.8900146484 23.6900329590 23.6833496094 9999.0000000000 9999.0000000000 9999.0000000000 9999.0000000000 9999.0000000000 9999.0000000000 9999.0000000000 9999.0000000000 9999.0000000000 9999.0000000000 9999.0000000000
21.2232971191 19.6566467285 19.6466979980 17.8399658203 16.1466674805 18.0466918945 15.9200439453 20.3532714844 23.7467041016 25.1299743652 25.5299987793 24.7532958984 24.8666381836 24.5599975586 26.6566772461 9999.0000000000 9999.0000000000 9999.0000000000 9999.0000000000 9999.0000000000 9999.0000000000 9999.0000000000 9999.0000000000 9999.0000000000 9999.0000000000 9999.0000000000 9999.0000000000 9999.0000000000 25.1366882324 24.1300048828 24.5233459473 9999.0000000000 9999.0000000000 9999.0000000000 9999.0000000000 9999.0000000000 9999.0000000000 9999.0000000000 9999.0000000000 9999.0000000000 9999.0000000000 9999.0000000000 9999.0000000000 9999.0000000000 9999.0000000000 9999.0000000000 9999.0000000000 9999.0000000000
22.2600097656 19.1966247559 16.3366394043 17.9533081055 19.1433105469 19.0400390625 14.7299804688 17.7666320801 23.3999938965 25.6800231934 24.7700195312 25.5899963379 24.9933166504 23.6966857910 25.8199768066 27.7300415039 9999.0000000000 9999.0000000000 9999.0000000000 9999.0000000000 9999.0000000000 9999.0000000000 26.4733276367 25.2566833496 24.7566833496 25.2500000000 24.5300292969 21.7233276367 24.0233459473 24.1033325195 25.8033142090 9999.0000000000 9999.0000000000 9999.0000000000 9999.0000000000 9999.0000000000 9999.0000000000 9999.0000000000 9999.0000000000 9999.0000000000 9999.0000000000 9999.0000000000 9999.0000000000 9999.0000000000 9999.0000000000 9999.0000000000 9999.0000000000 9999.0000000000
22.1466369629 19.6333618164 17.4766540527 14.5366821289 15.8399963379 16.7233581543 13.6399841309 15.6199951172 23.6700134277 25.1100463867 24.4800109863 24.8833923340 23.9966430664 23.4266662598 25.0699768066 25.9133911133 27.7232971191 9999.0000000000 26.9899902344 25.2867126465 25.4766845703 24.8666992188 19.9666442871 19.4466552734 20.1400146484 20.9333496094 23.1233825684 21.8033142090 23.6033325195 24.4966430664 26.1766662598 9999.0000000000 9999.0000000000 9999.0000000000 9999.0000000000 9999.0000000000 9999.0000000000 9999.0000000000 9999.0000000000 9999.0000000000 9999.0000000000 9999.0000000000 9999.0000000000 9999.0000000000 9999.0000000000 9999.0000000000 9999.0000000000 9999.0000000000
22.3600158691 21.9400024414 21.0433349609 17.7033081055 18.7366638184 20.1366882324 18.4365844727 14.9899597168 23.9467163086 24.7099914551 24.8166198730 24.7099914551 23.6199951172 21.0632934570 21.4199829102 23.3466491699 24.4833068848 24.6899719238 23.4800109863 23.5633239746 22.2599792480 22.9533081055 19.3399963379 20.4433288574 21.2266845703 21.8099975586 23.0066528320 23.5933532715 24.5733032227 24.8799743652 26.0766601562 9999.0000000000 9999.0000000000 9999.0000000000 9999.0000000000 9999.0000000000 9999.0000000000 9999.0000000000 9999.0000000000 9999.0000000000 9999.0000000000 9999.0000000000 9999.0000000000 9999.0000000000 9999.0000000000 9999.0000000000 9999.0000000000 9999.0000000000
22.1799926758 20.4666748047 19.4633178711 20.1766967773 18.6333923340 17.5400390625 16.4167175293 15.9833679199 25.0366821289 25.4033508301 24.8433532715 23.8133239746 21.0599975586 19.1100463867 18.8599853516 19.9933471680 20.9266662598 20.1433105469 19.5566711426 20.7599792480 20.6533508301 21.7333374023 22.2299804688 22.0199584961 21.5233154297 22.1933288574 22.8866577148 23.0733032227 24.6799926758 25.5666503906 9999.0000000000 9999.0000000000 9999.0000000000 9999.0000000000 9999.0000000000 9999.0000000000 9999.0000000000 9999.0000000000 9999.0000000000 9999.0000000000 9999.0000000000 9999.0000000000 9999.0000000000 9999.0000000000 9999.0000000000 9999.0000000000 9999.0000000000 9999.0000000000
22.4033508301 20.6000061035 17.9899902344 18.9966125488 15.4100036621 15.8299865723 15.3066406250 20.2733764648 25.3233337402 21.4900207520 18.5633850098 17.2099609375 19.0099792480 18.8499755859 18.7967224121 20.0566711426 20.2767028809 21.2999877930 21.8099975586 21.8400268555 21.8366699219 22.8266601562 23.8200073242 23.5067138672 22.9967041016 23.4833068848 23.7633056641 23.6700439453 25.1500244141 26.2600097656 9999.0000000000 9999.0000000000 9999.0000000000 9999.0000000000 9999.0000000000 9999.0000000000 9999.0000000000 9999.0000000000 9999.0000000000 9999.0000000000 9999.0000000000 9999.0000000000 9999.0000000000 9999.0000000000 9999.0000000000 9999.0000000000 9999.0000000000 9999.0000000000
20.4232788086 20.0133056641 19.5166931152 16.9300537109 15.9199829102 17.4466247559 18.9399719238 22.1966857910 20.1566467285 20.3067016602 21.7566528320 21.3200378418 22.0032958984 21.1133422852 21.0333251953 20.8900146484 21.6065979004 22.1499938965 22.6833190918 22.7033081055 22.6232604980 23.0266418457 24.0033264160 24.6900024414 24.9800415039 25.2700195312 24.6632995605 24.4566650391 25.9400329590 9999.0000000000 9999.0000000000 9999.0000000000 9999.0000000000 9999.0000000000 9999.0000000000 9999.0000000000 9999.0000000000 9999.0000000000 9999.0000000000 9999.0000000000 9999.0000000000 9999.0000000000 9999.0000000000 9999.0000000000 9999.0000000000 9999.0000000000 9999.0000000000 9999.0000000000
18.8367004395 18.8966674805 18.9633483887 19.5566711426 14.9333496094 19.2699890137 18.3433532715 16.3000183105 20.1499633789 21.3100280762 22.9599609375 23.7299499512 23.5200195312 23.1166687012 22.9400024414 22.2466430664 22.1733703613 23.1933593750 23.4166870117 23.6433105469 23.6766967773 23.8033142090 23.4833374023 23.2766723633 24.1600341797 24.7466735840 25.5533447266 25.8366088867 26.6233825684 9999.0000000000 9999.0000000000 9999.0000000000 9999.0000000000 9999.0000000000 9999.0000000000 9999.0000000000 9999.0000000000 9999.0000000000 9999.0000000000 9999.0000000000 9999.0000000000 9999.0000000000 9999.0000000000 9999.0000000000 9999.0000000000 9999.0000000000 9999.0000000000 9999.0000000000
17.5999755859 17.6067199707 17.7300109863 18.4800109863 18.3200073242 19.4733276367 13.8466796875 16.9166564941 18.8700256348 20.0100402832 22.3699951172 24.0366821289 24.5333251953 24.4133300781 24.0400085449 24.0533142090 23.4599914551 23.6466369629 24.2666625977 24.4933166504 24.6166992188 24.5499877930 24.2733154297 24.5633850098 24.1500549316 24.8399658203 25.5266723633 26.7166442871 9999.0000000000 9999.0000000000 9999.0000000000 9999.0000000000 9999.0000000000 9999.0000000000 9999.0000000000 9999.0000000000 9999.0000000000 9999.0000000000 9999.0000000000 9999.0000000000 9999.0000000000 9999.0000000000 9999.0000000000 9999.0000000000 9999.0000000000 9999.0000000000 9999.0000000000 9999.0000000000
19.5600280762 18.2300415039 19.1265869141 19.9933776855 19.5199584961 17.7533874512 14.4432983398 14.2999877930 16.6599731445 19.3266601562 21.9766540527 23.6533203125 25.7466430664 25.0366516113 24.9399719238 24.4499816895 24.3600463867 24.5466613770 25.3299865723 25.3433532715 25.3633728027 25.4966735840 25.5333557129 25.5433654785 25.3399963379 25.8333435059 26.5199890137 27.6133117676 9999.0000000000 9999.0000000000 9999.0000000000 9999.0000000000 9999.0000000000 9999.0000000000 9999.0000000000 9999.0000000000 9999.0000000000 9999.0000000000 9999.0000000000 9999.0000000000 9999.0000000000 9999.0000000000 9999.0000000000 9999.0000000000 9999.0000000000 9999.0000000000 9999.0000000000 9999.0000000000
22.5867004395 20.4800415039 21.5300292969 19.4700317383 20.6166687012 16.1499938965 13.0367126465 11.9899902344 16.5600280762 21.2200012207 23.4800109863 25.1733398438 27.1632995605 26.7466430664 26.5366516113 25.1400146484 25.8566589355 25.0599975586 25.5533142090 25.4400024414 25.6300048828 25.8432922363 26.0666809082 26.1833190918 26.2133483887 26.4133300781 27.0100097656 9999.0000000000 9999.0000000000 9999.0000000000 9999.0000000000 9999.0000000000 9999.0000000000 9999.0000000000 9999.0000000000 9999.0000000000 9999.0000000000 9999.0000000000 9999.0000000000 9999.0000000000 9999.0000000000 9999.0000000000 9999.0000000000 9999.0000000000 9999.0000000000 9999.0000000000 9999.0000000000 9999.0000000000
22.1199645996 19.6233520508 17.6466979980 19.5766601562 18.5032958984 18.0399780273 18.9266662598 20.5933227539 20.1500244141 21.8099975586 25.9966735840 24.9966430664 27.9766235352 28.4700012207 28.2433471680 27.2633666992 26.7666931152 26.7666320801 25.6533508301 25.8399963379 26.4300231934 26.5266723633 26.3233337402 26.2366638184 26.3566284180 26.6899719238 27.8999938965 9999.0000000000 9999.0000000000 9999.0000000000 9999.0000000000 9999.0000000000 9999.0000000000 9999.0000000000 9999.0000000000 9999.0000000000 9999.0000000000 9999.0000000000 9999.0000000000 9999.0000000000 9999.0000000000 9999.0000000000 9999.0000000000 9999.0000000000 9999.0000000000 9999.0000000000 9999.0000000000 9999.0000000000
