model_inputs/inputs/tas2.asc
ncols 720
nrows 360
xllcorner -180
yllcorner -90
cellsize 0.500000
NODATA_value 9999.000000
[rows 63 to 83 of 360, columns 192 to 239 of 720]
9999.0000000000 9999.0000000000 9999.0000000000 9999.0000000000 9999.0000000000 9999.0000000000 9999.0000000000 9999.0000000000 9999.0000000000 9999.0000000000 9999.0000000000 -24.0566711426 -24.0866851807 -24.8999633789 -24.9300231934 -24.8400115967 -24.8833465576 -24.6966400146 -24.6166839600 -24.5333709717 -24.4633331299 -24.2833404541 -24.0133361816 -24.0366821289 -23.8599395752 -23.7833404541 -23.8133544922 -23.6333465576 -23.4633178711 -23.4800109863 -23.2999725342 -23.0600280762 -22.8300018311 -22.6966552734 -22.6566772461 -22.6233520508 -22.5999755859 -22.9699707031 -23.3266906738 -23.1933288574 -22.4600067139 -21.4400024414 -20.4100189209 -19.6666717529 9999.0000000000 9999.0000000000 9999.0000000000 9999.0000000000
9999.0000000000 9999.0000000000 9999.0000000000 9999.0000000000 9999.0000000000 9999.0000000000 9999.0000000000 9999.0000000000 9999.0000000000 9999.0000000000 9999.0000000000 9999.0000000000 9999.0000000000 -23.6633148193 -24.5966949463 -24.5966796875 -24.4366760254 -24.5566711426 -24.4866638184 -24.3000030518 -24.3300018311 -24.2466430664 -24.0700378418 -23.9833221436 -24.0199737549 -23.9399871826 -23.8666229248 -23.5900421143 -23.4166717529 -23.3399810791 -23.2733459473 -23.2300262451 -23.0267028809 -22.9133605957 -22.7633056641 -22.6366577148 -22.5933074951 -22.7666931152 -22.9332885742 -22.9033355713 -22.4733276367 -21.8300018311 -20.9133300781 -20.2733612061 -19.2100067139 9999.0000000000 9999.0000000000 9999.0000000000
9999.0000000000 9999.0000000000 9999.0000000000 9999.0000000000 9999.0000000000 9999.0000000000 9999.0000000000 9999.0000000000 9999.0000000000 9999.0000000000 9999.0000000000 9999.0000000000 9999.0000000000 9999.0000000000 -23.3433227539 -24.2666778564 -24.1966705322 -24.3099975586 -24.1367034912 -24.0666503906 -24.0766601562 -24.0199890137 -23.9366912842 -23.8566741943 -23.8899841309 -23.7999877930 -23.8266448975 -23.4733428955 -23.2999877930 -23.3366394043 -23.3799743652 -23.1433105469 -22.9566345215 -22.7500000000 -22.5766601562 -22.4400024414 -22.5133209229 -22.4733428955 -22.6366882324 -22.5066680908 -22.2766876221 -21.8466796875 -21.0066680908 -20.0766906738 -19.1333618164 -18.6533203125 9999.0000000000 9999.0000000000
9999.0000000000 9999.0000000000 9999.0000000000 9999.0000000000 9999.0000000000 9999.0000000000 9999.0000000000 9999.0000000000 -23.3399810791 -23.1833038330 9999.0000000000 9999.0000000000 9999.0000000000 9999.0000000000 -22.8966369629 -23.9200286865 -23.9399719238 -23.9700775146 -24.0000305176 -23.8166809082 -23.8433532715 -23.6666564941 -23.5933532715 -23.5200195312 -23.4566650391 -23.4966735840 -23.5299835205 -23.4599914551 -23.3899841309 -23.0300140381 -23.0766754150 -22.9399871826 -22.8966522217 -22.6799621582 -22.6700134277 -22.3566741943 -22.5199890137 -22.3766479492 -22.1499786377 -22.1166381836 -21.9766693115 -21.2533416748 -21.0166931152 -20.2799530029 -19.3400268555 -18.0799713135 9999.0000000000 9999.0000000000
9999.0000000000 9999.0000000000 9999.0000000000 9999.0000000000 9999.0000000000 9999.0000000000 9999.0000000000 9999.0000000000 -23.1900177002 -23.2299499512 -22.8766479492 9999.0000000000 9999.0000000000 9999.0000000000 -22.6566772461 -23.2933502197 -23.5166320801 -23.6366424561 -23.5600128174 -23.4866485596 -23.4166564941 -23.4499816895 -23.3866271973 -23.3199462891 -23.1500244141 -23.1833496094 -23.3133239746 -23.3500061035 -23.2766723633 -22.9400024414 -22.5900268555 -22.8500061035 -23.0033111572 -22.9233551025 -22.7066497803 -22.3966674805 -22.2933807373 -22.0766906738 -21.9533233643 -21.7233581543 -21.5900268555 -21.1499938965 -20.6166839600 -19.9899902344 -18.7666625977 -18.1033477783 -17.3266448975 9999.0000000000
9999.0000000000 9999.0000000000 9999.0000000000 9999.0000000000 9999.0000000000 9999.0000000000 9999.0000000000 9999.0000000000 -22.4466705322 -22.4833374023 9999.0000000000 9999.0000000000 9999.0000000000 -22.5933532715 -23.2166748047 -23.2467193604 -23.1866912842 -23.2066802979 -22.9466705322 -23.1833496094 -23.1133117676 -23.0433502197 -23.0700073242 -23.0133209229 -23.1400146484 -23.0599975586 -23.0966644287 -23.0466918945 -23.4933471680 -23.4466400146 -22.9033050537 -22.8633880615 -23.0133514404 -22.8733520508 -22.5499877930 -22.4399719238 -22.2199707031 -21.9233398438 -21.8067169189 -21.6166534424 -21.5999603271 -21.2666625977 -20.7333221436 -20.1833648682 -19.3566589355 -18.5133056641 -17.6466674805 -17.1933288574
-21.6933746338 -21.7133636475 -22.2466583252 -22.2566986084 9999.0000000000 9999.0000000000 9999.0000000000 9999.0000000000 9999.0000000000 9999.0000000000 9999.0000000000 -22.1900329590 -22.5266265869 -22.7633209229 -22.8832855225 -22.8333282471 -22.8733062744 -22.8999938965 -23.0366821289 -22.9633941650 -23.0000000000 -23.0434112549 -22.9666748047 -22.9900054932 -22.9200134277 -22.9633178711 -22.9966888428 -23.0366516113 -23.1966705322 -23.0433044434 -22.9033508301 -22.5632934570 -22.8200378418 -22.5733184814 -22.4966735840 -22.4933013916 -22.0666656494 -21.7599945068 -21.7466430664 -21.5399932861 -21.3266754150 -21.2766723633 -20.6433563232 -20.0066680908 -19.1766815186 -18.3500061035 -17.5800018311 -16.8133239746
-21.3433532715 -21.3766632080 -21.3833312988 -21.3100433350 9999.0000000000 9999.0000000000 9999.0000000000 9999.0000000000 -21.6566314697 -21.6899871826 -21.8199768066 -21.9600067139 -22.1999816895 -22.2099914551 -22.2500152588 -22.2866821289 -22.5133056641 -22.3433532715 -22.4866485596 -22.6199645996 -22.7566528320 -22.7799987793 -22.7199859619 -22.7500305176 -22.9033203125 -22.4199981689 -22.9666595459 -22.7166595459 -22.4800262451 -22.3400268555 -22.1933593750 -22.1533508301 -22.1233520508 -22.4833221436 -22.3366394043 -22.3166809082 -22.1100006104 -21.8099975586 -21.5900115967 -21.4766540527 -20.9633636475 -20.7500000000 -20.1599884033 -19.6266784668 -19.0966796875 -18.1633148193 -17.7032928467 -17.2433319092
-20.7066955566 -20.8233489990 -20.7499694824 -21.0700073242 9999.0000000000 9999.0000000000 9999.0000000000 9999.0000000000 9999.0000000000 -21.1532897949 -21.1833343506 -21.4299774170 -21.5733337402 -21.5733184814 -21.7066955566 -21.7366638184 -22.0699768066 -21.9066619873 -22.0333404541 -22.1533660889 -22.2933807373 -22.3166503906 -22.2633514404 -22.2900085449 -22.5266571045 -21.9600219727 -22.5133361816 -22.3766326904 -22.0366516113 -21.8866729736 -21.6533203125 -21.8200225830 -21.7600097656 -21.8300018311 -21.9600067139 -21.7799987793 -21.7899780273 -21.4966583252 -21.4233398438 -21.1266784668 -20.6266784668 -20.3066864014 -19.8899841309 -19.2899932861 -18.7966613770 -18.0800018311 -17.6466674805 -17.3766784668
-20.3533172607 -20.4800262451 -20.3000030518 -20.2333068848 9999.0000000000 9999.0000000000 9999.0000000000 9999.0000000000 9999.0000000000 -20.6200103760 -20.6500549316 -20.8033294678 -20.9466552734 -21.0499725342 -21.0633392334 -21.0833282471 -21.1366577148 -21.1566772461 -21.2966613770 -21.5099792480 -21.5500335693 -21.6800079346 -21.8066711426 -22.0333251953 -22.3733367920 -22.3133239746 -22.1699829102 -21.9166564941 -21.3700103760 -21.1466674805 -21.0066986084 -22.0666809082 -21.2233276367 -21.3700256348 -21.3900146484 -21.3132781982 -21.1300048828 -20.7466583252 -20.5500183105 -20.2700195312 -20.1833496094 -20.0066833496 -19.9233551025 -19.5366668701 -18.8166656494 -17.7200164795 -17.1666717529 -16.4033508301
-19.8033447266 -19.8333892822 -19.7566375732 -19.5899963379 -19.9132843018 -19.7266387939 9999.0000000000 9999.0000000000 -20.1366577148 -20.1733551025 -20.1233215332 -20.2900238037 -20.4300079346 -20.4299774170 -20.5399627686 -20.4566955566 -20.5767059326 -20.6066589355 -20.8400115967 -20.9800262451 -21.0000000000 -21.0366973877 -21.2699890137 -21.5966644287 -21.8433380127 -21.9899902344 -21.7366638184 -21.2866821289 -20.9499816895 -20.8966674805 -20.5533447266 -21.4066467285 -20.7566680908 -20.9033355713 -20.8233489990 -20.7433166504 -20.7566833496 -20.5800323486 -20.2966766357 -19.8933410645 -19.5299682617 -19.1400299072 -19.0599822998 -18.4699859619 -17.9866790771 -17.3033294678 -16.7199707031 -16.0266723633
-19.1633148193 -19.2900085449 -19.2199401855 -19.1433105469 -19.2733001709 -19.4066772461 -19.5233459473 9999.0000000000 9999.0000000000 9999.0000000000 -19.3866577148 -19.5600128174 -19.6999969482 -19.8033447266 -19.8966979980 -20.2099914551 -20.2400360107 -20.2767181396 -20.7933349609 -20.9200286865 -21.1666564941 -21.1933441162 -21.3300018311 -21.4700164795 -22.1066589355 -21.6600036621 -21.2200164795 -20.6666717529 -20.4133300781 -19.9599761963 -19.8166961670 -19.6766662598 -19.9099884033 -19.9466857910 -19.9800109863 -19.8799896240 -19.9800262451 -19.7999572754 -19.6199951172 -19.5333404541 -19.6466979980 -19.1599731445 -18.5766448975 -17.9866485596 -17.5133361816 -17.1300048828 -16.9399414062 -16.2700195312
-18.5366210938 -18.6500396729 -18.5800018311 -18.5000152588 -18.5200500488 -18.5466766357 9999.0000000000 9999.0000000000 9999.0000000000 9999.0000000000 -19.2766723633 -18.9366607666 -19.1699829102 -19.2799682617 -19.5833435059 -19.5766754150 -19.5833129883 -19.6266937256 -20.3600006104 -20.4966430664 -20.5266571045 -20.6433258057 -20.6866607666 -21.3333435059 -21.5900115967 -21.1233215332 -21.1766815186 -19.7400054932 -19.6799621582 -19.1433258057 -18.9999847412 -18.7433319092 -18.7866363525 -19.1033325195 -19.0866394043 -19.5532989502 -19.6266632080 -19.7299957275 -19.3399810791 -18.8566131592 -18.7700042725 -18.6866607666 -18.2933197021 -17.5166473389 -17.0333251953 -16.6399841309 -16.1633605957 -15.9133300781
-18.0032806396 -17.9233551025 -18.0399780273 -17.9599609375 -18.0766601562 -18.2133178711 -18.2499694824 9999.0000000000 -18.3299713135 -18.4966583252 -18.2566833496 -18.5166320801 -18.5466308594 -18.6566772461 -18.9566802979 -18.9633483887 -18.7566986084 -18.8900451660 -19.1199951172 -19.2333221436 -19.6733398438 -19.7133331299 -19.5599975586 -19.8000030518 -19.9566650391 -19.8099670410 -19.7532958984 -19.2966918945 -18.9499969482 -18.4199829102 -17.8799896240 -17.7133331299 -18.1333618164 -18.4133148193 -18.2632904053 -18.3799896240 -18.4233398438 -18.0099945068 -18.7600097656 -18.4800262451 -17.9966888428 -18.4133605957 -17.5133056641 -17.2300109863 -15.9433288574 -15.9566650391 -15.5933227539 -14.9366760254
-17.4133300781 -17.4233093262 -17.4366912842 -17.4533538818 -17.5800018311 -17.6900024414 -17.7166595459 -17.6700286865 -17.5266571045 -17.5733032227 -17.5433654785 -17.7999877930 -17.9199981689 -18.0266571045 -18.1300201416 -17.9300231934 -18.1300201416 -18.2366790771 -18.3633117676 -18.4033508301 -18.6300354004 -18.6766357422 -18.8199768066 -19.1733245850 -19.3233642578 -19.1733398438 -19.2266387939 -19.0800476074 -18.5500030518 -17.8166503906 -17.1600036621 -17.0799865723 -17.1633148193 -17.7799835205 -17.3400115967 -17.5099945068 -17.1599578857 -16.7233581543 -17.2833557129 -17.4466705322 -17.1133422852 -17.1200256348 -16.4432983398 -16.2566833496 -14.8766479492 -14.6932983398 -14.6333312988 -14.1666870117
-16.8666687012 -16.8966979980 -16.7033386230 -16.8333435059 -16.9466857910 -17.1766510010 -17.2733154297 -17.2766418457 -17.0966796875 -17.1533050537 -17.1099853516 -17.1766662598 -17.3033142090 -17.6066741943 -17.5100097656 -17.3033294678 -17.4099731445 -17.4100341797 -17.6299896240 -17.7499847412 -17.8933258057 -18.1366577148 -18.2933197021 -18.5500030518 -18.8100128174 -18.4533538818 -18.2066650391 -18.0699920654 -18.5366821289 -17.4866485596 -16.6200256348 -16.3999938965 -16.0866394043 -16.0566711426 -16.1133117676 -15.9300231934 -15.7767028809 -15.5466613770 -15.0133361816 -14.6633300781 -14.7266845703 -14.4900207520 -14.1533203125 -13.8733215332 -13.3833618164 -13.0233459473 -12.7566528320 -12.8000183105
-16.2566833496 -16.3666687012 -16.1766662598 -16.2133483887 -16.4333190918 -16.6532897949 -16.6433410645 -16.7333068848 -16.8100280762 -16.7499389648 -16.7999267578 -16.8500061035 -16.9833068848 -16.9766845703 -16.8800354004 -16.6867065430 -16.6833496094 -16.5833435059 -16.7900390625 -17.0166320801 -17.3733520508 -17.6166381836 -17.7700042725 -18.0199890137 -18.1833343506 -17.8500061035 -17.6033172607 -17.5633544922 -17.2266998291 -16.5633544922 -15.9466857910 -15.5266418457 -15.3066711426 -15.3299865723 -14.0833129883 -13.3499755859 -12.5966796875 -12.1666870117 -11.9333496094 -11.8766479492 -11.8466491699 -11.8999633789 -11.8600158691 -12.0199890137 -11.9999694824 -11.6466674805 -11.1966552734 -11.1300354004
-15.9333496094 -15.9432983398 -15.9699707031 -15.9933166504 -16.4266662598 -16.5166931152 -16.5999755859 -16.7833557129 -16.2766418457 -16.2700195312 -16.5000000000 -16.4566345215 -16.3633117676 -16.2633361816 -16.3699951172 -16.1599426270 -16.0599975586 -16.1533508301 -16.1633605957 -16.5900268555 -16.2500000000 -16.4067077637 -16.5633544922 -16.6133117676 -17.1800079346 -16.8332824707 -16.5866394043 -16.5599975586 -16.2999877930 -15.6799926758 -14.8766479492 -14.1333007812 -14.2600402832 -13.0966491699 -13.0799865723 9999.0000000000 9999.0000000000 9999.0000000000 9999.0000000000 -12.2533569336 -10.8233947754 -10.8766479492 -11.8433532715 9999.0000000000 9999.0000000000 9999.0000000000 9999.0000000000 9999.0000000000
-15.3433227539 -15.3666687012 -15.2066955566 -15.2999877930 -15.3733215332 -15.4633483887 -15.7600097656 -16.0433654785 -15.6333312988 -15.7167053223 -15.8999938965 -16.1499938965 -15.7666931152 -15.6600036621 -15.7467041016 -15.5500183105 -15.5833435059 -15.4833374023 -15.6799926758 -15.8766479492 -15.4367065430 -15.8000183105 -15.9466247559 -16.0099487305 -16.5666809082 -16.7266540527 -16.2866210938 -15.9333190918 -15.4333496094 -14.6100158691 -12.9699707031 -12.2733154297 -12.2333374023 -13.0099487305 -12.7400207520 -13.1399536133 -10.9500122070 -10.7799987793 -12.0766601562 -11.3299865723 -11.0866394043 -10.1300048828 -10.2633666992 -10.0067138672 -10.0933532715 9999.0000000000 9999.0000000000 9999.0000000000
-14.4333190918 -14.3733215332 -14.4033508301 -14.4766540527 -14.4900207520 -14.4833374023 -14.7633361816 -15.0466918945 -15.1499633789 -15.2433471680 -15.5333251953 -15.4166564941 -15.2266235352 -15.2666625977 -15.4200134277 -15.4333496094 -15.5099792480 -15.5000000000 -15.5033264160 -15.6166381836 -15.8266601562 -15.9799499512 -15.2399902344 -14.7100219727 -15.2533264160 -15.5066528320 -14.8733215332 -15.0733337402 -14.0533447266 -12.1266784668 -12.8066711426 -12.5899963379 -11.3600463867 -12.2266540527 -12.2233276367 -12.2166748047 -12.2533569336 -11.7699890137 -10.9966735840 -9.8833312988 9999.0000000000 9999.0000000000 9999.0000000000 9999.0000000000 9999.0000000000 9999.0000000000 9999.0000000000 9999.0000000000
-13.4766845703 -13.4667053223 -13.6799621582 -13.7466430664 -13.6600036621 -13.6900024414 -13.9866943359 -14.2533264160 -14.3500366211 -14.1433105469 -13.9466247559 -14.2333679199 -14.5900268555 -14.9666748047 -15.0333251953 -15.1000366211 -15.0800476074 -14.9700317383 -14.9733581543 -15.0866394043 -15.3166503906 -14.8433227539 -14.5033264160 -14.2599792480 -14.7300109863 -14.0866699219 -13.9133605957 -13.8066711426 -11.7933654785 -12.0699462891 -11.2499694824 -11.8566589355 -12.3200073242 -12.1200256348 -11.5133361816 -11.0033264160 -10.1466369629 -10.5733947754 -9.6066589355 -9.9066162109 9999.0000000000 9999.0000000000 9999.0000000000 9999.0000000000 9999.0000000000 9999.0000000000 9999.0000000000 9999.0000000000
