model_inputs/inputs/tas2.asc
ncols 720
nrows 360
xllcorner -180
yllcorner -90
cellsize 0.500000
NODATA_value 9999.000000
[rows 42 to 62 of 360, columns 624 to 671 of 720]
-43.5133666992 -42.7899627686 -42.5766448975 -42.7433319092 -41.9333343506 -42.3533172607 -42.9866638184 -43.0133361816 -42.5266418457 -42.5533142090 -43.9833221436 -44.7999877930 -45.0266418457 -43.3600158691 -43.5766601562 -44.4966735840 -43.2199859619 -41.7433166504 -41.2466430664 -40.7566223145 -39.7600097656 -38.7699890137 -38.1900329590 -37.7733459473 -37.1666259766 -36.6666717529 -36.0566864014 -35.5433197021 -35.0233001709 -34.5399780273 -34.1934051514 -33.9299621582 -33.6766662598 -33.6233062744 -33.5633087158 -33.5733184814 -33.5867004395 -33.6100006104 -33.7233428955 -33.7467193604 -33.7733459473 -33.8100280762 -33.7466583252 -33.7066802979 -33.6499938965 -33.5866699219 -33.4333190918 -33.2766265869
-42.1866455078 -42.5733337402 -42.8499908447 -42.9299926758 -42.9466705322 -42.3733520508 -42.5966796875 -43.6366577148 -44.2399902344 -44.2633056641 -43.9866943359 -43.4066162109 -45.2299957275 -47.9433135986 -42.4632873535 -44.6833190918 -44.7999877930 -43.4233245850 -42.2399597168 -42.0633239746 -39.0633239746 -38.3666992188 -37.9733123779 -37.5766448975 -37.0766448975 -36.5533294678 -36.0533142090 -35.4400024414 -34.9300231934 -34.4633483887 -34.2032775879 -34.5466461182 -34.3066711426 -33.7466735840 -33.5933380127 -33.5133666992 -33.5299835205 -33.5366821289 -33.5599975586 -33.5866546631 -33.6300201416 -33.5566253662 -33.5966796875 -33.5366210938 -33.3767089844 -33.3166656494 -33.1566772461 -33.0066986084
-42.5766601562 -42.2633056641 -42.3333435059 -42.1366882324 -41.9733734131 -41.9833221436 -42.6000213623 -42.1233520508 -41.7466888428 -42.1633453369 -43.0866699219 -45.6066741943 -46.1233673096 -47.2399902344 -45.0600128174 -41.3766479492 -42.5066528320 -41.2200164795 -40.5399780273 -41.6533203125 -40.2599945068 -39.0733489990 -38.3766632080 -37.5700073242 -36.9533233643 -36.4600219727 -35.9499969482 -35.4400482178 -34.9533233643 -34.4966430664 -34.4333190918 -35.8766479492 -35.3133697510 -34.6700134277 -34.5099792480 -33.8533325195 -33.5600128174 -33.5799865723 -33.4067077637 -33.4300079346 -33.4766387939 -33.5033569336 -33.3533325195 -33.2800292969 -33.1233215332 -32.9666442871 -32.7899780273 -32.6333160400
-41.6100006104 -41.9899902344 -42.1866760254 -42.9466552734 -43.0666656494 -43.3799591064 -41.6033172607 -41.1100158691 -41.8366699219 -42.0566711426 -41.7733612061 -42.3932952881 -44.8166503906 -46.1333618164 -45.9566650391 -45.7667236328 -43.4799804688 -41.0099792480 -40.7300262451 -41.7433166504 -41.6500244141 -39.8600158691 -41.9666595459 -40.9700317383 -39.6533050537 -37.5500183105 -36.3566589355 -35.6466674805 -34.8700256348 -34.4200134277 -34.3533630371 -35.0033569336 -35.3400268555 -34.4800109863 -34.2333526611 -33.7766876221 -33.4133605957 -33.3032836914 -33.3433380127 -33.2733154297 -33.3132781982 -33.2499694824 -33.1799774170 -33.2299499512 -33.4600067139 -32.9899597168 -32.6066894531 -32.8233795166
-41.6133422852 -41.6066894531 -42.2766723633 -42.7499847412 -42.2699584961 -43.3733367920 -44.4866485596 -43.8200378418 -43.5299835205 -42.6533355713 -42.8733215332 -42.7966766357 -44.4100189209 -45.2266998291 -45.9466552734 -46.6633148193 -46.9833374023 -43.5966491699 -41.9166870117 -41.0366516113 -40.8533477783 -39.8666687012 -40.9633331299 -42.9533691406 -43.9599761963 -44.2400512695 -40.7366485596 -38.1600036621 -36.3033447266 -34.7466735840 -34.0933380127 -33.6299743652 -33.4666748047 -33.3133087158 -33.3599853516 -33.0833435059 -33.1333465576 -33.1699981689 -33.1800079346 -33.2166748047 -33.1466369629 -33.4933319092 -33.4400177002 -33.5566711426 -33.5633392334 -33.3733520508 -32.4933166504 -32.8099670410
-41.7266845703 -41.3666687012 -42.3566741943 -43.4433441162 -43.1699676514 -44.0866851807 -44.0000000000 -42.9966735840 -43.8266754150 -42.6366882324 -43.7533264160 -45.0833587646 -46.3966827393 -46.1200256348 -47.2233428955 -47.3500061035 -46.6866760254 -46.1866760254 -46.0200347900 -44.9333343506 -43.1466827393 -41.0600128174 -39.2733306885 -40.0666809082 -40.8533325195 -41.4433441162 -42.3499908447 -41.8066711426 -40.9366607666 -39.3700103760 -37.0099792480 -35.7499847412 -34.1933441162 -33.6333465576 -33.2766571045 -33.1099853516 -32.8632965088 -32.9000244141 -33.0166625977 -33.1666412354 -33.7866821289 -34.2133178711 -33.2199859619 -34.8366699219 -34.9466552734 -34.4667205811 -33.7800445557 -33.3999938965
-42.4533386230 -42.1466827393 -42.8433532715 -43.4333648682 -42.8800354004 -43.4999694824 -43.8033752441 -44.0166473389 -43.4266662598 -43.2433624268 -43.2633514404 -43.4600067139 -44.7899780273 -46.1133117676 -46.7333221436 -46.1466674805 -46.7666473389 -47.0833129883 -46.4033508301 -45.2300109863 -45.0466766357 -43.1433410645 -42.2699737549 -41.9499816895 -41.2533416748 -39.6566314697 -39.2800140381 -38.8266601562 -39.0633239746 -39.9000244141 -39.9366607666 -38.7799987793 -37.4233398438 -36.4600372314 -34.6099853516 -33.4432983398 -32.6866607666 -32.7266540527 -32.7600097656 -33.5633087158 -34.5899963379 -34.4000091553 -34.3233184814 -34.2433471680 -34.9600067139 -33.9700317383 -34.2933349609 -32.3166656494
-42.8333435059 -42.0333251953 -43.3299713135 -43.6166992188 -43.7733306885 -43.3966674805 -43.1066589355 -42.5200195312 -43.1299896240 -43.5466613770 -43.9633331299 -43.9833374023 -43.9899749756 -44.2033691406 -44.1233520508 -43.8533325195 -45.4599914551 -46.4766540527 -46.2033386230 -46.2133636475 -45.8433380127 -44.0532989502 -41.7533264160 -44.7533721924 -43.5499725342 -41.5666351318 -42.9066162109 -43.3500366211 -42.1933441162 -36.0333404541 -38.4766540527 -40.8133392334 -39.8600463867 -38.6000061035 -37.0299987793 -33.1633453369 -32.4066619873 -32.3166809082 -32.4733123779 -33.2966918945 -34.1133575439 -34.0267181396 -34.3466644287 -34.1666717529 -33.8832855225 -33.3033447266 -31.7166290283 -31.6432952881
-43.8100128174 -44.4066467285 -44.5000152588 -44.8066406250 -44.8666534424 -44.1166534424 -44.2233123779 -42.5299987793 -42.9599914551 -43.5500183105 -43.4699707031 -43.7799987793 -43.5967102051 -43.3099670410 -43.2200164795 -42.9366912842 -43.6533508301 -43.7699890137 -43.9966888428 -44.6033172607 -44.3266601562 -44.4566650391 -43.8633575439 -43.5500335693 -42.6467132568 -41.0933227539 -41.9266510010 -41.5766754150 -42.3199920654 -40.3633422852 -38.1067047119 -36.6333770752 -37.1732940674 -37.2066955566 -36.1533050537 -35.3766937256 -33.5066680908 -32.3233337402 -32.3867187500 -32.8166503906 -33.4400329590 -33.2566680908 -33.8800048828 -33.2866516113 -32.4066314697 -32.3232879639 -32.0433502197 -31.3633728027
-42.8032836914 -44.8800354004 -44.6899871826 -44.7766723633 -44.2433471680 -44.4266967773 -42.8300170898 -42.4366607666 -42.1599884033 -41.9666900635 -42.0766448975 -43.2933349609 -43.1066131592 -43.2166137695 -43.6266784668 -43.5366668701 -43.2633361816 -42.4699859619 -42.5800170898 -42.6133422852 -42.8200378418 -42.7466888428 -43.7599945068 -44.2433319092 -42.6766815186 -40.5266265869 -39.4633483887 -39.8133697510 -39.4466552734 -39.0733489990 -40.0133056641 -38.5600280762 -36.9800262451 -35.1133117676 -34.0533447266 -34.3766632080 -34.7999725342 -34.1233215332 -32.8867034912 -33.2500457764 -33.8666229248 -34.3766479492 -33.5966949463 -33.3033447266 -31.5333557129 -31.4499969482 -31.4633331299 -31.9666595459
-38.9766540527 -39.1867065430 -40.1733551025 -40.4633636475 -41.4366607666 -41.7000274658 -40.6399993896 -40.4500122070 -40.3666381836 -40.7633209229 -40.4833374023 -41.4066772461 -43.0033874512 -43.7233428955 -44.3333282471 -44.3500213623 -43.3600006104 -42.9733734131 -42.4933319092 -42.4066772461 -41.9199981689 -43.3399505615 -43.2533416748 -42.9733581543 -43.5033416748 -41.3433227539 -38.6833190918 -37.5199432373 -38.0533447266 -38.2900085449 -38.7300109863 -37.9633483887 -36.6967010498 -35.9200134277 -35.2566223145 -34.1800231934 -33.9066925049 -33.4133300781 -34.1766967773 -33.8599853516 -33.5999755859 -34.1033020020 -32.7299957275 -32.8300323486 -31.5500030518 -32.7433471680 -32.6666870117 -30.7766876221
-36.9599761963 -37.1566467285 -37.3533325195 -37.4467010498 -37.4167022705 -37.3899993896 -37.2466888428 -37.3666534424 -37.3866577148 -37.4799957275 -39.3933410645 -39.9000091553 -40.6133575439 -41.4266662598 -43.5399780273 -43.6566772461 -43.5633544922 -41.8866882324 -41.7966766357 -40.8200225830 -41.5266723633 -41.6466522217 -41.0599670410 -40.3966522217 -40.2266693115 -40.6600036621 -39.0100097656 -37.7366485596 -37.4666442871 -35.8999938965 -35.7566680908 -34.7733459473 -36.7066955566 -34.7300262451 -33.5499877930 -32.9633331299 -32.6966857910 -33.6167144775 -34.9899902344 -34.2500305176 -33.9266662598 -33.2433319092 -33.8499908447 -32.5600128174 -31.6533508301 -32.3600158691 -32.6700286865 -30.7566528320
-36.5500183105 -36.7300109863 -36.9333343506 -36.9300079346 -36.8000030518 -36.6766662598 -36.5267028809 -36.2800140381 -35.9800109863 -36.1900177002 -36.9966583252 -39.1033020020 -40.5299987793 -40.2266845703 -41.9533081055 -42.8733367920 -42.7733306885 -43.7899932861 -42.9033203125 -41.1266937256 -41.2466583252 -41.0766754150 -40.0466766357 -40.0666656494 -38.4799804688 -38.2166595459 -38.9500122070 -36.9733581543 -34.9166870117 -33.8433227539 -33.8766632080 -33.2100219727 -32.6266937256 -33.6499938965 -33.2666625977 -31.8866577148 -30.9100036621 -30.3399963379 -31.8899993896 -32.2700042725 -31.7300415039 -32.3466796875 -31.5433197021 -31.2533111572 -31.4600067139 -31.4600067139 -31.6599731445 -31.3700256348
-35.9266662598 -36.1266784668 -36.3199920654 -36.4166564941 -36.3233032227 -36.0532989502 -35.8200073242 -35.5933380127 -35.3966369629 -35.9000091553 -37.2100219727 -37.7200012207 -37.6333312988 -38.5466613770 -40.2599792480 -39.8700256348 -41.1766662598 -41.4166870117 -43.2366790771 -41.8732910156 -40.3000335693 -41.0566711426 -41.0266571045 -39.7500000000 -38.0633392334 -38.2833099365 -37.0000305176 -35.2266387939 -34.6666564941 -33.4966735840 -31.9100341797 -31.3400268555 -31.4733734131 -32.0866699219 -33.3033142090 -30.9233093262 -29.4400482178 -29.4733123779 -31.4300079346 -31.2833404541 -31.6167144775 -32.5100402832 -30.9466705322 -30.1633300781 -30.7666168213 -30.7666320801 -31.0699768066 -30.2733306885
-35.2099914551 -35.4066772461 -35.5999908447 -35.7999877930 -35.7966766357 -35.6466674805 -35.3133697510 -35.2799987793 -35.6066589355 -36.3166656494 -37.6199645996 -38.9333343506 -39.0466918945 -37.6566619873 -38.1900024414 -38.8099975586 -38.8366546631 -38.2633514404 -40.0799713135 -38.1166687012 -38.8633422852 -39.4433593750 -39.6133117676 -37.9266967773 -37.6566925049 -37.0733032227 -35.1900024414 -33.8099975586 -34.1133422852 -32.3433227539 -30.7633514404 -31.3833465576 -30.4066619873 -29.3233489990 -29.1433258057 -29.5466308594 -31.2633819580 -29.9800109863 -30.5333709717 -29.9899902344 -30.5899963379 -30.3966674805 -30.7066650391 -29.0299835205 -29.4533538818 -30.0666656494 -29.9866790771 -29.6766204834
-34.4966583252 -34.7933654785 -35.0900421143 -35.2799987793 -35.1800079346 -35.0333709717 -34.4933624268 -34.7699890137 -34.6033325195 -35.9299926758 -37.2366790771 -36.8633270264 -36.2866668701 -36.2099914551 -36.3399810791 -37.0566558838 -36.4866485596 -34.7066802979 -37.0300140381 -35.7700195312 -33.9500427246 -34.2333374023 -33.9999389648 -33.8233489990 -34.4400024414 -34.3566589355 -33.0799713135 -30.5867156982 -31.2966766357 -31.2999877930 -31.0033569336 -30.0166320801 -30.1333465576 -28.1366577148 -28.1666564941 -27.5633697510 -28.2833251953 -27.5866851807 -28.3466644287 -29.0833435059 -28.9833679199 -28.7700347900 -29.0866851807 -29.0999908447 -29.2199859619 -28.7366638184 -29.4499816895 -27.6767120361
-33.7932891846 -34.0899810791 -34.3766632080 -34.3699798584 -34.3700256348 -33.8333282471 -32.9966430664 -33.1633758545 -33.5266876221 -34.3566436768 -35.0899505615 -34.0200195312 -35.7367095947 -35.3600311279 -35.4900207520 -34.4199676514 -33.1300201416 -31.8633270264 -31.5733489990 -33.1533355713 -30.9333038330 -29.5166931152 -30.0866546631 -29.5100097656 -30.6300201416 -28.6433410645 -28.2566833496 -27.4499816895 -28.1566467285 -28.3666534424 -27.4566802979 -27.5599975586 -26.7566833496 -26.4566650391 -26.1700134277 -27.2800140381 -27.0933380127 -26.4933471680 -27.1433258057 -27.5532989502 -28.6633453369 -28.3500213623 -27.8533477783 -28.5666656494 -27.6933593750 -26.8033752441 -26.2266845703 -23.4500427246
-32.8966827393 -33.1766662598 -33.4766693115 -33.0599975586 -33.1633148193 -32.9400329590 -32.7133331299 -32.2900238037 -32.4700164795 -32.6200561523 -33.1466217041 -31.9699707031 -33.3933258057 -31.8166503906 -31.4333190918 -30.2700042725 -29.4766693115 -29.4099884033 -29.2599945068 -28.3500061035 -27.4233093262 -26.3066558838 -26.5666656494 -26.9933013916 -27.5099945068 -26.1100006104 -24.9200134277 -25.6166534424 -24.8166351318 -23.9099884033 -23.3066558838 -22.4966278076 -23.2866363525 -22.3899993896 -22.9799804688 -23.7933044434 -22.4999847412 -22.7066955566 -23.8433074951 -23.4433441162 -25.1400299072 -24.7233276367 -24.5366516113 -24.8399658203 -23.2633361816 -22.2700195312 -22.8866424561 9999.0000000000
-31.6500244141 -31.8099822998 -31.9666595459 -32.4566802979 -32.6433258057 -32.1133117676 -31.6933441162 -30.9700164795 -31.3466644287 -32.8366241455 -32.8633117676 -30.1900177002 -30.2200012207 -29.4500274658 -30.2833251953 -28.8099975586 -28.2467041016 -27.3800201416 -26.4566345215 -25.4299926758 -23.9066619873 -21.9966735840 -21.5533447266 -22.9800109863 -23.0833587646 -23.4866333008 -23.7666625977 -22.2666473389 -21.6533203125 -21.7533416748 -21.2533416748 -20.3500061035 -20.4400024414 -19.5366821289 -18.3166503906 -18.1133270264 -17.2133636475 -17.5233612061 -17.8233337402 -18.9200286865 -20.8066406250 -21.1266326904 -21.1000061035 -20.6100311279 -20.1199951172 9999.0000000000 9999.0000000000 9999.0000000000
-30.6933288574 -31.0633392334 -32.1033325195 -32.3700103760 -32.4367065430 -31.5000457764 -30.2666625977 -30.3466796875 -29.9233551025 -30.3033142090 -29.9566802979 -29.7833557129 -28.5133514404 -27.6433410645 -27.7733459473 -27.7100067139 -26.0399627686 -25.2266693115 -24.5000000000 -23.0966796875 -23.0766601562 -19.6566619873 -20.2233886719 -20.6133422852 -20.8100128174 -21.1100158691 -21.9999542236 -21.6833343506 -19.9733734131 -21.5800018311 -18.9700012207 -20.3633270264 -19.9533386230 -19.0400085449 -18.1399993896 9999.0000000000 9999.0000000000 -16.6166687012 -18.3999938965 -17.2999725342 -17.9966583252 -19.4933471680 -20.4833068848 -19.1866302490 -19.3899841309 -19.6233215332 -20.7266540527 9999.0000000000
-30.6466674805 -30.7966461182 -31.6566467285 -31.3166809082 -30.3600158691 -30.3766632080 -30.0499877930 -29.5166778564 -28.8000030518 -29.3733367920 -28.1433105469 -27.3766479492 -26.8166656494 -26.3332977295 -26.5666961670 -25.1000061035 -25.2833251953 -22.7566680908 -23.0266571045 -20.3300018311 9999.0000000000 9999.0000000000 9999.0000000000 9999.0000000000 9999.0000000000 9999.0000000000 9999.0000000000 9999.0000000000 9999.0000000000 9999.0000000000 9999.0000000000 9999.0000000000 9999.0000000000 9999.0000000000 9999.0000000000 9999.0000000000 9999.0000000000 9999.0000000000 -17.9833679199 -19.0567016602 -18.4599761963 -18.8500061035 9999.0000000000 9999.0000000000 9999.0000000000 9999.0000000000 9999.0000000000 9999.0000000000
