model_inputs/inputs/tas2.asc
ncols 720
nrows 360
xllcorner -180
yllcorner -90
cellsize 0.500000
NODATA_value 9999.000000
[rows 63 to 83 of 360, columns 432 to 479 of 720]
-8.2666320801 -8.6100463867 -8.8499755859 -8.6566467285 -8.7633666992 -8.9899902344 -9.2966613770 -9.4266662598 -9.1933288574 -9.2467041016 -9.3866882324 -9.6399841309 -9.6233520508 -9.8133544922 -9.8133239746 -9.9166870117 -9.8100280762 -10.0133056641 -10.1133117676 -10.2933349609 -10.2866516113 -10.3799743652 -10.4866638184 -10.6932983398 -10.5999755859 -10.6867065430 -10.6800231934 -10.7799682617 -11.1099548340 -11.2199707031 -11.4366455078 -11.5400085449 -11.6599731445 -11.7666625977 -12.0566711426 -12.1600036621 -11.8433532715 -11.8500061035 -11.8333435059 -11.8233337402 -11.6600036621 -12.0099792480 -12.3600158691 -12.7033386230 -13.0500183105 -13.1833190918 -13.1299743652 -12.8032836914
-8.2266845703 -8.3733215332 -8.4100036621 -8.4233398438 -8.5433044434 -8.7566833496 -8.8033447266 -8.9533081055 -8.8233337402 -8.8800048828 -8.9633178711 -9.0433044434 -9.2266845703 -9.2100219727 -9.3033142090 -9.4766845703 -9.3933410645 -9.5833435059 -9.6666870117 -9.8733520508 -9.9566955566 -10.1433410645 -10.1466064453 -10.2466430664 -10.3599853516 -10.3499755859 -10.5466308594 -10.5500183105 -10.8566589355 -10.9799804688 -11.2933349609 -11.4066467285 -11.6199645996 -11.7266540527 -11.8366699219 -11.9233093262 -11.9200134277 -11.7199707031 -11.7133483887 -11.8033142090 -11.8266601562 -12.0000000000 -12.5466613770 -12.7400207520 -12.8799438477 -12.8099975586 -13.1366577148 -12.7766723633
-7.8933105469 -7.9433593750 -7.8833007812 -8.0066528320 -8.2133483887 -8.8099975586 -8.6400146484 -8.5800170898 -8.5566711426 -8.6466674805 -8.8433227539 -8.9400024414 -9.0199584961 -9.1166687012 -9.0100097656 -9.1932983398 -9.2800292969 -9.2633056641 -9.4533386230 -9.6299743652 -9.7300109863 -9.9200134277 -10.0000000000 -10.0966491699 -10.2966918945 -10.3033447266 -10.4966735840 -10.5200195312 -10.5299987793 -10.7467041016 -10.8533325195 -11.2533569336 -11.3599853516 -11.5866699219 -11.6833190918 -11.6733398438 -11.6833496094 -11.5666503906 -11.5599975586 -11.8533325195 -12.2766723633 -12.1566772461 -12.7399597168 -13.1632995605 -13.1133117676 -12.9333190918 -12.8599548340 -12.6933288574
-7.5699768066 -7.6099853516 -7.4433288574 -7.6733093262 -7.9899902344 -8.3266906738 -8.5599975586 -8.6400146484 -8.5333557129 -8.6099853516 -8.6133422852 -8.7299804688 -8.7133178711 -8.7966308594 -8.7766723633 -8.8866577148 -8.8700256348 -8.8500366211 -9.1433410645 -9.3233337402 -9.4033508301 -9.5766906738 -9.7633666992 -9.9566955566 -10.3600158691 -10.5633544922 -10.6633300781 -10.7733459473 -10.8800048828 -10.6966552734 -10.7933349609 -11.1200256348 -11.3300170898 -11.4399719238 -11.4433288574 -11.3300170898 -11.3233337402 -11.5133056641 -11.7066650391 -11.9032897949 -12.2333068848 -12.5099792480 -13.5000000000 -13.6733398438 -13.5066528320 -13.3300170898 -13.1633300781 -12.9100036621
-7.3500061035 -7.4766540527 -7.4166870117 -7.5566711426 -7.9166870117 -8.0733642578 -8.3300170898 -8.6199951172 -8.5166320801 -8.5999755859 -8.5899658203 -8.6966857910 -8.7099914551 -8.5933227539 -8.6833190918 -8.6566772461 -8.6433105469 -8.7366638184 -9.1166992188 -9.2066650391 -9.3933105469 -9.6766967773 -9.8599853516 -9.8466796875 -10.0333557129 -10.4133300781 -10.6300048828 -10.7266540527 -10.9366760254 -10.9566955566 -10.7599792480 -11.0633544922 -11.4566650391 -11.2600402832 -11.2566833496 -11.4633483887 -11.2633361816 -11.5599975586 -11.6499633789 -11.7500305176 -11.9733581543 -12.6699829102 -13.2500000000 -13.7066345215 -13.5733337402 -13.4233093262 -13.3399963379 -13.1933593750
-7.3399963379 -7.2699890137 -6.9966735840 -7.1166687012 -7.4733276367 -7.8399963379 -8.0100097656 -8.1966552734 -8.3866882324 -8.4732971191 -8.6700134277 -8.6633300781 -8.7732849121 -8.8866577148 -8.9633789062 -8.8400268555 -8.9333801270 -9.1333618164 -9.3033142090 -9.2900085449 -9.6699829102 -9.9633483887 -10.1433410645 -10.3399658203 -10.3166503906 -10.3033447266 -10.3833312988 -10.3666992188 -10.8800048828 -10.8733520508 -10.9866943359 -10.9833068848 -11.1699829102 -11.2833557129 -11.2866210938 -11.1966552734 -11.2899475098 -11.4900207520 -11.6999816895 -11.9000244141 -12.2299804688 -12.7133483887 -13.4700317383 -13.9933166504 -13.4967041016 -13.5633544922 -13.6300048828 -13.6799926758
-7.0166625977 -7.0366516113 -6.9666442871 -7.1800231934 -7.5633239746 -7.8199768066 -7.9799804688 -8.1632995605 -8.3666992188 -8.4533386230 -8.6433410645 -8.7399597168 -8.7533264160 -8.8533020020 -8.8600158691 -8.9266662598 -9.0299987793 -9.1166687012 -9.3966369629 -9.4866638184 -9.6700134277 -9.9666748047 -10.1433410645 -10.2299804688 -10.3133239746 -10.4066467285 -10.2399902344 -10.2033386230 -10.4933471680 -10.7033386230 -10.7933654785 -11.0033569336 -11.4033203125 -11.5000000000 -11.4100341797 -11.5166931152 -11.6299743652 -11.6266479492 -11.6433410645 -11.7433471680 -12.1800231934 -12.5433044434 -13.4700012207 -13.9066467285 -13.7200012207 -13.8999938965 -14.2833251953 -14.6533203125
-7.0767211914 -7.1966552734 -7.3067016602 -7.5333251953 -7.8433532715 -8.3200378418 -8.3699951172 -8.5500183105 -8.4466552734 -8.4466552734 -8.6400146484 -8.7166442871 -8.7100219727 -8.9166564941 -9.0199890137 -9.1100158691 -9.1900329590 -9.3166503906 -9.3999633789 -9.5866699219 -9.7766723633 -9.9666748047 -10.1499938965 -10.2433166504 -10.4166259766 -10.1833190918 -9.9966735840 -10.5499877930 -10.5400695801 -10.6233215332 -10.8333740234 -11.1199645996 -11.5266723633 -11.9299926758 -11.7299194336 -11.7433776855 -11.8500061035 -11.8633422852 -11.8766479492 -11.7866821289 -11.9166870117 -12.2566833496 -13.5066528320 -14.8367004395 -15.4466857910 -15.8466491699 -15.1267089844 -14.6033630371
-7.2333068848 -7.3433227539 -7.5766601562 -7.5800170898 -7.9866638184 -8.4032897949 -8.4700012207 -8.5599975586 -8.3467102051 -8.4367065430 -8.6199951172 -8.6066284180 -8.6866455078 -8.7733764648 -8.9900207520 -9.0933227539 -9.1866760254 -9.4233398438 -9.6099853516 -9.8966979980 -9.7833251953 -9.9733581543 -10.1600036621 -10.4433288574 -10.3099975586 -9.9432983398 -10.0766906738 -10.0967102051 -10.2699890137 -10.4533081055 -10.7500305176 -11.0500183105 -11.3566589355 -11.8633422852 -11.8666992188 -11.9566955566 -12.2733459473 -12.1033325195 -11.8233032227 -11.9366760254 -11.9466857910 -12.6766662598 -14.0199584961 -15.0433044434 -16.3699645996 -15.8933410645 -14.9666137695 -14.3400268555
-7.0867004395 -7.4066467285 -7.8333435059 -8.2266540527 -8.4233093262 -8.6533508301 -8.4766845703 -8.4633178711 -8.4533691406 -8.5333557129 -8.5099792480 -8.4966735840 -8.5666809082 -8.7566528320 -9.0533447266 -9.1666870117 -9.5733337402 -9.6666870117 -9.5133361816 -9.9033508301 -10.0933532715 -10.3866577148 -10.3666992188 -10.4466857910 -10.3699951172 -10.2000122070 -9.8333740234 -10.2699890137 -10.2000122070 -10.3067016602 -10.5966491699 -10.9899902344 -11.0799865723 -11.3933410645 -11.6000061035 -11.9233703613 -12.2299804688 -12.1600036621 -12.1833190918 -12.0799865723 -12.2766723633 -13.8200073242 -14.7433166504 -15.0766601562 -15.5966796875 -15.1100158691 -14.3100280762 -14.0933227539
-7.0400085449 -7.1566772461 -7.4866638184 -8.1000061035 -8.2966918945 -8.4100036621 -8.1399841309 -8.2333679199 -8.1300048828 -8.3266296387 -8.3133544922 -8.3833618164 -8.4599914551 -8.6433105469 -9.0399780273 -9.2433776855 -9.4466857910 -9.6466674805 -9.5333251953 -9.8166503906 -10.1033630371 -10.3966674805 -10.2799682617 -10.4199829102 -10.1366577148 -9.8666687012 -9.9033508301 -10.0233459473 -10.0666503906 -10.1300354004 -10.2366943359 -10.7533264160 -11.0400085449 -11.3599548340 -11.5633239746 -11.6833190918 -11.9933471680 -12.4933166504 -12.6266784668 -12.2333679199 -12.7366638184 -13.6566772461 -14.6899719238 -14.9966735840 -15.5200195312 -14.7366638184 -14.2466735840 -14.1433410645
-7.2933349609 -7.5300292969 -7.5332946777 -7.7433471680 -7.7533264160 -7.8633728027 -7.8000183105 -7.7966613770 -7.7866210938 -7.8933105469 -8.0966796875 -8.2866821289 -8.3633728027 -8.6600036621 -8.7433166504 -8.9200134277 -9.4033508301 -9.6166687012 -9.7733154297 -9.8233642578 -9.9066772461 -9.8099975586 -10.0599975586 -10.0766601562 -9.9033508301 -9.5400085449 -9.6632995605 -10.0100402832 -10.0566711426 -10.2200317383 -10.7099914551 -11.1166687012 -11.1067199707 -11.4166259766 -11.6300354004 -11.6333312988 -12.3500366211 -12.3533630371 -12.4700317383 -12.5799865723 -13.0899963379 -13.4066467285 -14.3466796875 -15.1433410645 -14.8467102051 -14.0666809082 -14.0866699219 -14.1799621582
-7.1466674805 -7.2866516113 -7.0933837891 -7.1000671387 -7.2233276367 -7.3300170898 -7.4666748047 -7.4566650391 -7.4499816895 -7.6666564941 -7.8800048828 -8.0700073242 -8.1699829102 -8.4466857910 -8.6300354004 -8.7266845703 -9.2000427246 -9.4933166504 -9.6099853516 -9.5300292969 -9.4333496094 -9.4899597168 -9.5166931152 -9.7500000000 -9.3666687012 -9.6166992188 -9.7533264160 -9.9900207520 -10.1466369629 -10.5100097656 -11.0966491699 -11.2933349609 -11.2966613770 -11.4900207520 -11.7133483887 -11.6933288574 -12.3033142090 -12.5099792480 -12.1266479492 -12.1299743652 -12.8400573730 -13.2500305176 -13.9966735840 -14.4966430664 -14.2933654785 -13.7899780273 -14.1099548340 -14.3233337402
-6.9100036621 -7.0500183105 -6.9566650391 -6.9566955566 -7.0900268555 -6.9999694824 -7.0199584961 -7.1333007812 -7.3499755859 -7.4699707031 -7.5700073242 -7.7666320801 -7.8466491699 -8.0399780273 -8.3333435059 -8.5166625977 -8.9099731445 -9.2999877930 -9.5799865723 -9.3800048828 -8.3266906738 -8.4666748047 -8.7066650391 -9.0300292969 -9.2633361816 -9.5966491699 -9.8399963379 -9.9833374023 -10.2500000000 -10.5100097656 -10.7799987793 -10.8833312988 -11.1833190918 -11.1800231934 -11.2733154297 -11.4733276367 -11.5833435059 -11.6799926758 -11.9800109863 -11.9866638184 -12.1900024414 -12.6100158691 -13.2399902344 -13.6433410645 -13.4499816895 -13.4500427246 -13.6533508301 -14.1633300781
-6.2867126465 -6.5966796875 -6.7233581543 -6.5299987793 -6.5533142090 -6.6533508301 -6.6300048828 -6.7600097656 -6.9666137695 -7.1999816895 -7.3833618164 -7.3766784668 -7.4533386230 -7.8533325195 -8.1366271973 -8.3233337402 -8.6033325195 -8.9067077637 -9.3099670410 -8.5899963379 -7.9066772461 -8.3433227539 -8.6833190918 -9.0166931152 -9.2599792480 -9.5866699219 -9.8367004395 -10.0899963379 -10.2500000000 -10.5166625977 -10.7699890137 -10.8566894531 -10.8599548340 -10.9500122070 -11.0433349609 -11.0400085449 -11.4466552734 -11.6300048828 -11.9367065430 -11.8366394043 -11.9499816895 -12.3566894531 -12.6866760254 -13.1833496094 -13.1900329590 -13.2066650391 -13.5000305176 -14.0033264160
-5.5599975586 -5.6799621582 -5.7766723633 -5.8933410645 -6.0800170898 -6.1700134277 -6.2600097656 -6.4800109863 -6.6933593750 -6.9066467285 -7.0000305176 -7.1966552734 -7.0966491699 -7.3067016602 -7.7066955566 -8.0000305176 -8.1966247559 -8.4966735840 -8.7400512695 -8.1933288574 -7.8933410645 -8.1333312988 -8.4667053223 -8.9033508301 -9.2400207520 -9.4700012207 -9.6233825684 -9.6899719238 -9.7533264160 -10.0066528320 -10.1466674805 -10.4966430664 -10.7066345215 -10.6933288574 -10.9066772461 -11.1966552734 -11.5000000000 -11.4866638184 -11.6933288574 -12.0000000000 -12.0066528320 -12.2132873535 -12.8399963379 -13.1366577148 -13.6333312988 -13.3400268555 -13.6466674805 -14.0400085449
-4.9233398438 -5.0300292969 -5.2300109863 -5.4199829102 -5.6033630371 -5.6966552734 -5.9066772461 -6.1333312988 -6.0633239746 -6.5967102051 -6.6933288574 -6.8800048828 -6.8833312988 -6.9833374023 -7.2733459473 -7.5832824707 -7.8533325195 -7.9933166504 -8.1399841309 -7.6800231934 -7.6567077637 -7.9066772461 -8.1432800293 -8.5799865723 -9.0166931152 -9.3633117676 -9.2300109863 -9.3966674805 -9.5500183105 -9.7133178711 -9.8933105469 -10.1100158691 -10.2333068848 -10.3533325195 -10.5567016602 -10.8500366211 -11.1566772461 -11.4400024414 -11.5466613770 -11.5533752441 -11.8733215332 -12.1699829102 -12.2900085449 -12.9800109863 -13.3899841309 -13.1832885742 -13.4933776855 -13.8799743652
-4.2966613770 -4.3999938965 -4.6866760254 -4.8833007812 -5.1966857910 -5.2832946777 -5.5100097656 -5.8299865723 -6.0600280762 -6.0733032227 -6.2733154297 -6.4699707031 -6.6699523926 -6.7766418457 -6.7533569336 -7.1066894531 -7.3367004395 -7.3833618164 -7.1333312988 -7.1766357422 -7.3499755859 -7.5866699219 -7.8333129883 -8.1733398438 -8.5966491699 -8.8599853516 -8.8366699219 -9.0000305176 -9.1600036621 -9.3700256348 -9.4566955566 -9.5399780273 -9.8500061035 -9.9766845703 -10.1900329590 -10.4966735840 -10.9066467285 -11.0899963379 -11.3066711426 -11.5066833496 -11.5333557129 -12.1600341797 -12.2666625977 -12.6433410645 -13.0333557129 -13.2233276367 -13.4233398438 -13.4333190918
-3.9033203125 -4.0099792480 -4.1999511719 -4.3766784668 -4.6799621582 -4.8900451660 -5.1033325195 -5.2100219727 -5.5533142090 -5.6466979980 -5.9499816895 -6.1500244141 -6.3566589355 -6.4367065430 -6.5433044434 -6.6866149902 -6.7333374023 -6.8800048828 -6.6300048828 -6.7666625977 -6.9200134277 -7.1733398438 -7.4033508301 -7.7533569336 -7.9900207520 -8.2600097656 -8.2400207520 -8.2146301270 -8.7333068848 -8.8166809082 -9.0033569336 -9.1766662598 -9.2766418457 -9.3933410645 -9.7133483887 -9.8233337402 -10.3467102051 -10.6433105469 -10.7699890137 -11.0000000000 -11.1266784668 -11.5566711426 -11.8433227539 -12.1299743652 -12.5933227539 -13.1766662598 -13.0666503906 -12.9733581543
-3.4167175293 -3.6333312988 -3.9199829102 -4.1099853516 -4.3000183105 -4.4833374023 -4.4866333008 -4.7133483887 -5.0299682617 -5.1433715820 -5.2533569336 -5.5433349609 -5.6733703613 -5.8033447266 -6.0400085449 -5.8800048828 -6.2366638184 -5.9667053223 -6.0266723633 -6.2600097656 -6.5066833496 -6.6532897949 -6.7833251953 -7.1266784668 -7.1800231934 -7.3500061035 -7.6443786621 -7.8966674805 -8.1966552734 -8.3699951172 -8.5533447266 -8.8066406250 -8.6900024414 -8.8066711426 -9.1400146484 -9.3433227539 -9.7733764648 -10.0366821289 -10.2633056641 -10.5899963379 -10.8200073242 -11.1466674805 -11.3399658203 -11.5066528320 -12.0733337402 -12.8500061035 -12.3199768066 -12.4200134277
-3.0133056641 -3.2399902344 -3.4466857910 -3.7332763672 -4.2233276367 -4.5267028809 -4.6199951172 -4.5199890137 -4.5233459473 -4.5267028809 -4.7866821289 -4.9299926758 -4.8533325195 -4.8900146484 -5.1366882324 -5.5766601562 -5.8133239746 -5.3533325195 -5.5366516113 -5.7366943359 -5.8766479492 -6.1166992188 -6.1799621582 -6.2233886719 -6.5766601562 -6.6466369629 -6.9266662598 -7.1400146484 -7.4333190918 -7.6300354004 -7.9299926758 -8.0099792480 -8.1066589355 -8.2799682617 -8.4100341797 -8.8166503906 -9.0800170898 -9.4566955566 -9.7599792480 -9.8866577148 -10.2132873535 -10.4333190918 -10.8100280762 -10.9799804688 -11.4566650391 -11.6233520508 -11.6899414062 -11.8733520508
