model_inputs/inputs/tas3.asc
ncols 720
nrows 360
xllcorner -180
yllcorner -90
cellsize 0.500000
NODATA_value 9999.000000
[rows 189 to 209 of 360, columns 192 to 239 of 720]
9999.0000000000 9999.0000000000 9999.0000000000 9999.0000000000 9999.0000000000 26.2232971191 26.2399902344 25.5666503906 17.6833190918 16.2999877930 20.5166320801 24.0099792480 24.8066711426 26.2566223145 26.5199890137 26.6833496094 26.7433166504 27.0199890137 27.0633239746 26.9666442871 26.9199829102 26.7666625977 26.6866760254 26.6033020020 26.7233581543 26.5533752441 26.3766479492 26.4066467285 26.3300170898 26.4666442871 26.5032958984 26.6366577148 26.6700134277 26.7066650391 26.7367248535 26.9566345215 26.9899902344 27.0234375000 26.9432983398 26.8766174316 26.8066406250 26.7133483887 26.6933288574 26.6766357422 26.7633056641 26.7399902344 26.8433837891 26.8466796875
9999.0000000000 9999.0000000000 9999.0000000000 9999.0000000000 9999.0000000000 26.1899719238 26.9733276367 26.4033203125 20.9233398438 15.2666625977 22.5899658203 22.9166259766 21.3966674805 24.4000244141 26.5533142090 27.0066528320 27.0433044434 27.2066650391 27.1933288574 27.1333007812 26.8732910156 26.8766479492 26.8034057617 26.7267150879 26.6333312988 26.5766601562 26.4800109863 26.4066772461 26.4466247559 26.3799743652 26.6233215332 26.6533203125 26.6933593750 26.7099914551 26.9566650391 26.8733215332 26.8999633789 26.9233093262 26.8433227539 26.7833251953 26.8066101074 26.6900329590 26.6666564941 26.6633300781 26.6433105469 26.6300048828 26.7333374023 26.7399902344
9999.0000000000 9999.0000000000 9999.0000000000 9999.0000000000 9999.0000000000 25.0733032227 26.8066711426 26.5266723633 24.0033264160 16.0633239746 21.6933898926 20.2133483887 17.4166564941 22.1032714844 24.8566589355 27.1000061035 27.2434082031 27.3099975586 27.1633300781 26.8933105469 26.7733764648 26.8000183105 26.6099853516 26.7333679199 26.6600036621 26.6900329590 26.5065917969 26.5332946777 26.5700683594 26.5933227539 26.5266418457 26.5566101074 26.7832946777 26.7133178711 26.7400207520 26.7833251953 26.8933410645 26.8266906738 26.8533020020 26.7799682617 26.6899719238 26.5633239746 26.5500183105 26.5233459473 26.5233764648 26.6333618164 26.6300048828 26.7266845703
9999.0000000000 9999.0000000000 9999.0000000000 9999.0000000000 9999.0000000000 25.0900573730 26.3533630371 26.6166381836 25.9800109863 16.0400390625 16.4033813477 14.9400024414 16.7966308594 19.6333312988 23.5266113281 26.2833251953 27.4366760254 27.2799987793 27.0232849121 26.7666625977 26.5933227539 26.6965942383 26.5233459473 26.5566406250 26.4833068848 26.4066467285 26.3333740234 26.6566467285 26.6867065430 26.6166992188 26.6367492676 26.7666320801 26.7899475098 26.7133178711 26.6533203125 26.7799987793 26.8066406250 26.7266845703 26.6533203125 26.5700073242 26.4566345215 26.3399963379 26.3166809082 26.4066467285 26.5066223145 26.5132751465 26.5166320801 26.6167297363
9999.0000000000 9999.0000000000 9999.0000000000 9999.0000000000 9999.0000000000 9999.0000000000 9999.0000000000 26.8533325195 26.2666931152 22.6500244141 13.5266418457 14.0033264160 15.0367126465 21.3899841309 24.2999572754 26.3833312988 26.1100158691 26.6333007812 26.7900085449 26.6366882324 26.3967590332 26.6232910156 26.6433410645 26.5799865723 26.5166320801 26.5300292969 26.5566711426 26.6900329590 26.7100219727 26.6267395020 26.6600646973 26.7832946777 26.7100219727 26.7266235352 26.7500000000 26.6833190918 26.7066345215 26.7366943359 26.6433105469 26.5566711426 26.3266601562 26.3066406250 26.1999816895 26.2966918945 26.2966918945 26.3066711426 26.4166259766 26.5033264160
9999.0000000000 9999.0000000000 9999.0000000000 9999.0000000000 9999.0000000000 9999.0000000000 9999.0000000000 9999.0000000000 25.7799987793 23.2232971191 16.3433532715 13.4100036621 14.1533203125 21.7933044434 25.8866271973 26.5966796875 25.9700317383 26.8200683594 26.5433044434 26.2066040039 26.3200073242 26.4466247559 26.6832580566 26.7133178711 26.6399841309 26.5499877930 26.5700073242 26.6033020020 26.5199890137 26.4566345215 26.4699707031 26.6933593750 26.8233032227 26.8399963379 26.7699890137 26.7866516113 26.8132934570 26.7265930176 26.6266784668 26.4266967773 26.3033142090 26.1633605957 26.1899719238 26.1899414062 26.1000061035 26.0966796875 26.1966247559 26.3033142090
9999.0000000000 9999.0000000000 9999.0000000000 9999.0000000000 9999.0000000000 9999.0000000000 9999.0000000000 9999.0000000000 24.9500122070 23.8000183105 17.6333312988 13.6699523926 14.2466735840 17.4232788086 24.0833129883 25.7300109863 25.6866760254 26.7700195312 26.7133483887 26.2066345215 26.2300109863 26.4667358398 26.5966491699 26.5200195312 26.5533752441 26.5666503906 26.5866394043 26.6233215332 26.5432739258 26.5733337402 26.7000427246 26.7066955566 26.9400024414 27.0567016602 26.9799804688 27.0032958984 26.9132995605 26.7000122070 26.6300659180 26.4066772461 26.1799926758 26.0632629395 26.0633544922 26.0766601562 25.9766540527 25.9866638184 26.2000122070 26.2033691406
9999.0000000000 9999.0000000000 9999.0000000000 9999.0000000000 9999.0000000000 9999.0000000000 9999.0000000000 9999.0000000000 9999.0000000000 23.4800415039 20.8633117676 13.1066589355 10.6566467285 13.2932739258 20.0133056641 24.3833312988 25.4566345215 26.2099609375 26.5765991211 26.2299499512 25.5599975586 26.4867248535 26.6100158691 26.4433593750 26.3732910156 26.3966674805 26.4200439453 26.4466857910 26.3566894531 26.5866088867 26.8133239746 26.6199645996 26.9566040039 27.0766601562 26.8933105469 27.0100402832 27.0066833496 26.8166809082 26.6000061035 26.3833312988 26.0667114258 25.9599914551 25.9566345215 25.8733215332 25.7733154297 25.7833557129 25.8933105469 25.8900146484
9999.0000000000 9999.0000000000 9999.0000000000 9999.0000000000 9999.0000000000 9999.0000000000 9999.0000000000 9999.0000000000 9999.0000000000 9999.0000000000 22.7133178711 18.1399841309 9.3600158691 13.2833557129 15.7033081055 23.5299682617 24.4266357422 25.4833374023 26.1733703613 26.3266906738 26.0733032227 26.0000610352 26.5266723633 26.3566589355 26.2866821289 26.4132995605 26.3399963379 26.3533630371 26.3800354004 26.5999755859 26.8300170898 26.7500305176 26.9733276367 27.0933227539 26.9032897949 27.0100097656 27.0100097656 26.8099670410 26.4966430664 26.3666381836 26.1533508301 25.8367004395 25.7400207520 25.7633666992 25.5733947754 25.6766357422 25.8799438477 25.8966979980
9999.0000000000 9999.0000000000 9999.0000000000 9999.0000000000 9999.0000000000 9999.0000000000 9999.0000000000 9999.0000000000 9999.0000000000 9999.0000000000 22.7233276367 22.1099243164 9.0166625977 9.1399841309 14.1434020996 20.4599914551 22.8500366211 23.3533325195 25.5366821289 25.9466857910 25.5533142090 25.7867126465 26.0333557129 26.1666870117 26.1933288574 26.4199829102 26.2433471680 26.3599853516 26.4833374023 26.6099853516 26.7366638184 26.8633422852 26.9833068848 27.1966247559 27.0100402832 27.1033935547 27.0033569336 26.7166748047 26.4799804688 26.4699707031 26.0366516113 25.7200012207 25.4333496094 25.5500488281 25.6799926758 25.4700012207 25.7733154297 25.5833129883
9999.0000000000 9999.0000000000 9999.0000000000 9999.0000000000 9999.0000000000 9999.0000000000 9999.0000000000 9999.0000000000 9999.0000000000 9999.0000000000 9999.0000000000 22.8566589355 14.2866821289 7.4066467285 10.7133483887 15.2166442871 18.5233154297 23.0233459473 25.2067260742 25.5133361816 25.5599975586 25.4866943359 25.7199401855 25.6566772461 25.8899841309 26.1166992188 25.9633483887 26.1600036621 26.2000122070 26.4233093262 26.6500244141 26.9667053223 27.1799926758 27.2900085449 27.0833435059 27.2033081055 27.1133422852 26.8866882324 26.6666564941 26.4500122070 26.0299682617 25.9000549316 25.7166748047 25.7433166504 25.7600097656 25.3732910156 25.6666564941 25.4833984375
9999.0000000000 9999.0000000000 9999.0000000000 9999.0000000000 9999.0000000000 9999.0000000000 9999.0000000000 9999.0000000000 9999.0000000000 9999.0000000000 9999.0000000000 22.6633605957 19.4433288574 9.4566345215 5.9699707031 11.0633239746 14.7900390625 22.5000305176 24.9000244141 24.3933105469 25.4066772461 25.3933105469 25.5266723633 25.5299682617 25.6766662598 25.7133483887 25.6567077637 25.6900329590 26.1266784668 26.3399963379 26.6566467285 26.9866638184 27.1799926758 27.2799987793 27.2899780273 27.1866455078 26.9966735840 26.8699645996 26.4533996582 26.2266540527 25.8033447266 25.8832702637 25.5999755859 25.5199890137 25.4500427246 25.4566650391 25.4733581543 25.4667053223
9999.0000000000 9999.0000000000 9999.0000000000 9999.0000000000 9999.0000000000 9999.0000000000 9999.0000000000 9999.0000000000 9999.0000000000 9999.0000000000 9999.0000000000 9999.0000000000 21.9899902344 14.7200012207 6.2366943359 6.9400329590 11.6566772461 19.8833312988 22.5899963379 21.7866516113 24.5866394043 25.4233398438 25.3366699219 25.4633483887 25.4799499512 25.5166931152 25.3433532715 25.3900146484 25.4133605957 25.7500000000 26.4566955566 26.6800231934 27.0799865723 27.2900085449 27.3866577148 27.3967285156 27.1766052246 27.0466613770 26.4233398438 25.2900390625 25.2732849121 25.4666748047 25.5633544922 25.6033935547 25.6333007812 25.5433349609 25.5599975586 25.5567016602
9999.0000000000 9999.0000000000 9999.0000000000 9999.0000000000 9999.0000000000 9999.0000000000 9999.0000000000 9999.0000000000 9999.0000000000 9999.0000000000 9999.0000000000 9999.0000000000 22.9033203125 20.7800292969 8.4933166504 4.8000183105 8.8999938965 17.3500061035 19.8599548340 24.1633300781 23.9766845703 23.5766906738 25.1666564941 25.2766723633 25.3066406250 25.3233032227 25.1533508301 25.0800781250 25.3266601562 25.5399780273 26.0566711426 26.4566040039 26.9600219727 27.1666870117 27.2799682617 27.3700256348 27.4500427246 27.2300415039 26.7100524902 25.7866821289 25.1499633789 25.3466491699 25.3499755859 25.7733459473 25.8033142090 25.6366882324 25.5500183105 25.6533203125
9999.0000000000 9999.0000000000 9999.0000000000 9999.0000000000 9999.0000000000 9999.0000000000 9999.0000000000 9999.0000000000 9999.0000000000 9999.0000000000 9999.0000000000 9999.0000000000 9999.0000000000 22.7300109863 14.8565979004 3.6633300781 6.2700195312 11.8166809082 16.6533508301 23.5567016602 21.4500122070 21.2600097656 24.1966552734 24.3066711426 24.6266784668 25.1566162109 25.1733093262 25.0833435059 25.4099731445 25.7299804688 26.0333557129 26.5299377441 26.9333496094 27.1366577148 27.2433166504 27.3500061035 27.5299987793 27.4033508301 26.8800048828 26.5567016602 26.4366760254 26.1299743652 25.5233459473 25.2599487305 25.6833190918 25.7133483887 25.5299987793 25.4633789062
9999.0000000000 9999.0000000000 9999.0000000000 9999.0000000000 9999.0000000000 9999.0000000000 9999.0000000000 9999.0000000000 9999.0000000000 9999.0000000000 9999.0000000000 9999.0000000000 9999.0000000000 23.3366394043 20.4033813477 10.2266540527 5.0366516113 8.4700317383 16.5199890137 19.5233764648 22.5300903320 19.1400451660 20.8299865723 19.4366760254 20.6433410645 24.1632995605 24.9700317383 25.1766662598 25.5866394043 25.8066406250 26.0833740234 26.4066467285 26.5133666992 26.9166564941 27.2199401855 27.3099365234 27.4033203125 27.3666687012 27.3633422852 27.0399780273 26.8133239746 26.6033020020 26.3099975586 26.0299987793 25.6666870117 25.3966979980 25.6066589355 25.8299865723
9999.0000000000 9999.0000000000 9999.0000000000 9999.0000000000 9999.0000000000 9999.0000000000 9999.0000000000 9999.0000000000 9999.0000000000 9999.0000000000 9999.0000000000 9999.0000000000 9999.0000000000 9999.0000000000 22.4366149902 17.1700134277 8.3033447266 4.8500671387 9.0900268555 12.7099914551 18.8199768066 18.4300231934 19.3066711426 15.7366943359 15.9400329590 22.7600402832 23.4633483887 25.0666809082 25.4766845703 25.8766784668 26.1699829102 26.1866455078 26.4866333008 26.8866882324 27.2000122070 27.3866271973 27.4733276367 27.4666748047 27.3400268555 27.2133178711 26.9066467285 26.7833557129 26.5866699219 26.4099731445 26.0466613770 25.6666564941 25.5899658203 25.5199890137
9999.0000000000 9999.0000000000 9999.0000000000 9999.0000000000 9999.0000000000 9999.0000000000 9999.0000000000 9999.0000000000 9999.0000000000 9999.0000000000 9999.0000000000 9999.0000000000 9999.0000000000 9999.0000000000 9999.0000000000 22.2966918945 13.2466430664 5.4999694824 5.5533142090 11.7133178711 15.8133544922 14.1900024414 10.0699768066 9.1666259766 12.1600036621 15.4499816895 19.3599853516 23.1500244141 24.3533325195 24.9699707031 25.9466247559 26.2499694824 26.6634216309 27.0699768066 27.2733764648 27.3600158691 27.4566955566 27.4366760254 27.3099670410 27.1933288574 27.0700073242 26.6633300781 26.6666564941 26.4866943359 26.3166198730 26.1500244141 25.6666870117 25.3000183105
9999.0000000000 9999.0000000000 9999.0000000000 9999.0000000000 9999.0000000000 9999.0000000000 9999.0000000000 9999.0000000000 9999.0000000000 9999.0000000000 9999.0000000000 9999.0000000000 9999.0000000000 9999.0000000000 9999.0000000000 23.2300109863 19.0766906738 9.5199584961 7.8800354004 9.0233459473 12.5333251953 10.4433288574 9.9266662598 9.9066467285 10.4433288574 6.5400085449 8.7366638184 15.9433288574 20.4466857910 21.5466918945 24.1499633789 25.1432800293 26.6432800293 27.0399780273 27.2399597168 27.4333190918 27.6166687012 27.5300598145 27.3966674805 27.2599792480 27.0632934570 26.6366577148 26.6366271973 26.1632995605 26.2933044434 26.1300048828 25.9533691406 25.7766723633
9999.0000000000 9999.0000000000 9999.0000000000 9999.0000000000 9999.0000000000 9999.0000000000 9999.0000000000 9999.0000000000 9999.0000000000 9999.0000000000 9999.0000000000 9999.0000000000 9999.0000000000 9999.0000000000 9999.0000000000 22.7966918945 21.7766113281 17.8966674805 10.3433532715 8.0733337402 9.0967102051 8.2133483887 7.5033569336 8.2833557129 8.4933471680 8.0233154297 5.8266906738 6.9200134277 8.5266418457 16.3366088867 20.7533264160 23.0433654785 25.6332702637 27.0299682617 27.2232971191 27.3999328613 27.4934082031 27.4933776855 27.2566528320 27.0366821289 26.8266906738 26.7233886719 26.6133117676 26.3366699219 26.1733093262 26.2999877930 25.5200195312 25.8433227539
9999.0000000000 9999.0000000000 9999.0000000000 9999.0000000000 9999.0000000000 9999.0000000000 9999.0000000000 9999.0000000000 9999.0000000000 9999.0000000000 9999.0000000000 9999.0000000000 9999.0000000000 9999.0000000000 9999.0000000000 9999.0000000000 22.2933349609 21.8200378418 16.3266601562 9.6200256348 6.9366455078 6.4499816895 4.6599731445 5.3400573730 6.8300170898 8.0766601562 8.8000488281 8.9166870117 7.7333679199 6.3333129883 18.2500305176 21.3566589355 25.2499694824 26.1166076660 27.0999450684 27.2833557129 27.2700195312 27.2767028809 27.1466674805 26.9199523926 26.7166748047 26.5966491699 26.4066772461 26.0966186523 26.1400146484 26.2700195312 25.6066894531 25.1300048828
