model_inputs/inputs/tas3.asc
ncols 720
nrows 360
xllcorner -180
yllcorner -90
cellsize 0.500000
NODATA_value 9999.000000
[rows 42 to 62 of 360, columns 576 to 623 of 720]
-23.5599822998 -23.3666534424 -23.3632965088 -23.7733306885 -23.9733581543 -23.9833526611 -24.1833496094 -23.8766784668 -24.0666351318 -24.2133178711 -24.1566619873 -24.0933532715 -24.4366455078 -24.3867034912 -24.2200317383 -24.3533477783 -24.4967041016 -24.5433502197 -24.4732666016 -24.9366607666 -24.7532958984 -25.0966796875 -25.5299987793 -25.4733276367 -25.7266845703 -25.6699981689 -25.6933288574 -25.7333221436 -25.4833831787 -25.8266754150 -25.9600067139 -26.1066741943 -26.3299865723 -26.7933197021 -27.3866729736 -27.7733306885 -28.1533508301 -29.8433837891 -31.3466491699 -33.0166931152 -34.3033752441 -37.0966949463 -35.5633392334 -34.3600158691 -33.1499786377 -31.6233062744 -31.4099884033 -32.5000000000
-23.2699737549 -22.7766723633 -22.9766693115 -23.2766723633 -23.2800292969 -23.4833221436 -23.7966613770 -23.3899993896 -22.9866485596 -23.6500244141 -23.5999908447 -23.8466644287 -23.8966674805 -23.6200256348 -23.9666900635 -23.7133331299 -24.0466308594 -24.0933074951 -23.9333343506 -24.1866607666 -24.8300018311 -24.9699859619 -25.2066345215 -25.0566253662 -25.1966400146 -25.2466430664 -25.1799926758 -25.3199920654 -25.0500183105 -25.1233520508 -25.3199768066 -25.3933258057 -25.7166900635 -26.3300170898 -27.3233032227 -27.8233489990 -28.6299896240 -31.3299713135 -32.5233306885 -33.7266845703 -35.9199676514 -36.9966583252 -35.0800018311 -35.0633087158 -33.7566986084 -31.8400268555 -32.0300292969 -31.5166625977
-23.2033691406 -23.3966827393 -23.9100036621 -23.6033477783 -23.9066467285 -23.7066345215 -23.4099884033 -23.6100006104 -23.2433471680 -23.8899993896 -23.5633239746 -23.7299957275 -23.9833221436 -23.9233398438 -23.9566650391 -23.7033538818 -23.3533325195 -23.6966094971 -24.1433410645 -24.5866699219 -24.3233337402 -24.4700317383 -24.7066650391 -24.9599761963 -24.5800018311 -24.9766540527 -25.0433502197 -24.9266662598 -24.7133178711 -24.3900604248 -24.4833221436 -24.7666625977 -24.9900207520 -25.6166229248 -26.5166625977 -26.9100036621 -28.8233337402 -31.0100250244 -32.0166625977 -32.4266815186 -35.3133239746 -35.4233398438 -33.8233184814 -32.7132873535 -32.0200042725 -31.1233825684 -31.0199890137 -31.4233245850
-22.9199981689 -22.9166564941 -23.0299835205 -22.8300323486 -22.8266754150 -23.4233398438 -23.5199890137 -24.0433197021 -23.3966674805 -23.4466705322 -23.2166137695 -24.1732940674 -24.1566772461 -24.2166748047 -24.2733306885 -24.2099761963 -24.0500030518 -24.0966644287 -24.0366668701 -23.9833068848 -24.0166473389 -24.4033050537 -24.3866424561 -24.4600219727 -24.3433380127 -24.5233612061 -24.2999725342 -24.1899871826 -24.0699920654 -23.7600250244 -23.7500152588 -23.9400024414 -24.4633331299 -25.0800170898 -26.0133056641 -26.4166870117 -28.0166778564 -30.3166503906 -31.4166870117 -32.9066467285 -33.9133453369 -35.0166473389 -33.6233367920 -31.5166931152 -30.8166809082 -30.9166870117 -30.6200103760 -30.1066741943
-24.0466918945 -23.7433013916 -24.0466308594 -22.8433227539 -22.3433074951 -22.5466613770 -23.4499969482 -23.6033630371 -23.5566558838 -23.7100067139 -23.8633422852 -24.0199737549 -23.8933410645 -24.2566528320 -23.9266510010 -23.9100036621 -23.6566925049 -23.6367034912 -23.6266632080 -23.1966552734 -23.1800079346 -23.1533355713 -23.1400146484 -23.2166595459 -23.4100189209 -23.4833374023 -23.4766845703 -23.4499816895 -23.0333557129 -23.0333251953 -23.0033416748 -23.3066558838 -23.6433563232 -24.3700256348 -25.0933227539 -26.8133392334 -28.7166900635 -30.3133544922 -31.2033386230 -32.2099914551 -32.8999633789 -32.8100128174 -31.5099792480 -30.9066772461 -30.9166870117 -30.9066467285 -30.1232910156 -28.8033294678
-23.7733306885 -23.9700012207 -23.7666625977 -23.3633422852 -22.8700256348 -22.1699981689 -23.1899871826 -23.5533294678 -23.0033111572 -22.9666900635 -23.0166473389 -23.2733612061 -23.0400238037 -22.8499908447 -23.3733367920 -23.2933197021 -23.1166839600 -23.2333679199 -22.9200286865 -22.6132965088 -22.5000000000 -22.5033264160 -22.4866485596 -22.5733032227 -22.7600097656 -22.8499908447 -22.9432983398 -22.8233184814 -22.5300140381 -22.6233062744 -22.4900207520 -22.7366790771 -22.9133605957 -23.4333343506 -24.2566375732 -25.7833251953 -27.2099761963 -28.7133026123 -29.8033294678 -31.0033264160 -32.5032958984 -32.3133392334 -32.9966735840 -32.4033660889 -31.7066802979 -30.8000030518 -28.8866577148 -29.4866638184
-22.9899597168 -23.5833587646 -23.2899780273 -23.1866912842 -23.1833343506 -23.0833282471 -23.3466796875 -23.0133209229 -22.7733306885 -23.1166687012 -23.1766662598 -23.2166442871 -22.3766632080 -22.3366699219 -22.1800231934 -22.4266510010 -22.6499633789 -22.6633300781 -22.3833312988 -22.2067108154 -21.9033355713 -21.9933319092 -21.7866516113 -21.9666595459 -22.0566406250 -22.1466674805 -22.1466827393 -22.0299835205 -22.3366546631 -22.1266632080 -22.0766448975 -22.2000274658 -22.3633270264 -22.6166687012 -23.1400146484 -23.9666595459 -25.6933288574 -27.1000366211 -28.6066741943 -29.1966705322 -31.1999816895 -31.5000000000 -33.5933380127 -33.5899963379 -31.5833740234 -30.4899902344 -29.9733428955 -29.4700164795
-21.6999664307 -21.8066558838 -21.8933715820 -22.5133361816 -22.3099975586 -22.4566650391 -21.8999633789 -22.1600341797 -22.5200195312 -22.6900329590 -22.7000122070 -22.6699981689 -22.2333374023 -21.8899841309 -21.6433258057 -21.5066528320 -21.6366424561 -21.2733306885 -21.4266815186 -21.3466796875 -21.3699951172 -21.3833160400 -21.1766662598 -21.2633514404 -21.3566284180 -21.5533294678 -21.6433258057 -21.7466735840 -21.6333465576 -21.6966857910 -21.6433410645 -21.7999725342 -21.8433532715 -22.0933380127 -22.3433532715 -23.3399963379 -24.6700134277 -25.5800018311 -26.6933441162 -28.2866668701 -29.7733612061 -31.1866607666 -32.3766784668 -31.7633514404 -31.8732910156 -30.2566223145 -29.9566955566 -30.4600372314
-21.3200073242 -21.2266845703 -20.9266662598 -21.1299896240 -21.1433410645 -21.4066619873 -21.4600219727 -21.1166687012 -21.2833251953 -21.3866729736 -21.6466522217 -21.4266967773 -21.3799896240 -21.1166687012 -21.2699890137 -21.0633392334 -20.4066772461 -20.4499969482 -20.6000061035 -20.7400207520 -20.7733306885 -20.8266143799 -20.7533264160 -20.6600189209 -20.6533508301 -20.9599761963 -20.9533233643 -21.1466522217 -21.4233245850 -21.4700012207 -21.4266815186 -21.3566589355 -21.4133148193 -21.5666503906 -21.8133697510 -22.1666870117 -24.1233367920 -24.6433410645 -26.2666473389 -28.3699645996 -30.3700256348 -31.0599822998 -29.4566802979 -30.7600402832 -31.1599884033 -30.3433532715 -31.4399719238 -32.2733306885
-20.7466735840 -20.6500091553 -20.2500152588 -20.3432769775 -20.7133178711 -20.8600158691 -20.9133148193 -21.0766754150 -21.0599975586 -21.1366882324 -21.2033538818 -21.1733093262 -21.0200347900 -20.8666381836 -20.2233581543 -19.7566833496 -19.6766662598 -19.6166534424 -19.8566589355 -20.1033172607 -20.0433044434 -20.0899658203 -20.0366363525 -20.2699737549 -20.2300262451 -20.0566558838 -20.1500091553 -20.3533172607 -20.8100128174 -20.9466400146 -20.8899688721 -21.0400085449 -20.9866790771 -21.0333404541 -21.2866668701 -21.4233551025 -21.8733673096 -22.5300292969 -23.5300140381 -25.1500244141 -26.3566894531 -27.3533172607 -28.2366790771 -28.5433349609 -27.3332977295 -28.1300048828 -29.5399932861 -29.3133544922
-20.3600006104 -20.2599945068 -19.2767028809 -19.6999969482 -20.2633056641 -20.5099945068 -20.5533447266 -20.2399749756 -20.2100067139 -20.2933044434 -20.4500122070 -20.3333435059 -20.2833251953 -20.0200195312 -20.2566528320 -19.9066925049 -19.2533416748 -19.1800079346 -19.4266815186 -19.4700012207 -19.5033264160 -19.5566558838 -19.4066925049 -19.3500366211 -19.0000152588 -19.3566741943 -19.3099517822 -19.4433441162 -19.8833465576 -20.0199432373 -20.1633453369 -20.3066711426 -20.5466613770 -20.6866760254 -20.9367065430 -21.0900115967 -21.1366271973 -21.2899627686 -21.4300079346 -21.7166748047 -22.1432952881 -22.8332824707 -22.8333435059 -23.1266784668 -23.2133178711 -23.5000152588 -24.2800140381 -25.0500183105
-18.7833099365 -19.4932861328 -18.8066406250 -19.0566711426 -19.8166656494 -19.9366455078 -19.9099884033 -19.9900054932 -20.0600128174 -20.0399627686 -20.1166687012 -20.1699829102 -19.9166870117 -19.7666931152 -19.1133422852 -18.7533264160 -18.6099853516 -18.4433288574 -18.6899871826 -18.8267059326 -18.7733612061 -18.8266754150 -18.6700439453 -18.9266357422 -18.7700195312 -18.8666229248 -19.1733551025 -19.4267120361 -19.7133178711 -19.8266754150 -20.0500183105 -20.2766571045 -20.5033111572 -20.7700347900 -20.9066925049 -21.0533294678 -21.0066680908 -21.0400238037 -21.1866760254 -21.0366821289 -21.4966583252 -21.4199981689 -21.8133544922 -21.6166381836 -21.9066772461 -22.1300048828 -22.5100402832 -22.5799865723
-17.6066741943 -18.3199920654 -19.2566528320 -19.3099975586 -19.2033538818 -18.6866149902 -18.1600189209 -18.7400054932 -18.7133331299 -18.7866668701 -19.0600280762 -18.9266967773 -18.7599792480 -18.4233398438 -18.0466613770 -18.1000213623 -18.1399841309 -18.1900329590 -17.9700012207 -18.0066528320 -18.2400207520 -18.2999572754 -18.4599914551 -18.4666595459 -18.5700225830 -18.6566467285 -19.1600036621 -19.3000183105 -19.7399749756 -19.8733062744 -20.0000152588 -20.2133331299 -20.3433227539 -20.4800109863 -20.7166595459 -20.8333129883 -20.7666473389 -20.9099731445 -20.8600158691 -20.9000091553 -21.2533569336 -21.3899841309 -21.5033264160 -21.0033416748 -21.1033630371 -21.3666687012 -22.2433471680 -22.6233215332
-17.1299743652 -17.4499664307 -18.2099914551 -18.3733673096 -18.3699951172 -18.0433044434 -17.8099975586 -18.5933227539 -18.5733184814 -18.3499755859 -19.0233764648 -18.5633392334 -18.1133270264 -18.3566589355 -17.9133300781 -17.6533203125 -17.5066833496 -17.6333618164 -17.4833221436 -17.3699798584 -17.6499938965 -17.7433319092 -17.8533172607 -18.3566741943 -18.2499847412 -18.6533508301 -19.3399963379 -19.2633514404 -19.3999938965 -19.4199981689 -19.3399810791 -19.4566497803 -19.7899780273 -20.1133117676 -20.3499755859 -20.4799652100 -20.5066528320 -20.4566955566 -20.7700042725 -20.7999725342 -20.6366882324 -20.6699981689 -20.8099822998 -20.5833129883 -20.6399841309 -20.9166870117 -21.6966552734 -21.9533691406
-17.1566467285 -17.6800079346 -17.1533660889 -17.1366577148 -18.4233093262 -18.7033386230 -18.5700225830 -18.7433013916 -18.8199768066 -17.6899871826 -18.7633819580 -18.2133331299 -18.2666473389 -18.2099761963 -17.9566497803 -17.9033203125 -17.6533203125 -17.1966705322 -16.9766845703 -16.9666442871 -17.1566925049 -17.1399841309 -17.2366638184 -17.4333496094 -17.0433349609 -17.7500000000 -18.1933288574 -18.8299865723 -19.5633087158 -19.7033233643 -20.0000152588 -20.2099456787 -20.2166595459 -20.1566772461 -19.9800109863 -19.9166717529 -19.8499908447 -19.8733520508 -20.0166625977 -20.0433502197 -20.2666778564 -20.3000183105 -20.1533508301 -19.6966400146 -20.1099853516 -20.5533142090 -21.0299835205 -21.3133544922
-16.7633361816 -16.7433166504 -16.9199523926 -16.6866455078 -17.8766174316 -18.1500091553 -18.2333374023 -18.2199707031 -18.2900085449 -18.0700225830 -18.1267089844 -17.8733215332 -17.4366760254 -17.3733062744 -17.2233428955 -17.3632812500 -17.5433654785 -17.0299682617 -17.1033325195 -17.2033081055 -17.1799774170 -17.1799926758 -16.9566955566 -17.2266540527 -16.9366760254 -16.8233032227 -17.7733306885 -18.7000274658 -18.7300262451 -18.8700256348 -19.4033508301 -19.7733612061 -19.9799804688 -20.0999603271 -20.1333618164 -19.9499969482 -19.5900115967 -19.2199859619 -19.0566711426 -19.1033325195 -19.0433197021 -19.1933135986 -19.5233154297 -19.7699890137 -19.9900360107 -20.4066772461 -20.5332946777 -20.6766815186
-16.8500366211 -17.0199890137 -16.9833374023 -17.0699768066 -17.6366424561 -17.6266937256 -17.7066650391 -17.6900024414 -17.6600036621 -17.8333129883 -17.3999481201 -16.7500000000 -16.8899841309 -16.6333923340 -16.6066589355 -16.9900207520 -16.8733215332 -16.8733215332 -16.6499938965 -17.1233215332 -17.0066833496 -16.8033447266 -16.7833251953 -17.2833404541 -16.3533325195 -16.4033508301 -16.6333618164 -17.1666564941 -17.7066497803 -18.0399627686 -18.1667022705 -18.3100280762 -18.9432983398 -19.3500061035 -19.5800170898 -19.6099853516 -19.9567413330 -20.1000061035 -19.8399963379 -19.7766571045 -19.9100341797 -19.9466247559 -20.2833404541 -20.0366668701 -19.8633422852 -19.9833221436 -19.9933319092 -19.9133605957
-16.5333557129 -16.9199829102 -16.7866516113 -17.0500183105 -17.1133422852 -17.0932922363 -17.0733337402 -16.8666687012 -16.8333435059 -16.8166503906 -16.5599365234 -16.2066650391 -16.3699951172 -16.9466552734 -17.4566497803 -17.7433319092 -17.4333648682 -16.7966613770 -15.8733520508 -16.5633239746 -16.6232910156 -16.7166137695 -16.3999633789 -16.2999877930 -15.7800292969 -15.9233093262 -16.3433227539 -16.7466735840 -18.1866912842 -17.5200042725 -18.5533905029 -18.2000274658 -18.4233398438 -18.9333190918 -19.2466583252 -19.5933227539 -19.6299438477 -19.6800079346 -19.6132812500 -19.6566772461 -19.2733154297 -19.3133392334 -19.1300201416 -18.9066467285 -18.9333190918 -19.2500000000 -19.4766693115 -19.4933471680
-15.7100219727 -16.1933288574 -16.1766662598 -16.2466735840 -16.2266845703 -16.1833190918 -15.9566650391 -15.7300109863 -15.4966735840 -15.6833190918 -15.9333190918 -16.7200012207 -17.4133605957 -17.8033294678 -19.4866485596 -19.0866394043 -19.2666778564 -17.7400360107 -17.1066284180 -16.6933593750 -15.8433532715 -16.0433349609 -15.9266662598 -16.1233520508 -16.0966796875 -16.2733459473 -16.1833190918 -16.6466674805 -17.5033111572 -17.7166595459 -17.8466186523 -17.9766845703 -17.4199829102 -17.8032989502 -18.2333831787 -18.0666961670 -18.1066894531 -18.1533508301 -18.2799682617 -18.1166687012 -18.4599914551 -18.5766754150 -18.5133361816 -18.7833404541 -18.8033599854 -18.8266906738 -18.6500244141 -18.8699798584
-15.6632995605 -15.7666625977 -15.6500244141 -15.7266845703 -15.7066345215 -15.2833557129 -15.1466369629 -15.1199951172 -15.2900085449 -15.3799743652 -17.4666900635 -18.1799774170 -18.8566589355 -20.0599975586 -19.1300048828 -18.6166687012 -19.8899688721 -18.4533233643 -18.2333526611 -18.1366729736 -17.6600036621 -16.1600036621 -15.7566833496 -15.7633056641 -15.7600402832 -16.0566711426 -15.7633361816 -15.8566589355 -16.6066589355 -16.8700256348 -17.5333557129 -17.3766632080 -16.9066772461 -16.4432678223 -16.5066833496 -16.4500122070 -16.9900207520 -17.3166809082 -18.1500396729 -18.3767089844 -18.0066528320 -18.1432952881 -18.0666809082 -17.7466888428 -17.8833770752 -17.9000091553 -17.7266693115 -17.8566436768
-15.4499816895 -15.4266662598 -14.8099975586 -14.9033203125 -14.8833618164 -14.9666748047 -15.1466979980 -15.5199890137 -16.1133117676 -16.4266357422 -17.7266693115 -18.0033264160 -18.9999694824 -19.0866699219 -19.5733337402 -18.9500274658 -17.8133087158 -18.4033355713 -17.4533538818 -16.9700012207 -15.8866577148 -16.3966674805 -16.7200012207 -15.5400390625 -15.2400207520 -15.2266845703 -15.5466613770 -15.3333435059 -15.7300109863 -16.9666748047 -17.9466705322 -16.9967041016 -16.5633544922 -16.1199951172 -16.2800292969 -16.6199951172 -17.8466186523 -17.8733215332 -17.1099853516 -17.3333740234 -17.2666625977 -17.1066284180 -17.4366760254 -17.1300354004 -17.2599792480 -17.3933258057 -17.6066741943 -17.9500122070
