model_inputs/inputs/tas3.asc
ncols 720
nrows 360
xllcorner -180
yllcorner -90
cellsize 0.500000
NODATA_value 9999.000000
[rows 168 to 188 of 360, columns 192 to 239 of 720]
9999.0000000000 9999.0000000000 9999.0000000000 9999.0000000000 9999.0000000000 9999.0000000000 9999.0000000000 9999.0000000000 9999.0000000000 9999.0000000000 9999.0000000000 9999.0000000000 9999.0000000000 25.4566345215 26.1933288574 20.8300476074 21.4066467285 17.0967102051 26.7700500488 24.7266845703 15.9366760254 13.2633056641 13.5566711426 22.3666992188 28.2600097656 28.6566772461 28.8766784668 29.0633544922 28.6566162109 28.7500000000 29.0500183105 29.5400390625 29.8233642578 28.7033691406 25.5066833496 21.3866577148 23.1766052246 21.5633239746 24.5567016602 26.0233459473 24.2133178711 25.2167053223 23.3066406250 22.7900085449 20.0233764648 20.7332458496 23.5666198730 23.5733337402
9999.0000000000 9999.0000000000 9999.0000000000 9999.0000000000 9999.0000000000 9999.0000000000 9999.0000000000 9999.0000000000 9999.0000000000 9999.0000000000 9999.0000000000 9999.0000000000 9999.0000000000 26.1199951172 26.2532958984 22.0733337402 20.6566467285 15.4533386230 25.7500000000 19.0033264160 12.9133300781 16.1299743652 20.7333374023 27.8266601562 28.5133056641 28.5133666992 28.5099792480 28.5033264160 28.3999633789 28.6133422852 29.0100402832 29.5233459473 29.3332519531 26.5267028809 24.5199584961 27.0000610352 27.2833557129 23.7666625977 25.4599609375 25.5400085449 25.6366882324 26.0166931152 25.5099792480 21.8900146484 20.9800415039 20.2500000000 20.6832885742 22.1033630371
9999.0000000000 9999.0000000000 9999.0000000000 9999.0000000000 9999.0000000000 9999.0000000000 9999.0000000000 9999.0000000000 9999.0000000000 9999.0000000000 9999.0000000000 9999.0000000000 9999.0000000000 26.1666564941 26.1933593750 19.3166503906 20.2100219727 11.6199645996 24.8866577148 15.5667114258 13.6899719238 21.8966369629 27.3933410645 28.2966613770 28.4100036621 28.3133850098 28.3166198730 28.3199768066 28.2167053223 28.4299621582 28.8333435059 29.1366577148 28.8499755859 25.6500549316 24.8500061035 28.4266662598 26.7167053223 26.0966796875 24.4732971191 23.2633056641 24.8466796875 25.4266357422 24.8200073242 24.3999938965 22.8799438477 22.7633361816 22.2000122070 23.7299804688
9999.0000000000 9999.0000000000 9999.0000000000 9999.0000000000 9999.0000000000 9999.0000000000 9999.0000000000 9999.0000000000 9999.0000000000 9999.0000000000 9999.0000000000 9999.0000000000 9999.0000000000 25.9667053223 24.9500427246 21.3733825684 16.0733642578 21.9632873535 26.1399536133 12.9366760254 18.7867126465 27.5033569336 27.7132873535 28.0133361816 28.0267028809 28.1233520508 28.1199645996 28.1300048828 28.1366882324 28.1333312988 28.3500366211 28.5533752441 28.5599975586 28.3666687012 27.2699584961 27.4566650391 24.1466674805 22.9300231934 23.9133605957 24.2033081055 24.0800170898 23.8700256348 24.8566894531 24.8233337402 24.8099975586 24.7933044434 25.1066589355 25.4333496094
9999.0000000000 9999.0000000000 9999.0000000000 9999.0000000000 9999.0000000000 9999.0000000000 9999.0000000000 9999.0000000000 9999.0000000000 9999.0000000000 9999.0000000000 9999.0000000000 9999.0000000000 26.1766662598 22.7233276367 19.6366577148 13.9266967773 25.9200134277 21.3033142090 13.3833007812 24.7533569336 27.4866638184 27.7299804688 27.8399963379 27.8400268555 28.0366821289 28.2467041016 28.2466430664 28.0666809082 27.9533691406 28.1700134277 27.9800720215 28.1800231934 28.3966674805 27.9933776855 26.5866699219 24.6800231934 24.7633361816 25.0499877930 23.1200256348 25.8099670410 25.5867614746 24.9732666016 26.5633850098 26.4332885742 27.6000061035 27.4100341797 27.4500427246
9999.0000000000 9999.0000000000 9999.0000000000 9999.0000000000 9999.0000000000 9999.0000000000 9999.0000000000 9999.0000000000 9999.0000000000 9999.0000000000 9999.0000000000 9999.0000000000 9999.0000000000 26.1833496094 21.8399963379 18.8033447266 15.6900329590 25.3833923340 20.6766662598 23.5599670410 26.2232971191 27.4666137695 27.5966491699 27.6232910156 27.7533264160 27.8500061035 27.8666687012 27.9700012207 27.8733520508 27.8732910156 27.7766723633 27.6966552734 27.7033081055 28.1066894531 28.2133789062 27.9200439453 26.8000183105 27.1900024414 26.3733520508 23.1499938965 24.4400024414 25.6300048828 26.7933349609 27.1733398438 27.4500122070 27.7266235352 27.6366577148 27.5733337402
9999.0000000000 9999.0000000000 9999.0000000000 9999.0000000000 9999.0000000000 9999.0000000000 9999.0000000000 9999.0000000000 9999.0000000000 9999.0000000000 9999.0000000000 9999.0000000000 26.6533203125 24.5066833496 18.6799926758 13.2266540527 18.6533508301 22.2533569336 19.5333557129 26.4200134277 24.1967468262 27.4266662598 27.5699768066 27.6033325195 27.4367065430 27.3700256348 27.4866638184 27.3867187500 27.5899963379 27.5966491699 27.4066772461 27.1099853516 27.4200134277 27.7399597168 27.9333496094 27.9367370605 26.9332885742 26.5133666992 27.1966247559 23.6833496094 23.1666564941 24.6466674805 26.5199890137 26.8900146484 27.2666015625 27.6466674805 27.5533447266 27.2767333984
9999.0000000000 9999.0000000000 9999.0000000000 9999.0000000000 9999.0000000000 9999.0000000000 9999.0000000000 9999.0000000000 9999.0000000000 9999.0000000000 26.1733398438 26.4233398438 26.3633117676 19.2533569336 14.9933776855 12.4499816895 21.2333068848 20.0299377441 25.6099853516 26.8900146484 25.6599731445 26.9033203125 26.5466613770 26.9633178711 27.1099853516 27.0499877930 27.1866149902 27.2133789062 27.2000427246 27.3099670410 27.3300781250 27.2300109863 27.0300292969 27.2532958984 27.6499938965 27.6633300781 24.5566711426 26.4500122070 26.8299865723 25.7100219727 24.0867004395 24.8699951172 26.4299621582 26.6099853516 26.9866638184 26.7666015625 27.3533020020 26.4900207520
9999.0000000000 9999.0000000000 9999.0000000000 9999.0000000000 9999.0000000000 9999.0000000000 9999.0000000000 9999.0000000000 9999.0000000000 9999.0000000000 26.5766601562 26.2299804688 23.8200073242 20.2799987793 14.4233093262 17.2732849121 20.8433227539 25.2866821289 26.2766723633 26.6566467285 26.7467041016 26.2733154297 26.2100219727 26.5400085449 25.9866333008 26.4100646973 26.8533325195 26.9866638184 26.6266479492 27.1300048828 27.1333312988 27.0533142090 26.8633728027 27.1699829102 27.3732910156 27.2799987793 25.4866638184 25.2633056641 24.3566894531 24.7299804688 26.7000122070 26.6832885742 26.4533386230 27.2233276367 26.2099914551 27.4000244141 26.9633483887 26.7133178711
9999.0000000000 9999.0000000000 9999.0000000000 9999.0000000000 9999.0000000000 9999.0000000000 9999.0000000000 9999.0000000000 26.4900512695 26.4400329590 26.1966552734 22.4733276367 16.3600158691 16.3033142090 17.7466735840 23.1066894531 25.5699768066 25.9633178711 26.1499633789 26.4433288574 26.5133361816 26.0566711426 25.9866638184 26.6233215332 26.5532836914 26.2033386230 26.6300048828 26.7566833496 26.9933166504 27.0365600586 26.9599914551 26.9600219727 26.9766540527 27.0767211914 27.0999755859 25.2933959961 23.1999816895 20.1000061035 23.7699890137 26.2433166504 26.1267089844 27.2033691406 27.1633300781 26.9533081055 27.0266723633 27.3099670410 27.2000427246 27.0199890137
9999.0000000000 9999.0000000000 9999.0000000000 9999.0000000000 9999.0000000000 9999.0000000000 9999.0000000000 26.2533264160 25.4099731445 25.7600097656 24.1266479492 17.5300292969 11.1866760254 16.3233337402 24.3666992188 25.8233337402 26.0866699219 26.1466369629 26.2200317383 26.4067077637 26.2933654785 26.4233398438 26.1699829102 26.5933227539 26.5333251953 26.6599426270 26.5966491699 26.7400512695 26.6700134277 26.7133789062 26.6533813477 26.6766967773 26.7000427246 26.8066711426 26.8033752441 25.9133300781 22.9132995605 23.8000183105 25.9866638184 27.0599975586 27.1466979980 27.2200012207 27.3900146484 27.3632812500 27.3466796875 27.3334045410 27.1266784668 27.0400390625
9999.0000000000 9999.0000000000 9999.0000000000 9999.0000000000 9999.0000000000 9999.0000000000 9999.0000000000 25.5632934570 25.5200195312 25.5833435059 19.3866882324 13.6666870117 15.0999755859 23.8533630371 25.8933105469 26.2566528320 26.3100280762 26.2799987793 26.2866821289 26.4699707031 26.2632751465 26.4099731445 26.6366271973 26.5666503906 26.3133239746 26.5400085449 26.4733276367 26.5100097656 26.4533691406 26.4933166504 26.5333557129 26.4699707031 26.5066833496 26.6266784668 26.7233276367 26.7166137695 26.7199401855 26.8133850098 26.8933105469 27.1733398438 27.2466430664 27.3266601562 27.3099975586 27.2833251953 27.3633117676 27.2500000000 27.1432800293 27.1466674805
9999.0000000000 9999.0000000000 9999.0000000000 9999.0000000000 9999.0000000000 9999.0000000000 9999.0000000000 26.5700073242 25.6299438477 24.2433471680 15.8566589355 11.6900329590 17.4166564941 24.6599731445 26.2199401855 26.3767089844 26.5399475098 26.6966857910 26.9633178711 26.9532775879 26.7300415039 26.7767333984 26.6266784668 26.6466369629 26.9833374023 26.9166564941 26.5433044434 26.4033508301 26.4367065430 26.3633728027 26.3133239746 26.2467041016 26.5866699219 26.6166381836 26.7366638184 26.8300170898 26.9333190918 27.2166137695 27.3099975586 27.3833312988 27.4633483887 27.5467224121 27.5200195312 27.4966430664 27.4766540527 27.2700195312 26.7633361816 26.5632629395
9999.0000000000 9999.0000000000 9999.0000000000 9999.0000000000 9999.0000000000 9999.0000000000 25.7500000000 26.7000122070 26.2966613770 22.5099792480 10.7699890137 10.6966857910 20.1499633789 25.3933715820 26.2432861328 26.3933715820 26.5600280762 27.1233215332 27.1866760254 27.1166381836 27.1066284180 26.8633728027 26.8966674805 26.9266662598 26.8566894531 26.7933654785 26.4333801270 26.2733154297 26.4132995605 26.2566833496 26.1866760254 26.2366333008 26.4599609375 26.4899902344 26.6233215332 26.7399902344 26.9266662598 27.1333312988 27.2166442871 27.3100280762 27.3833618164 27.4599914551 27.5300292969 27.5200195312 27.5100097656 27.2966308594 26.7799987793 26.6766662598
9999.0000000000 9999.0000000000 9999.0000000000 9999.0000000000 9999.0000000000 9999.0000000000 26.4467163086 26.5633544922 26.8533935547 22.6566467285 11.1966552734 15.2266540527 23.7666625977 25.6166381836 26.1699829102 26.5266723633 26.7900085449 26.9466857910 27.1100463867 26.9866638184 26.9732971191 26.9333496094 26.8700561523 26.8000183105 26.7399597168 26.6733093262 26.6133422852 26.5533447266 26.2866210938 26.2300720215 26.1699829102 26.1933288574 26.4233398438 26.4566345215 26.5799865723 26.7199707031 26.9432983398 27.1333312988 27.2333374023 27.3166503906 27.3933410645 27.4733276367 27.4533386230 27.4333496094 27.4399719238 27.2133483887 27.0099487305 26.8999938965
9999.0000000000 9999.0000000000 9999.0000000000 9999.0000000000 9999.0000000000 9999.0000000000 26.2532958984 26.4033203125 27.3333740234 23.0733642578 11.5033264160 14.6499938965 24.0967102051 25.5400085449 26.0900268555 26.3466491699 26.6133728027 26.7733459473 26.9332885742 26.7900085449 26.7566528320 26.7133178711 26.7500305176 26.6733093262 26.6232910156 26.5599975586 26.4900207520 26.4299621582 26.2599487305 26.2000122070 26.1299743652 26.1533508301 26.4900207520 26.5300292969 26.5533447266 26.6933288574 26.9199829102 27.1299438477 27.2366027832 27.3266296387 27.3066711426 27.3733825684 27.3633117676 27.3533630371 27.3433532715 27.2399902344 27.2266845703 27.0100097656
9999.0000000000 9999.0000000000 9999.0000000000 9999.0000000000 9999.0000000000 26.3533325195 26.9499816895 26.9400024414 27.6766662598 23.6033630371 10.9400329590 14.1866455078 23.9166259766 25.2666320801 25.9133605957 26.2699890137 26.6333618164 26.6966247559 26.5566406250 26.4200134277 26.4133605957 26.4800109863 26.4166564941 26.3533325195 26.4899902344 26.4333496094 26.3766479492 26.2100219727 26.3399658203 26.2633361816 26.2966308594 26.3233642578 26.3566589355 26.4933776855 26.5299987793 26.6699829102 26.9866638184 27.1133422852 27.2300415039 27.3399963379 27.3199768066 27.2933044434 27.2766723633 27.2666931152 27.3633117676 27.3499450684 27.2466735840 27.0333251953
9999.0000000000 9999.0000000000 9999.0000000000 9999.0000000000 9999.0000000000 9999.0000000000 26.1567077637 27.4300231934 26.4800109863 14.7433471680 11.7933654785 20.2200317383 24.6566772461 25.1899719238 25.8466796875 26.0933532715 26.4566650391 26.5133361816 26.4833374023 26.3333129883 26.3067626953 26.3600158691 26.3066406250 26.2333068848 26.3699951172 26.3133239746 26.3433227539 26.1700134277 26.2933044434 26.2333679199 26.2566833496 26.3033142090 26.3433227539 26.5566711426 26.5866699219 26.6299743652 26.9566650391 27.1900024414 27.3233337402 27.3366394043 27.3266906738 27.2100524902 27.1899719238 27.1900024414 27.2900085449 27.2566223145 27.2666931152 27.2533569336
9999.0000000000 9999.0000000000 9999.0000000000 9999.0000000000 9999.0000000000 9999.0000000000 9999.0000000000 27.0667114258 23.2900085449 15.2799682617 15.4366455078 22.8732910156 25.1033630371 25.6400146484 25.9899597168 26.1366882324 26.3933410645 26.4466857910 26.5066833496 26.4667053223 26.4366455078 26.4300231934 26.3833618164 26.3133850098 26.4500427246 26.3866577148 26.2033996582 26.1367187500 26.2600097656 26.1966857910 26.3332824707 26.3666381836 26.4066162109 26.5299987793 26.6632995605 26.7899780273 27.0233154297 27.1533508301 27.3800048828 27.2999572754 27.2399902344 27.1200561523 27.1033325195 27.1033325195 27.0899963379 27.1766662598 27.2733154297 27.2666931152
9999.0000000000 9999.0000000000 9999.0000000000 9999.0000000000 9999.0000000000 9999.0000000000 26.7366638184 25.4799804688 21.0833435059 13.6900329590 19.3833007812 21.9200134277 25.2566833496 26.0066528320 26.1466369629 26.1966552734 26.4499816895 26.4066772461 26.5432739258 26.6033630371 26.5599975586 26.4166564941 26.4600219727 26.3833312988 26.4132690430 26.3432922363 26.1799926758 25.9966430664 26.2366943359 26.2733764648 26.2966308594 26.3266601562 26.3633422852 26.6000061035 26.7333068848 26.7733459473 26.9967041016 27.1300048828 27.2599792480 27.1866760254 27.1166992188 26.9366760254 26.9266967773 27.0066833496 26.9999694824 27.0833129883 27.0666198730 27.0599975586
9999.0000000000 9999.0000000000 9999.0000000000 9999.0000000000 9999.0000000000 26.1566772461 24.8399658203 24.3633422852 20.2833557129 16.3033142090 18.6066589355 22.5833129883 25.1133422852 26.1633605957 26.4033508301 26.4533081055 26.5033569336 26.6833496094 26.7366333008 26.8099975586 26.7533264160 26.6499633789 26.5699462891 26.4765930176 26.5200500488 26.5366516113 26.3666687012 26.3000183105 26.3333129883 26.4599914551 26.4900512695 26.5333251953 26.6633605957 26.6933288574 26.7266235352 26.9599914551 26.9899597168 27.1100158691 27.0400390625 26.9800109863 26.8999633789 26.8333435059 26.7233276367 26.8099975586 26.8833618164 26.9500122070 26.9466857910 27.0499572754
