model_inputs/inputs/tas3.asc
ncols 720
nrows 360
xllcorner -180
yllcorner -90
cellsize 0.500000
NODATA_value 9999.000000
[rows 42 to 62 of 360, columns 144 to 191 of 720]
-27.5366668701 -27.6233520508 -27.9266357422 -28.1233367920 -28.3366394043 -27.9466400146 -28.3500213623 -28.1566772461 -28.2833251953 -28.3999938965 -28.3233642578 -28.3466339111 -28.4633178711 9999.0000000000 9999.0000000000 -28.7266998291 -28.7566528320 -28.9666595459 -29.0800476074 -29.5100097656 -29.8300018311 -29.8400421143 -29.8700256348 -29.9899902344 -30.0032806396 -29.8366546631 -29.8699798584 -30.3000183105 -30.1466827393 -30.4633789062 -30.4200286865 -30.1533660889 -30.3966522217 -29.8266906738 -28.8600006104 9999.0000000000 -27.8966827393 -28.2100067139 -27.9433288574 -27.4533233643 9999.0000000000 9999.0000000000 9999.0000000000 9999.0000000000 -27.7733306885 -26.9766845703 -27.2033691406 -27.8999938965
-27.1166534424 -27.2066497803 -27.4099884033 -27.7166748047 -28.0366668701 -28.0600280762 -27.9700164795 -27.6666870117 -27.6766662598 -27.7866668701 9999.0000000000 9999.0000000000 9999.0000000000 9999.0000000000 9999.0000000000 9999.0000000000 9999.0000000000 9999.0000000000 -28.7700195312 -29.2900238037 -29.4200134277 -29.6433410645 -29.6566619873 -29.3766632080 -29.4033203125 -29.5200042725 -29.7566528320 -29.9833831787 -30.2233276367 -30.2566223145 -30.1999664307 -29.9566345215 -29.6999969482 -29.3300018311 -28.7500000000 -28.1733093262 -27.8866729736 -28.0066375732 -27.6266479492 -27.1466522217 -27.3633422852 9999.0000000000 -26.5833435059 9999.0000000000 -26.7933502197 -27.4000091553 -27.4933319092 -27.7033386230
-26.9933166504 -27.3999786377 -27.5066528320 -27.6233520508 -28.2599945068 -28.3600006104 -28.4799804688 -28.3899841309 -28.3866729736 -28.4066467285 -28.2100067139 -27.9266967773 -28.0399932861 -28.0566406250 -28.2866973877 -28.7033691406 -28.5200042725 -28.6466522217 -28.8633270264 -28.9866485596 -29.1066589355 -29.2166748047 -29.4400177002 -29.4599914551 -29.0733337402 -29.7133789062 -30.0399780273 -30.0800323486 -30.1999664307 -30.3400421143 -30.1833190918 -30.1299896240 -29.8800506592 -29.4300079346 -29.0399780273 -28.5566864014 -28.2833404541 -28.3033294678 -28.1166992188 -27.3266601562 9999.0000000000 9999.0000000000 -26.4733276367 -26.6766815186 -27.2900085449 -27.5933380127 -27.4899749756 -27.8100280762
-26.3099975586 -26.8099822998 -27.0333404541 -27.1533203125 -27.6633605957 -27.8733367920 -28.0000152588 -28.0966491699 -28.2033538818 -28.2100067139 -28.3200073242 -28.4200134277 -28.5233001709 -28.6466674805 -28.8666687012 -28.9899902344 -28.4067077637 -28.5200042725 -28.7466583252 -28.8666687012 -28.9900207520 -29.1099700928 -29.2400207520 -29.1533355713 -29.1700134277 -29.2899627686 -29.7399902344 -29.9599914551 -29.9033050537 -29.8233489990 -29.7599792480 -29.7166748047 -29.6400299072 -29.4833526611 -29.2200164795 -28.8499450684 -28.7767028809 -28.5000000000 -28.1100006104 -27.9266815186 -27.1499938965 -26.5699768066 -26.6866607666 -27.1933746338 -27.0933380127 -27.1033325195 -27.1000366211 -27.3200073242
-26.6033172607 -26.8166961670 -26.9433593750 -27.0666656494 -27.2699584961 -27.3866577148 -27.5066833496 -27.6166687012 -27.7200164795 -27.8299713135 -27.9366607666 -28.0366821289 -28.1399993896 -28.2433013916 -28.2466430664 -28.2700042725 -28.1866912842 -28.3133697510 -28.4300079346 -28.5500030518 -28.7733459473 -28.8899688721 -29.0099945068 -29.0233612061 -29.0533294678 -29.2833251953 -29.8300323486 -29.9499359131 -29.8799896240 -29.9233093262 -29.7433471680 -29.1833190918 -29.3166809082 -29.1566925049 -29.2866821289 -29.1099853516 -28.7467041016 -28.2733612061 -28.1066741943 -27.9166870117 -27.6433410645 -27.1566772461 -26.7766723633 -26.7000122070 -26.6999969482 -26.7066802979 -26.8133544922 -26.6266632080
-26.1066741943 -26.2333679199 -26.3433227539 -26.4733123779 -26.6833648682 -26.7966766357 -26.9033050537 -27.0299835205 -27.2299804688 -27.3366851807 -27.4500274658 -27.5533599854 -27.7700042725 -27.8566589355 -27.8733215332 -27.8833160400 -27.7733612061 -27.8966674805 -28.1099853516 -28.2433471680 -28.3699798584 -28.4800262451 -28.5933532715 -28.7266235352 -28.8433532715 -29.0800018311 -29.3966674805 -29.5400085449 -29.5666656494 -29.6933593750 -29.6399993896 -29.1500244141 -28.8866424561 -28.7266540527 -28.6533203125 -28.5766906738 -28.3099822998 -28.1366271973 -27.9733276367 -27.6999969482 -27.4266662598 -26.9466552734 -26.5632934570 -26.2866516113 9999.0000000000 -26.4166564941 -26.2399902344 -26.4500122070
-25.6166229248 -25.8500061035 -25.9633331299 -26.0866851807 -26.1933593750 -26.4100036621 -26.5133514404 -26.7400054932 -26.8499603271 -27.0533599854 -27.1633605957 -27.3666534424 -27.3666381836 -27.5800018311 -27.5833282471 -27.7833251953 -27.4000091553 -27.4933319092 -27.7066345215 -27.8300170898 -27.9433288574 -28.0633239746 -28.1833801270 -28.3099670410 -28.3266601562 -28.6567077637 -28.9933471680 -29.0267028809 -28.9667053223 -28.9900054932 -28.9100036621 -28.8299865723 -28.6566772461 -28.2866516113 -28.2266540527 -28.0433349609 -27.3833312988 -27.0033569336 -27.0333709717 -27.0567169189 -26.8999938965 -26.6333312988 -26.1600036621 -26.0766754150 -25.9066467285 -26.0333251953 -26.0533294678 -25.8666687012
-25.0233459473 -25.1499938965 -25.2666625977 -25.3833312988 -25.5999908447 -25.7066650391 -25.9266662598 -26.1533050537 -26.2600097656 -26.4533386230 -26.6733245850 -26.7699890137 -26.8866882324 -27.0900115967 -27.0966491699 -27.2866821289 -27.0066680908 -27.2066345215 -27.3199920654 -27.5266876221 -27.6399536133 -27.7599792480 -27.8900299072 -27.9865875244 -27.9166412354 -27.9466400146 -28.0833435059 -28.2066650391 -28.3466796875 -28.3800048828 -28.3899841309 -28.4100341797 -28.3099822998 -28.1566772461 -28.0833435059 -27.9133148193 -27.8499908447 -27.2733154297 -26.7066650391 -26.4300079346 -26.3600311279 -25.9966430664 9999.0000000000 -25.6733093262 -25.8099975586 -25.8466796875 -25.9766693115 -26.1999969482
-24.2399902344 -24.3533325195 -24.5732879639 -24.6933288574 -24.8900146484 -25.0166625977 -25.2333831787 -25.4332885742 -25.6633148193 -25.8700103760 -26.0700225830 -26.2866821289 -26.3800201416 -26.5033264160 -26.3100128174 -26.2133331299 -26.4167022705 -26.5299682617 -26.6367034912 -26.7433319092 -26.8367004395 -26.9500122070 -27.0667114258 -27.1866760254 -27.3033447266 -27.4399719238 -27.4633483887 -27.5033569336 -27.5433197021 -27.5633392334 -27.5766754150 -27.4900207520 -27.4066925049 -27.3299713135 -27.2466583252 -27.1900024414 -27.2099914551 -27.1467132568 -26.8600463867 -26.4066925049 -26.0333251953 -25.7733154297 9999.0000000000 -25.4666595459 -25.5000000000 -25.5266723633 -25.9733276367 -26.7166748047
-23.4533233643 -23.6633300781 -23.7833099365 -23.9833221436 -24.1100158691 -24.3200073242 -24.5366668701 -24.7433624268 -24.9566497803 -25.1700134277 -25.4833221436 -25.6966400146 -25.7899475098 -25.9033355713 -25.9066925049 -25.9132995605 -25.9199829102 -26.0433349609 -26.0333404541 -26.2433319092 -26.4466552734 -26.6733398438 -26.6766815186 -26.5766601562 -26.3933258057 -26.5333099365 -26.5599822998 -26.6866607666 -26.9166412354 -26.9433746338 -26.9633178711 -26.8766632080 -26.9833374023 -26.8966522217 -26.7233276367 -26.6566772461 -26.3767089844 -26.2066955566 -26.0466461182 -25.6866912842 -25.7266540527 9999.0000000000 9999.0000000000 -25.1433105469 -25.1933441162 -25.1266784668 -25.3633422852 -25.7099761963
-22.7466888428 -22.8666381836 -22.9900054932 -23.1866760254 -23.3133087158 -23.5200042725 -23.7399902344 -23.9466552734 -24.0733184814 -24.3800048828 -24.5933074951 -24.7033538818 -25.0999603271 -25.1999816895 -25.3099975586 -25.5266571045 -25.5299835205 -25.5399780273 -25.7433319092 -25.7466735840 -25.8500518799 -25.8733062744 -25.8766632080 -26.0099945068 -26.1300354004 -26.1499938965 -26.2733764648 -26.3899993896 -26.2100067139 -26.2100067139 -26.2200012207 -26.2566375732 -26.2599792480 -26.1666717529 -26.1866607666 -25.9166564941 -25.8433837891 9999.0000000000 -25.4266510010 9999.0000000000 9999.0000000000 -24.8433532715 -24.8866577148 -24.8233337402 -24.7566070557 -24.9066772461 -24.9466857910 -24.7899932861
-21.8666687012 -22.0733032227 -22.0866851807 -22.3066406250 -22.5100097656 -22.7266387939 -22.7332916260 -23.0500030518 -23.4700012207 -23.7799987793 -23.7966918945 -24.0099945068 -24.1066741943 -24.3133392334 -24.8232879639 -25.1266174316 -25.2433319092 -25.4466400146 -25.4533386230 -25.2666625977 -25.2766723633 -25.2733154297 -25.4966583252 -25.5567016602 -25.5632781982 -25.6833343506 -25.8166503906 -25.8233032227 -25.8433227539 -25.7466888428 -25.7433319092 -25.7433013916 -26.0666503906 -26.0533905029 -25.7533416748 9999.0000000000 9999.0000000000 9999.0000000000 9999.0000000000 9999.0000000000 9999.0000000000 9999.0000000000 9999.0000000000 9999.0000000000 -24.1666870117 -24.2900085449 -24.2400054932 9999.0000000000
-21.1766815186 -21.2899780273 -21.4999694824 -21.6199798584 -21.8266601562 -22.1399841309 -22.3500213623 -22.6666412354 -22.7833251953 -22.9966888428 -23.1933593750 -23.5000305176 -23.7199859619 -24.0133514404 -24.3399810791 -24.4333648682 -24.6466369629 -24.7600097656 -24.7633514404 -24.4733734131 -24.5800018311 -24.8100128174 -24.8366851807 -24.9966888428 -25.0000000000 -25.0266418457 -25.1399841309 -25.2566528320 -25.1533508301 -25.1766510010 -25.0666503906 -25.0867004395 -25.0766906738 -24.9833068848 -24.8533477783 9999.0000000000 9999.0000000000 9999.0000000000 9999.0000000000 9999.0000000000 9999.0000000000 9999.0000000000 9999.0000000000 9999.0000000000 9999.0000000000 9999.0000000000 9999.0000000000 9999.0000000000
-20.0933227539 -20.4000091553 -20.6033630371 -20.7233428955 -20.9266510010 -21.2433471680 -21.4633483887 -21.7633514404 -21.8766784668 -22.1033477783 -22.4099731445 -22.8200378418 -23.1299896240 -23.5366516113 -23.7366180420 -23.8533020020 -23.9600067139 -24.0633544922 -24.0799865723 -24.0866699219 -24.0933074951 -24.1333007812 -24.1933441162 -24.2333221436 -24.2399902344 -24.2566375732 -24.4766998291 -24.5799713135 -24.5900115967 -24.5033416748 -24.3000183105 -24.3099822998 9999.0000000000 9999.0000000000 9999.0000000000 9999.0000000000 9999.0000000000 9999.0000000000 9999.0000000000 9999.0000000000 9999.0000000000 9999.0000000000 9999.0000000000 9999.0000000000 9999.0000000000 9999.0000000000 9999.0000000000 9999.0000000000
-19.0133361816 -19.2133178711 -19.5200195312 -19.7166748047 -20.0299987793 -20.2533416748 -20.4533386230 -20.8799896240 -21.1933441162 -21.4133605957 -21.8233032227 -22.1333312988 -22.7299804688 -23.1566619873 -23.3466796875 -23.4633026123 -23.3666992188 -23.4867095947 -23.3800048828 -23.4967041016 -23.5333099365 -23.4766540527 -23.5433349609 -23.4733581543 -23.5899963379 -23.5799713135 -23.6999969482 -23.7100219727 -23.7133483887 -23.6266784668 9999.0000000000 9999.0000000000 9999.0000000000 9999.0000000000 9999.0000000000 9999.0000000000 9999.0000000000 9999.0000000000 9999.0000000000 9999.0000000000 9999.0000000000 9999.0000000000 9999.0000000000 9999.0000000000 9999.0000000000 9999.0000000000 9999.0000000000 9999.0000000000
-18.0100097656 -18.3266754150 -18.5399627686 -18.8366699219 -19.0433349609 -19.2700042725 -19.4733581543 -19.8866882324 -20.2099914551 -20.6299896240 -20.9400482178 -21.3500061035 -21.9499664307 -22.4700469971 -22.7666778564 -22.7733001709 -22.5800628662 -22.5933227539 -22.6000061035 -22.7333526611 -22.7633361816 -22.6300201416 -22.9033508301 -22.9066467285 -22.9199981689 -23.0333099365 -23.0299987793 -22.9399871826 -22.8333435059 9999.0000000000 9999.0000000000 9999.0000000000 9999.0000000000 9999.0000000000 9999.0000000000 9999.0000000000 9999.0000000000 9999.0000000000 9999.0000000000 9999.0000000000 9999.0000000000 9999.0000000000 9999.0000000000 9999.0000000000 9999.0000000000 9999.0000000000 9999.0000000000 9999.0000000000
-17.2266845703 -17.5267028809 -17.8400115967 -18.1499938965 -18.1633300781 -18.3700103760 -18.5933227539 -18.8066711426 -19.0100250244 -19.4400177002 -19.8466796875 -20.2566680908 -20.8666687012 -21.2700042725 -21.6733703613 -21.7966613770 -21.6966705322 -21.7067108154 -21.8266601562 -21.8666687012 -21.8099975586 -21.8733062744 -22.0433502197 -22.1399688721 -22.1633148193 -22.0699920654 -22.0633392334 -21.9599914551 9999.0000000000 9999.0000000000 9999.0000000000 9999.0000000000 9999.0000000000 9999.0000000000 9999.0000000000 9999.0000000000 9999.0000000000 9999.0000000000 9999.0000000000 9999.0000000000 9999.0000000000 9999.0000000000 9999.0000000000 9999.0000000000 9999.0000000000 9999.0000000000 9999.0000000000 9999.0000000000
-16.1166687012 -16.5299987793 -16.8500366211 -17.0666503906 -17.1766510010 -17.3867034912 -17.5033264160 -17.7066497803 -18.1333312988 -18.5466461182 -18.8566741943 -19.1733398438 -19.8833465576 -20.4866333008 -20.6033782959 -20.5966491699 -20.6166534424 -20.7333374023 -20.8733520508 -21.0066680908 -21.0633392334 -21.0399780273 -21.1866607666 -21.1900177002 -21.2033386230 -21.1966705322 -21.2833251953 9999.0000000000 9999.0000000000 9999.0000000000 9999.0000000000 9999.0000000000 9999.0000000000 9999.0000000000 9999.0000000000 9999.0000000000 9999.0000000000 9999.0000000000 9999.0000000000 9999.0000000000 9999.0000000000 9999.0000000000 9999.0000000000 9999.0000000000 9999.0000000000 9999.0000000000 9999.0000000000 9999.0000000000
-14.6100158691 -15.0366821289 -15.4599914551 -15.7633056641 -16.1766357422 -16.3100280762 -16.3200073242 -16.4233398438 -16.7366638184 -17.2566680908 -17.7733306885 -18.2933349609 -18.8967285156 -19.3066406250 -19.5099792480 -19.4199829102 -19.5399780273 -19.7733459473 -19.9033050537 -20.1499633789 -20.2133026123 -20.3866882324 -20.4266662598 -20.4366607666 -20.4299774170 -20.4266815186 -20.1233520508 9999.0000000000 9999.0000000000 9999.0000000000 9999.0000000000 9999.0000000000 9999.0000000000 9999.0000000000 9999.0000000000 9999.0000000000 9999.0000000000 9999.0000000000 9999.0000000000 9999.0000000000 9999.0000000000 9999.0000000000 9999.0000000000 9999.0000000000 9999.0000000000 9999.0000000000 9999.0000000000 9999.0000000000
-13.0066833496 -13.4333190918 -13.8533325195 -14.2699890137 -14.6933593750 -14.7000122070 -14.7166748047 -15.0499877930 -15.3499755859 -15.9633483887 -16.5833129883 -17.2066650391 -17.8233184814 -18.2299804688 -18.5233306885 -18.4466247559 -18.5699920654 -18.7066497803 -18.8433837891 -19.0966644287 -19.2833099365 -19.4500122070 -19.4600524902 -19.4700012207 -19.4666748047 -19.4599914551 -19.2500152588 9999.0000000000 9999.0000000000 9999.0000000000 9999.0000000000 9999.0000000000 9999.0000000000 9999.0000000000 9999.0000000000 9999.0000000000 9999.0000000000 9999.0000000000 9999.0000000000 9999.0000000000 9999.0000000000 9999.0000000000 9999.0000000000 9999.0000000000 9999.0000000000 9999.0000000000 9999.0000000000 9999.0000000000
-12.6232910156 -13.0466918945 -13.2467041016 -13.3800048828 -13.1966247559 -13.5100097656 -13.6300354004 -13.7433471680 -14.0533447266 -14.6833496094 -15.3833312988 -16.1100158691 -16.6333618164 -17.1433410645 -17.2566833496 -17.3867187500 -17.3066406250 -17.5533447266 -17.7799987793 -18.0666809082 -18.3300018311 -18.6099700928 -18.6067047119 -18.6200256348 -18.7133331299 -18.6933135986 -18.7799835205 -18.8766784668 -18.9499969482 -18.7099761963 9999.0000000000 9999.0000000000 9999.0000000000 9999.0000000000 9999.0000000000 9999.0000000000 9999.0000000000 9999.0000000000 9999.0000000000 9999.0000000000 9999.0000000000 9999.0000000000 9999.0000000000 9999.0000000000 9999.0000000000 9999.0000000000 9999.0000000000 9999.0000000000
