model_inputs/inputs/tas4.asc
ncols 720
nrows 360
xllcorner -180
yllcorner -90
cellsize 0.500000
NODATA_value 9999.000000
[rows 63 to 83 of 360, columns 432 to 479 of 720]
5.1433715820 4.9366760254 4.8099670410 5.0466918945 5.1133422852 5.0533447266 4.7999572754 4.7833557129 4.9933471680 4.9032897949 4.8499755859 4.6933288574 4.7266235352 4.6399841309 4.6600036621 4.6566772461 4.8533630371 4.7699890137 4.8766784668 4.7966613770 4.8000488281 4.8166503906 4.8266601562 4.7200317383 4.7434082031 4.7333068848 4.7333679199 4.6199645996 4.3733215332 4.3233947754 4.1700134277 4.0166625977 3.9733581543 3.8333129883 3.5066528320 3.3866882324 3.7566833496 3.7233276367 3.6000061035 3.5733642578 3.6399841309 3.5166625977 3.3800048828 2.9366760254 2.6100158691 2.2999572754 2.3699951172 2.8833312988
5.1433410645 5.2266540527 5.2000122070 5.3533325195 5.2999877930 5.2600097656 5.2266845703 5.2200012207 5.4266662598 5.3199462891 5.3233032227 5.3500061035 5.2800903320 5.3066406250 5.3466796875 5.2699890137 5.3833007812 5.3699951172 5.2966613770 5.3166503906 5.3200073242 5.2366943359 5.2433166504 5.2500305176 5.2566833496 5.1566772461 5.0533447266 5.1267089844 4.7700195312 4.7167053223 4.4667053223 4.3133239746 4.1633300781 4.0100402832 3.8900451660 3.8533020020 3.7233276367 3.9100036621 3.9899597168 3.7666625977 3.7399902344 3.9433593750 3.6232910156 3.4900512695 3.2532958984 3.1166992188 2.6833496094 2.9533386230
5.5366821289 5.6233520508 5.7066955566 5.7600097656 5.7100219727 5.2733459473 5.4533386230 5.5566711426 5.7399902344 5.7133178711 5.5799560547 5.4933471680 5.5399780273 5.5666503906 5.7066650391 5.5199584961 5.6499938965 5.6766662598 5.7200012207 5.6366882324 5.6433410645 5.6533813477 5.5733337402 5.4799499512 5.4766845703 5.3800354004 5.3766784668 5.3233337402 5.2633056641 5.1133422852 5.0567016602 4.7000427246 4.4500122070 4.3000183105 4.1633300781 4.1333312988 4.2132873535 4.2966613770 4.3699645996 4.0566101074 3.7333374023 4.2566528320 3.9466857910 3.7233581543 3.5933532715 3.4633483887 3.4100036621 3.2633056641
5.9266357422 6.0100097656 6.2000122070 6.1599731445 5.9133605957 5.7000122070 5.6833496094 5.7600097656 5.8333435059 5.9032897949 5.9599609375 5.9632873535 5.9833374023 5.9133605957 5.9434204102 5.8700256348 6.0066528320 6.1433715820 6.1766967773 6.1166687012 6.1366577148 6.0733337402 5.9832763672 5.8966979980 5.5000000000 5.3999938965 5.3866271973 5.2333374023 5.1533203125 5.4067077637 5.2533569336 4.8999633789 4.7399902344 4.6933593750 4.6400146484 4.7300109863 4.8000183105 4.5833129883 4.4700317383 4.4432983398 4.2299804688 4.3466796875 3.6600036621 3.8700256348 3.8166503906 3.5766601562 3.4400024414 3.4933471680
6.1433410645 6.1100158691 6.1932983398 6.2599792480 6.1399536133 6.1100158691 5.9732971191 5.8399658203 6.1033020020 6.1799926758 6.2433471680 6.1333007812 6.2233581543 6.2500000000 6.2766723633 6.2133483887 6.4466857910 6.3933410645 6.3133544922 6.3433532715 6.2933349609 6.1199951172 6.1599731445 6.1966857910 6.1166381836 5.7166442871 5.6033020020 5.5266723633 5.2433166504 5.3000183105 5.5433349609 5.1866455078 4.9333190918 5.0733032227 5.0367126465 4.9200134277 5.0966491699 4.8833618164 4.8566589355 4.8233337402 4.8166809082 4.5433349609 4.2632751465 4.0433349609 3.9966430664 3.9466552734 3.6033325195 3.4667053223
6.3233337402 6.5133361816 6.6900329590 6.6800231934 6.6466674805 6.4966735840 6.4633483887 6.5200195312 6.3899841309 6.4666748047 6.3366394043 6.4100036621 6.3899841309 6.1933288574 6.1133728027 6.1466674805 6.1900024414 6.1299743652 6.1566772461 6.5033874512 6.2366638184 5.9700012207 5.9000244141 5.8466491699 5.9766235352 6.1033020020 6.1166076660 6.0166931152 5.6433105469 5.4866943359 5.5266723633 5.5766601562 5.4333190918 5.2866821289 5.2533264160 5.4166259766 5.3999633789 5.2666931152 5.1300048828 5.1133422852 4.9133300781 4.7300109863 4.2100219727 3.7800292969 4.2699890137 4.0166931152 3.7800292969 3.5433654785
6.7032775879 6.7833251953 6.8766479492 6.8499755859 6.8066711426 6.6733093262 6.7433166504 6.7000427246 6.6733093262 6.6499938965 6.7199707031 6.6733398438 6.5633850098 6.4566345215 6.4566345215 6.3933105469 6.3299865723 6.3666687012 6.3033142090 6.4400329590 6.3833007812 6.2166137695 6.1600341797 6.1866760254 6.2167053223 6.1300048828 6.3099975586 6.3800048828 6.1166687012 5.9533081055 5.9199829102 5.6666564941 5.4166564941 5.3900146484 5.4566650391 5.4100646973 5.3899841309 5.4633483887 5.5299682617 5.5000000000 5.3100280762 5.1033020020 4.2766723633 4.0399780273 4.2200012207 3.8966674805 3.4566955566 2.9200134277
6.8699951172 6.8699951172 6.9667053223 6.8199768066 6.7733154297 6.6400146484 6.8100280762 6.7900085449 6.9667053223 6.9299926758 6.9033508301 6.8700256348 6.8499755859 6.7399902344 6.6333312988 6.5500183105 6.5833435059 6.5133056641 6.5533142090 6.5799865723 6.4233398438 6.4633178711 6.3999633789 6.3333129883 6.2667236328 6.5400390625 6.6233520508 6.1966247559 6.1466674805 6.1133422852 5.9633483887 5.8133544922 5.4833374023 5.1533508301 5.4233093262 5.4967041016 5.4733581543 5.4299926758 5.5100402832 5.6800231934 5.6700134277 5.5500183105 4.4266357422 3.3099670410 2.6966857910 2.2533569336 2.9199829102 3.3866882324
6.9666442871 6.9633178711 6.8433227539 7.1033325195 6.9666442871 6.6966857910 6.8766784668 6.8566589355 7.2366638184 7.2266845703 7.0966186523 7.0666198730 7.0366516113 7.0233459473 6.9199523926 6.7999877930 6.8266601562 6.7633361816 6.6966857910 6.5299987793 6.6666870117 6.7033386230 6.6466979980 6.4699707031 6.5666198730 6.8433532715 6.7366943359 6.6999816895 6.5632934570 6.4266967773 6.2066955566 6.0867309570 5.9700317383 5.5200500488 5.5933837891 5.5567321777 5.3166503906 5.4866638184 5.8533325195 5.8366394043 5.8366394043 5.3233337402 4.0833129883 3.1633300781 1.9400024414 2.5200195312 3.3766784668 3.9500122070
7.3533935547 7.2533264160 6.9166564941 6.6799926758 6.6366577148 6.6766357422 7.0233459473 7.1133728027 7.1999816895 7.1966857910 7.2866821289 7.3733215332 7.2400207520 7.2099914551 6.9932861328 6.9899597168 6.6733093262 6.7133483887 6.9400024414 6.6832885742 6.7166748047 6.5633239746 6.5933532715 6.6966857910 6.6799621582 6.7532958984 7.1166687012 6.7133178711 6.6866455078 6.7433166504 6.5300598145 6.4233093262 6.5300292969 6.2966918945 6.0566711426 5.8033142090 5.5599670410 5.7233276367 5.7066955566 5.8866271973 5.9033203125 4.3866882324 3.6333618164 3.3133544922 2.8966674805 3.3833312988 4.2532653809 4.5133361816
7.4500122070 7.5433044434 7.3966674805 6.9599609375 6.9099731445 6.9466552734 7.3799743652 7.3733520508 7.5633239746 7.4599914551 7.5466918945 7.5266418457 7.4233398438 7.4166564941 7.1933288574 7.0699768066 6.9566955566 6.8466491699 7.0866699219 7.0266723633 6.8666381836 6.6000671387 6.8333129883 6.9133605957 7.0733337402 7.3566589355 7.3333129883 7.1133422852 6.9966735840 7.0566711426 7.1499938965 6.8366394043 6.7300415039 6.5233154297 6.5066528320 6.4433288574 6.1033020020 5.6800231934 5.6533508301 6.0567321777 5.6533203125 4.7433471680 3.9033203125 3.6866455078 3.1599731445 4.0400085449 4.6199951172 4.7899780273
7.4266662598 7.4166259766 7.3699645996 7.5266418457 7.5733337402 7.5066528320 7.6366577148 7.8400268555 7.9267272949 7.9133300781 7.7066650391 7.7066955566 7.6900329590 7.5800476074 7.5733337402 7.5700378418 7.1433105469 7.0433349609 7.0433349609 7.1733398438 7.1133117676 7.2466735840 7.2333068848 7.1033325195 7.4799194336 7.7600402832 7.6299743652 7.3167114258 7.3966674805 7.2633056641 7.0532836914 6.7400207520 6.9366455078 6.7200317383 6.7033386230 6.7133178711 6.0666809082 6.1332702637 6.0133361816 5.8999633789 5.5266723633 5.2100219727 4.4866638184 3.7466125488 4.0200500488 4.8900146484 4.9866638184 4.9633483887
7.5200195312 7.6000061035 7.8399353027 7.9633178711 8.0100097656 8.0600280762 8.1033325195 8.1066894531 8.1832885742 8.0932922363 7.9899902344 7.9833374023 7.8600158691 7.8566589355 7.8466491699 7.7366638184 7.5333251953 7.3266906738 7.3166503906 7.5266418457 7.7599792480 7.7532958984 7.8432922363 7.6066589355 8.0967102051 7.9633178711 7.8466796875 7.7266540527 7.5933227539 7.4599914551 6.9366760254 7.0400085449 7.0234069824 6.9033203125 6.8066711426 6.9200134277 6.4100036621 6.1933593750 6.5566711426 6.5666809082 5.9733276367 5.5666809082 4.9366760254 4.5033569336 4.7799987793 5.2566833496 5.1400146484 5.1333312988
7.7033691406 7.7500000000 7.8699645996 8.1166687012 8.1600036621 8.4166564941 8.4633483887 8.4733581543 8.3766784668 8.2833251953 8.2833251953 8.2599487305 8.2600097656 8.2433471680 8.1366577148 8.1199645996 7.8132934570 7.5833129883 7.5900268555 7.5833740234 8.6866760254 8.7600097656 8.6400146484 8.5133361816 8.2900085449 8.1599426270 8.0566406250 7.9200134277 7.8933715820 7.6533203125 7.6333618164 7.6233215332 7.5166931152 7.5133056641 7.4166564941 7.3166503906 7.2033081055 7.2266845703 6.9266967773 6.9266967773 6.7266845703 6.3333129883 5.8067016602 5.4766845703 5.7533264160 5.8299865723 5.7099914551 5.5032958984
8.1733703613 8.1199951172 8.1600341797 8.4033508301 8.5533752441 8.6300048828 8.7266235352 8.8466491699 8.7600097656 8.6600036621 8.5466918945 8.5367126465 8.5333557129 8.3233642578 8.3066406250 8.2799987793 8.1666870117 8.0400390625 7.8266601562 8.3400268555 9.1200256348 8.9066162109 8.7700195312 8.6466674805 8.5133361816 8.3900146484 8.2600097656 8.1233215332 8.0966796875 8.0599975586 7.9233703613 7.9266052246 7.9433898926 7.9599609375 7.8767089844 7.8799743652 7.5933532715 7.4066467285 7.2166137695 7.1866760254 7.0833435059 6.6899719238 6.3699951172 5.9367065430 6.1266479492 6.2999877930 6.1900024414 5.9032897949
8.7599487305 8.6866760254 8.7399902344 8.7966613770 8.7900390625 8.8799743652 8.9833679199 8.8933105469 8.9033813477 8.8200073242 8.8033447266 8.6800231934 8.8633422852 8.7499694824 8.6333618164 8.5032958984 8.4866638184 8.3800048828 8.1899719238 8.8100280762 9.2966613770 9.1667175293 9.1366882324 8.8999938965 8.7799682617 8.6499633789 8.7233581543 8.6866760254 8.7533569336 8.7233276367 8.6266479492 8.4367065430 8.3300170898 8.3500061035 8.2533874512 7.9733276367 7.7866516113 7.7933044434 7.5133361816 7.1866455078 7.0533142090 6.8433227539 6.3399963379 6.1099853516 5.7933349609 6.3200073242 6.2533569336 6.0733642578
9.2200622559 9.1733093262 9.1666870117 9.1566467285 9.1499938965 9.1399536133 9.1399841309 9.1500244141 9.3500061035 9.0366210938 8.9366760254 8.9233703613 9.0033264160 9.0833435059 8.8633728027 8.7500000000 8.7333374023 8.6499633789 8.6633300781 9.2766723633 9.4499816895 9.4333190918 9.3033752441 9.1533203125 9.1399841309 9.0033569336 9.1800537109 9.0633239746 9.0366210938 9.0166625977 9.0433349609 8.8533630371 8.8533020020 8.7433471680 8.6500244141 8.4633483887 8.1866760254 7.9132690430 7.8099670410 7.6733093262 7.2433166504 6.9333190918 6.8033142090 6.4400329590 6.2666931152 6.6966857910 6.6199951172 6.4500122070
9.5466918945 9.6233520508 9.5166625977 9.4999694824 9.3899841309 9.3600158691 9.4633483887 9.3700256348 9.2699584961 9.3533630371 9.2600402832 9.1433105469 9.0199890137 9.1033020020 9.2866210938 9.0900268555 8.9966430664 9.1166687012 9.4433288574 9.6366577148 9.6266479492 9.6133117676 9.5633544922 9.4332885742 9.3033142090 9.3000183105 9.4766235352 9.4366760254 9.4200134277 9.3366699219 9.3599853516 9.3766784668 9.2666625977 9.1600036621 9.0533142090 8.8566894531 8.4899902344 8.3033447266 7.9933166504 7.7666931152 7.6466064453 7.1666564941 7.0766296387 6.9200134277 6.6399841309 6.7666625977 6.8033752441 7.1200256348
9.8899841309 9.9766845703 9.8500061035 9.7333374023 9.7233581543 9.7033386230 9.6000061035 9.6933288574 9.5000305176 9.5833129883 9.3833007812 9.2633361816 9.2466430664 9.2399902344 9.2499694824 9.3566284180 9.4732971191 9.3900146484 9.9066467285 9.9100036621 9.8866271973 9.8766784668 9.7466735840 9.7166748047 9.6900024414 9.5833740234 9.7699890137 9.8253784180 9.7399902344 9.7600097656 9.7766723633 9.8033447266 9.7833251953 9.6800231934 9.3833312988 9.3866577148 8.9899902344 8.8033447266 8.5966796875 8.3066406250 8.2099609375 7.8167114258 7.6300354004 7.4733581543 7.2133483887 6.9466247559 7.2666625977 7.5800476074
10.1400146484 10.1499938965 10.0133666992 9.8733520508 9.8533630371 9.8299560547 10.0233459473 10.0133666992 9.9100341797 9.9100036621 9.8066406250 9.6066894531 9.5833435059 9.5000000000 9.5000000000 9.8333129883 9.7333679199 10.0533447266 10.2699584961 10.1567077637 10.0499877930 10.0366210938 10.1100158691 9.9833068848 10.0833435059 10.0766601562 10.1332397461 9.9566955566 9.8899841309 9.9100036621 9.9200134277 9.9433288574 10.1333312988 10.0299987793 9.9266967773 9.7433166504 9.4499816895 9.2500305176 9.0500488281 8.6533203125 8.4633178711 8.1632995605 8.1999816895 8.1399841309 7.7799987793 7.2232971191 8.0566406250 8.2633361816
10.2933349609 10.2933349609 10.1799926758 10.0400085449 9.7033691406 9.6766662598 9.7533569336 10.0433349609 10.1233215332 10.2233276367 10.0166625977 9.9466552734 9.9566955566 10.0566406250 10.1733093262 9.8966674805 9.9100036621 10.4233398438 10.4400329590 10.4200134277 10.2966918945 10.2966613770 10.2833557129 10.3833007812 10.1699829102 10.2599487305 10.2466430664 10.3866577148 10.2200622559 10.2500305176 10.2766418457 10.4932861328 10.4966430664 10.3866577148 10.3966369629 10.2066955566 9.9166564941 9.6066589355 9.3067016602 9.3266906738 8.9166870117 8.8166809082 8.5633850098 8.6033325195 8.3433532715 8.4866638184 8.6199951172 8.7466430664
