model_inputs/inputs/tas4.asc
ncols 720
nrows 360
xllcorner -180
yllcorner -90
cellsize 0.500000
NODATA_value 9999.000000
[rows 63 to 83 of 360, columns 96 to 143 of 720]
-0.3333129883 -0.9599914551 1.3166503906 -0.3066711426 -1.9233703613 -2.4299621582 -1.9033508301 -1.9132690430 -2.4899597168 -1.8633117676 -1.4400024414 -2.1166992188 -2.2800292969 -3.7500000000 -4.8233642578 -1.8966674805 0.9299926758 1.5599975586 2.8633728027 2.8666687012 3.4433288574 3.4166259766 3.4000244141 3.1733093262 2.8533020020 2.6300048828 2.2099914551 2.1866760254 2.1666564941 2.3733215332 2.9532775879 3.3700256348 3.3866882324 2.9900207520 2.7099914551 2.5433654785 2.2566528320 1.8966369629 1.4900207520 1.4400024414 1.7832946777 1.5567016602 1.2833557129 0.9067077637 0.5167236328 0.0366821289 -0.5533142090 -1.0500183105
-0.5599975586 -0.1700134277 -0.5033569336 -0.3299865723 -1.1300048828 -1.4432983398 -2.2400207520 -1.5266723633 -1.9200134277 -2.2033386230 -2.8733215332 -1.1399536133 -0.6133117676 -1.8767089844 -2.9500122070 -3.3166809082 -0.8033447266 1.3067016602 1.7133483887 2.3133544922 2.9000549316 2.9767150879 2.9566650391 2.2266845703 1.3067016602 1.5766296387 2.0666809082 1.9766845703 2.2766723633 3.0700073242 3.2333679199 2.1366271973 1.6466979980 2.7499694824 2.6733093262 2.3033447266 1.7300109863 0.9666442871 0.4066467285 0.4666442871 1.8132934570 2.0932922363 1.6133117676 0.9466552734 0.1799926758 -0.0100402832 -0.4000244141 -0.6033325195
-0.9900207520 -3.4066772461 -2.2400512695 -0.5433654785 -2.0566711426 -1.8599853516 -2.3666687012 -2.0700073242 -1.6433105469 -1.7166748047 -1.6933288574 -2.4599914551 -1.7400512695 0.6799926758 -1.2832946777 -2.7600097656 -1.8333435059 -0.6399841309 1.2600402832 2.0433959961 2.4500122070 2.7400512695 2.5100097656 2.0800170898 2.0566711426 1.5266418457 1.2767028809 1.6799926758 2.2766723633 3.3699645996 3.2466735840 2.6933593750 1.8966979980 3.1033020020 2.9299621582 1.9499511719 1.3866882324 1.3733215332 1.6166687012 1.9866638184 2.9433288574 2.4133605957 1.5299377441 1.1699829102 0.6966857910 0.7366943359 0.3433532715 0.0466613770
1.9933471680 2.3699951172 1.8500366211 0.4466857910 0.2266845703 0.4199829102 0.0066528320 0.0199890137 -0.3799743652 -1.4599914551 -1.4333496094 -2.2966613770 -1.1733093262 0.3533325195 0.4800109863 0.0033569336 -0.9033508301 -0.4100036621 1.4966735840 2.6933288574 3.2900085449 3.2900390625 3.3599853516 2.6366577148 1.8666381836 1.5666503906 1.7833251953 2.4800109863 2.8733520508 3.6799621582 2.9299621582 2.5000000000 2.6566467285 3.1499938965 2.5766906738 2.3033447266 2.6300354004 2.5799865723 2.6466674805 2.7133178711 2.8766784668 3.0266113281 2.3666687012 1.9966735840 1.5299987793 1.4700317383 1.1900024414 0.8900146484
2.6799621582 2.6566467285 3.5433044434 1.7266540527 -0.1000061035 2.7099609375 1.4933471680 0.0999450684 0.1933288574 -0.3933105469 -0.3699645996 -1.3433227539 -1.0099487305 -0.0833435059 0.0433349609 2.0466308594 -0.2666625977 0.2366333008 1.2433471680 2.7300109863 4.0233459473 3.9232788086 4.1133422852 3.5766296387 3.4833374023 3.3899536133 3.3866271973 3.4866943359 3.6833190918 3.8733215332 3.1266784668 2.8800048828 3.1433715820 3.1099548340 2.9365844727 2.9633178711 3.0333557129 2.6966552734 2.9700012207 2.9233093262 2.5166625977 1.7900085449 2.6233215332 2.4433288574 2.1666564941 1.9800109863 1.5299682617 1.3366699219
5.4600219727 4.4366455078 3.8233032227 2.5299987793 0.4000549316 3.3866271973 4.2733154297 2.0733642578 2.5599975586 0.4866638184 1.5100097656 1.7333374023 0.4600219727 0.4899902344 0.5999755859 0.7699890137 2.1833190918 0.8767089844 0.1766357422 1.3700256348 2.6600036621 3.3633422852 3.2300109863 3.5700683594 3.2866821289 3.1799926758 3.9767150879 4.4866333008 4.6499328613 4.0033264160 3.3899841309 3.1666259766 3.2299499512 3.1833190918 2.9866638184 2.7800292969 2.7433166504 2.7366638184 3.1233520508 2.6166687012 2.2633361816 2.2633056641 2.1700134277 2.0066528320 2.0400085449 1.9533386230 2.1532897949 1.9866333008
5.9399719238 5.8166503906 5.0566711426 3.4966735840 4.6599731445 4.0400085449 2.9933776855 2.6600036621 3.3467102051 1.3499755859 2.3766479492 2.6133422852 1.5266723633 1.1300048828 1.0100097656 1.0066833496 1.7066650391 2.1067199707 0.8933410645 -0.5866699219 1.0266418457 1.4566955566 2.7933044434 3.1199951172 3.5666809082 3.8833007812 4.0233154297 4.6499938965 4.2900390625 4.4366760254 3.8933105469 3.4732971191 3.4633178711 3.2533569336 2.9366760254 3.3333435059 3.2100219727 3.1100158691 3.1033325195 2.8366699219 2.7333068848 2.5299987793 2.3233337402 2.2566528320 2.2000122070 2.1266479492 2.2900085449 2.2933349609
6.7100219727 6.8633422852 5.8067016602 5.4466247559 3.2200012207 -0.1100463867 3.9566955566 3.0133666992 1.1799926758 2.3399963379 1.7366638184 2.0500183105 2.6600341797 2.7500305176 2.9233398438 2.7099914551 2.2300415039 2.4599914551 2.6666564941 1.7699890137 -0.4032897949 0.4166870117 0.1632995605 1.8833007812 3.3099975586 3.6033020020 4.1266479492 4.0900268555 4.2233276367 4.6566772461 4.2132873535 3.0066528320 1.7033081055 2.1966552734 3.2033386230 3.8399963379 3.7266540527 3.8133239746 3.4266662598 3.3999938965 3.1966552734 2.8899841309 2.7999877930 2.8066711426 2.8499755859 2.6266174316 2.1066894531 2.2966918945
6.7866516113 9999.0000000000 7.0299987793 5.5666503906 4.0266723633 2.1966857910 4.9667053223 1.1466369629 0.5900268555 1.5433349609 2.6632995605 2.4633483887 2.8533020020 2.7300415039 2.4299621582 3.5566406250 3.1733398438 3.6066894531 3.8200378418 3.3467407227 3.1600036621 1.9833068848 0.4199523926 -0.1766662598 0.4300231934 1.8266601562 3.5100402832 2.9200134277 3.2633666992 3.9199829102 4.2733154297 3.7666625977 3.0499877930 3.5533142090 3.8800048828 4.1766967773 4.2566528320 4.0700073242 3.7066955566 3.9133300781 3.7933349609 3.3933715820 3.3900146484 3.5966491699 3.5633239746 3.2366638184 3.0833740234 2.6632995605
6.8766174316 9999.0000000000 7.0900268555 5.8100280762 4.7200012207 4.1733398438 3.8733215332 1.3533630371 0.2066650391 0.5533447266 2.3766784668 1.9766540527 2.5733337402 2.4733886719 3.3799743652 2.9066467285 3.3233337402 3.8666687012 5.2799377441 3.0133361816 2.7233581543 2.0299987793 2.1466979980 0.4433288574 -1.0466918945 0.3699951172 -0.1366882324 1.1666564941 2.3433532715 3.2799682617 3.1566467285 3.4066162109 3.7166748047 4.1100158691 4.4367065430 4.5166320801 4.6133117676 4.5266418457 4.3132934570 4.3099670410 4.0833435059 3.6833496094 3.5699768066 3.9566650391 3.8599548340 3.4165954590 2.8933410645 2.2700195312
6.5466613770 9999.0000000000 9999.0000000000 6.5699768066 6.2866821289 5.8933105469 4.9700317383 2.3566894531 1.3166809082 1.0633544922 2.0933227539 1.7966613770 2.7600097656 2.5633239746 2.4766540527 2.4833679199 2.9966735840 3.7099914551 5.1566467285 3.1866760254 1.8666076660 0.9899902344 1.2866516113 2.3066711426 -0.6900329590 -0.9833374023 -1.1866455078 -0.7833251953 1.2033386230 2.1633605957 3.2833251953 3.1599731445 3.4566955566 4.1500244141 4.8032836914 4.6866760254 4.5000000000 4.1199645996 4.2966613770 4.3733215332 4.2700195312 4.0666809082 3.9999694824 4.1099853516 4.4299926758 4.0967102051 3.5666809082 2.7399291992
5.3433227539 6.9700012207 9999.0000000000 9999.0000000000 9999.0000000000 6.8934020996 6.4899902344 5.5733032227 1.2266845703 1.2633666992 0.7066650391 0.9432983398 0.8966674805 0.8433532715 0.6599731445 1.3666076660 2.1833190918 2.8100280762 3.5332946777 4.7533874512 2.9732971191 2.0666198730 2.3633422852 0.3799743652 -0.9299926758 0.4899902344 -0.5099792480 -0.8266601562 -0.5466613770 -2.7000122070 -0.3700256348 1.4933166504 2.7099914551 3.7132873535 3.7566223145 4.0066528320 4.1166992188 4.0866699219 4.2533569336 4.6633300781 4.4633178711 4.3633422852 4.4466857910 4.4566650391 4.5633239746 4.4466247559 4.2133789062 3.9032897949
6.6366577148 7.0599975586 7.3900451660 9999.0000000000 9999.0000000000 9999.0000000000 7.0033264160 6.9833374023 4.9499816895 3.8933410645 1.6199645996 0.8866882324 -0.1733398438 1.3833618164 1.5566711426 3.1599731445 3.7766113281 3.2233276367 2.7666625977 5.0900268555 4.5867004395 3.9833374023 2.6433410645 2.8499755859 0.1533203125 -0.0233154297 -0.7266540527 -0.5733337402 -1.2233276367 -3.5633239746 -4.1433410645 -0.7600097656 -0.1599426270 2.1566162109 3.5133666992 3.7166442871 3.8633117676 3.9633483887 3.9632873535 4.3667297363 4.1599731445 4.1833190918 4.3866271973 4.4866027832 4.2833251953 4.5466613770 4.2699890137 4.0299377441
9999.0000000000 7.2666625977 7.5874938965 9999.0000000000 9999.0000000000 9999.0000000000 9999.0000000000 6.9899597168 6.5667114258 4.1166687012 2.7400207520 0.5866394043 -0.0433349609 -1.6933288574 0.0766296387 2.4666748047 1.8999938965 2.3533935547 2.9966125488 4.2233276367 4.4100341797 4.9066467285 4.0833435059 4.0566711426 0.7366638184 1.0633544922 -1.4733581543 -1.2199707031 -0.7866516113 -0.5499877930 -2.2966613770 -3.9100036621 -2.6166687012 0.4033203125 2.9633483887 4.0266113281 3.9333190918 4.1700134277 4.8566894531 4.2599792480 3.8766784668 3.6899719238 4.4966430664 4.8033142090 4.6833801270 4.5466918945 4.4933166504 4.4667053223
9999.0000000000 9999.0000000000 9999.0000000000 9999.0000000000 9999.0000000000 9999.0000000000 9999.0000000000 6.1666870117 6.7867126465 6.8299865723 4.3566589355 3.8099670410 4.2699890137 -0.2700195312 1.5033569336 -0.7066650391 -1.2533569336 -2.3166809082 0.1399841309 3.0600280762 3.2466430664 4.6233825684 4.1333312988 4.4833374023 2.4632873535 2.7233276367 1.2799987793 0.1532897949 -2.9132995605 -1.6833801270 -0.6266174316 -1.9566650391 -3.0632934570 -1.4166564941 2.0633544922 3.1466674805 4.4533081055 4.6700134277 5.0566711426 4.7733459473 4.5033264160 4.6300048828 5.1166381836 5.3132934570 5.3800354004 5.1533508301 4.9933166504 5.3033447266
9999.0000000000 9999.0000000000 9999.0000000000 9999.0000000000 9999.0000000000 9999.0000000000 9999.0000000000 7.2333374023 6.9799804688 7.2333374023 7.4766540527 6.6433105469 4.6066284180 3.0699768066 3.6533813477 2.0466918945 -1.3299865723 -1.0833129883 1.8633422852 0.9932861328 3.1733093262 4.3667297363 5.3600158691 5.7300109863 4.4700317383 5.9166564941 3.6799926758 1.7366638184 2.3099975586 0.3499755859 -0.4800109863 1.0933532715 -0.7199707031 -3.4199829102 -1.4366760254 2.5367126465 4.7866821289 4.9800109863 5.1899414062 5.4100036621 5.5433654785 5.6700134277 5.7366638184 6.0266418457 5.8833007812 5.7400207520 5.7966308594 5.8466796875
9999.0000000000 9999.0000000000 9999.0000000000 9999.0000000000 9999.0000000000 9999.0000000000 9999.0000000000 7.5967102051 6.7133483887 5.9300537109 5.5166625977 4.9933471680 7.1433715820 7.9266662598 6.4966430664 4.1999816895 2.2066955566 0.6466674805 0.7833557129 0.5300292969 2.1100463867 4.2967224121 3.6633300781 4.6299743652 3.1999816895 6.9533081055 4.6066894531 1.9533691406 2.8199768066 2.0199584961 0.3799743652 -1.0466918945 2.2333984375 -2.3666992188 -2.0233459473 1.1466674805 4.5900268555 5.5433654785 5.6366577148 5.7532958984 5.9833374023 6.3166809082 6.1500244141 5.8166503906 5.8799743652 5.8366699219 5.7099914551 5.4299926758
9999.0000000000 9999.0000000000 9999.0000000000 9999.0000000000 9999.0000000000 9999.0000000000 9999.0000000000 9999.0000000000 9999.0000000000 6.8899841309 6.7067260742 5.6966857910 3.1733093262 5.6666870117 8.6499938965 7.4400329590 4.6566772461 3.9833374023 2.1199645996 4.3599853516 4.6666870117 4.3099975586 3.4800109863 2.3399963379 3.3999633789 2.1566772461 1.3099670410 1.8733825684 1.5166931152 1.8299865723 -0.1400451660 -0.0000305176 3.4933471680 -0.5866394043 0.1466674805 1.4499511719 4.0800170898 5.7532958984 6.0899963379 5.9399719238 6.1566162109 6.2799987793 5.5533447266 4.3199768066 4.3033447266 4.5766601562 4.5166320801 4.6966857910
9999.0000000000 9999.0000000000 9999.0000000000 9999.0000000000 9999.0000000000 9999.0000000000 9999.0000000000 9999.0000000000 9999.0000000000 9999.0000000000 8.2867126465 7.6833190918 5.6799926758 4.2466735840 6.7933654785 7.4966735840 8.6199951172 8.5400390625 8.7633361816 7.5700378418 6.9800109863 3.9099731445 1.4800415039 0.8166809082 2.5566406250 2.9799804688 3.4799499512 3.4666442871 3.3300170898 3.2766723633 2.1166687012 2.4866638184 3.9199829102 4.5666503906 1.7333068848 0.5400085449 3.0533752441 4.8800048828 4.4566345215 4.9699401855 5.6100158691 5.9033203125 5.6166381836 4.6933288574 4.3366699219 5.0166625977 5.3066101074 5.3866577148
9999.0000000000 9999.0000000000 9999.0000000000 9999.0000000000 9999.0000000000 9999.0000000000 9999.0000000000 9999.0000000000 9999.0000000000 9999.0000000000 9999.0000000000 9999.0000000000 8.4566955566 8.2333679199 7.5166320801 6.6133117676 7.8600158691 9.1266479492 9.8966369629 8.6399536133 4.4834289551 2.4400024414 0.7767028809 0.7766418457 3.4266967773 6.1799926758 4.7566528320 5.2266845703 5.2633361816 4.2500000000 2.9899902344 4.3033447266 4.4400329590 4.1700439453 2.8100280762 1.2333679199 -1.5766906738 3.0833129883 4.1400146484 4.8333129883 5.5300292969 4.9600219727 5.6633300781 5.7399902344 5.6700134277 6.0266418457 5.8399963379 6.0766296387
9999.0000000000 9999.0000000000 9999.0000000000 9999.0000000000 9999.0000000000 9999.0000000000 9999.0000000000 9999.0000000000 9999.0000000000 9999.0000000000 9999.0000000000 9999.0000000000 9999.0000000000 9999.0000000000 8.2866821289 7.6366882324 7.8966369629 8.5233154297 9.4833374023 9.6800231934 6.8466186523 2.8899841309 1.5766601562 4.0267028809 7.6066589355 6.5499572754 5.7466430664 5.9799804688 5.8600158691 5.1900329590 5.0467224121 4.5266723633 4.1932983398 4.6499938965 3.8833312988 4.3233337402 1.5433349609 1.7933044434 3.1766967773 5.2867126465 6.2099304199 6.3966064453 6.2599792480 6.3566589355 5.1199645996 5.0266723633 6.1633300781 6.6899719238
