model_inputs/inputs/tas4.asc
ncols 720
nrows 360
xllcorner -180
yllcorner -90
cellsize 0.500000
NODATA_value 9999.000000
[rows 63 to 83 of 360, columns 576 to 623 of 720]
-3.4199829102 -2.9799804688 -2.7400207520 -2.8133239746 -3.0766601562 -3.2166137695 -3.2766723633 -4.1366577148 -4.6033325195 -4.4733581543 -4.7866821289 -5.1900024414 -5.3833312988 -5.7500305176 -5.6133117676 -4.9833679199 -6.0633544922 -5.8367004395 -7.1166687012 -5.2066650391 -3.7199707031 -4.3399963379 -5.9666442871 -4.1866455078 -3.6099548340 -3.9400329590 -4.0733032227 -3.7099609375 -3.3233337402 -3.5533142090 -4.5833129883 -4.2333068848 -4.0966796875 -4.7500000000 -5.5933532715 -6.6633605957 -5.3800048828 -5.2733154297 -5.1866455078 -5.4899902344 -5.4933166504 -5.8933105469 -6.9033508301 -6.0899963379 -7.2633361816 -7.7333068848 -4.8133239746 -6.0000305176
-2.3200073242 -2.8833618164 -2.9300231934 -3.6967163086 -4.2599792480 -4.7133483887 -4.6766662598 -4.9366760254 -4.6966857910 -4.3666687012 -5.1766662598 -4.2966308594 -3.8966369629 -4.8432922363 -4.6066589355 -5.1833190918 -5.5533142090 -6.3299865723 -7.4100341797 -5.9133300781 -5.9233703613 -5.6400146484 -6.3666687012 -5.5899658203 -5.4200134277 -5.2433166504 -6.2733459473 -4.2933349609 -5.5366821289 -5.5633544922 -4.5000305176 -4.0267028809 -4.8866882324 -5.7300415039 -6.8699951172 -6.9533691406 -4.8233337402 -6.0333251953 -6.5400085449 -6.8433227539 -6.7500000000 -7.3533630371 -7.3533935547 -5.7266235352 -6.8200073242 -5.6932983398 -5.5666503906 -6.6433105469
-2.4466552734 -3.2799682617 -4.2266845703 -5.5766601562 -4.8500061035 -5.4066772461 -5.3633422852 -4.5233459473 -4.3999938965 -4.7466735840 -5.5666503906 -4.9700012207 -5.4533386230 -6.4600219727 -5.4300231934 -5.4933166504 -5.7700195312 -5.5433654785 -7.7266540527 -9.3233032227 -8.1033325195 -6.4433288574 -6.1699523926 -6.5867004395 -6.0166625977 -5.3499755859 -5.0933227539 -4.7233276367 -5.3600463867 -5.4833374023 -4.9266967773 -4.3466186523 -4.3633422852 -4.0133361816 -5.1500244141 -5.4233703613 -5.7166748047 -5.8766479492 -6.9866638184 -7.6932983398 -5.9067077637 -6.4067077637 -6.3133239746 -5.6933593750 -5.8733215332 -5.3466491699 -5.0266723633 -5.9866638184
-2.1666870117 -4.1333618164 -4.9466552734 -5.3766784668 -5.3333435059 -6.0033264160 -6.3533325195 -6.0199584961 -5.1866455078 -6.3499755859 -7.5466613770 -8.5633544922 -7.4266662598 -6.7399902344 -5.8633117676 -5.2467041016 -5.4099731445 -7.6733398438 -9.3533325195 -8.2399902344 -5.2299804688 -6.6700439453 -8.4967041016 -8.3300170898 -7.1600036621 -5.3899841309 -3.9166870117 -4.7566223145 -4.3033142090 -4.6299743652 -5.9533386230 -6.5666198730 -5.4666748047 -3.2733459473 -4.9299926758 -5.9066467285 -4.6933288574 -6.4733581543 -5.9299926758 -7.3433532715 -6.2566528320 -6.4700012207 -7.3733520508 -6.3433837891 -6.0200195312 -5.6966552734 -6.2633666992 -6.6166687012
-2.8833007812 -4.5799865723 -5.6900024414 -6.9199829102 -6.4466857910 -7.0899963379 -6.3500061035 -4.9133300781 -4.0800170898 -5.6466674805 -6.7499694824 -7.5899963379 -5.6066894531 -5.0200195312 -4.4433288574 -3.4632873535 -4.6333618164 -6.5033264160 -8.0000000000 -8.1966857910 -7.3166809082 -7.9466857910 -7.1899719238 -6.6133422852 -6.1466369629 -5.9766235352 -4.6000061035 -3.9367065430 -3.9633483887 -4.8933410645 -5.5033264160 -5.9167175293 -5.8099975586 -4.5100097656 -4.6533203125 -4.6933593750 -4.8666687012 -5.3499755859 -5.7399902344 -6.1966857910 -4.8066711426 -5.8200073242 -7.5032958984 -5.5866394043 -7.0766601562 -5.4332885742 -5.3066406250 -5.9500122070
-2.5866699219 -6.4266662598 -4.4466247559 -2.5733032227 -6.7033691406 -8.1200256348 -5.6533203125 -8.0133056641 -7.8733215332 -7.9333190918 -7.0399780273 -7.7500305176 -8.7700500488 -7.5000305176 -6.2266540527 -3.8533630371 -4.7799987793 -5.6600036621 -5.3633117676 -6.0699768066 -6.4866943359 -6.8266296387 -5.6633605957 -4.0867004395 -3.6299743652 -4.2566528320 -3.2766723633 -3.4166564941 -3.4299926758 -2.9499816895 -3.3600158691 -4.0366516113 -4.8499450684 -4.3600158691 -3.8966369629 -4.2333068848 -5.4833374023 -4.7433776855 -4.1000061035 -5.1066894531 -5.4499816895 -4.7666625977 -6.4599914551 -6.8466491699 -7.6099853516 -7.8733520508 -7.6266479492 -7.3733520508
-2.8100280762 -6.0566711426 -1.8999938965 -1.6199645996 -7.0466918945 -8.9900207520 -6.3067016602 -9.5233459473 -7.6666564941 -7.7366638184 -6.0300292969 -5.7333374023 -6.9566955566 -6.5866394043 -5.8233032227 -3.4632873535 -3.4000549316 -3.7167053223 -3.8266601562 -4.5499877930 -4.9666442871 -4.7033386230 -4.7399902344 -4.1666564941 -2.8066406250 -3.4366760254 -3.0599670410 -3.2833557129 -2.9933166504 -3.3833312988 -2.9833068848 -3.3633728027 -3.0633239746 -2.4966735840 -2.6232910156 -2.9833374023 -3.0233154297 -2.3766479492 -1.5366210938 -2.1000366211 -2.6733398438 -3.4066467285 -3.1033630371 -4.5800476074 -3.8333435059 -5.0900573730 -6.6533203125 -6.6100158691
-3.0166931152 -3.0799865723 -0.6466674805 -3.3699645996 -6.7900085449 -4.1299743652 -5.1433105469 -8.0766906738 -6.0066528320 -6.2433471680 -5.5800170898 -5.6100463867 -4.9499816895 -3.6999816895 -2.4533691406 -2.8033447266 -3.2566223145 -3.0633239746 -2.6900024414 -3.4167175293 -4.7466430664 -3.6733093262 -3.2200317383 -3.4500122070 -3.0833435059 -2.7167053223 -2.5299682617 -3.4366455078 -4.1233215332 -3.1033325195 -3.5966796875 -3.5966796875 -2.7933349609 -3.1333312988 -2.4700012207 -1.7233581543 -2.3666687012 -0.4133300781 -1.0633239746 -0.9366149902 -0.9833068848 -1.1499938965 -1.5333557129 -1.7899780273 -0.5299987793 -1.4900512695 -4.3466491699 -5.0033264160
-3.1399536133 -0.4033203125 -0.0833435059 -4.6133422852 -1.8400268555 -2.1666564941 -6.8999938965 -6.5299987793 -5.7633361816 -5.7933654785 -4.5366516113 -3.4900207520 -2.8500061035 -3.0933532715 -2.4533081055 -3.3933105469 -2.7099914551 -2.9066772461 -2.7300109863 -3.4533081055 -3.5033264160 -3.7466125488 -3.7999572754 -2.9266967773 -3.2499694824 -3.3733215332 -3.2600097656 -3.7466430664 -2.6399536133 -2.4300231934 -1.7267150879 -1.4266662598 -2.3300170898 -1.8766479492 -2.6033020020 -2.3433837891 -2.4866943359 -1.4233398438 -1.1766357422 0.0733642578 -0.5733032227 -0.9300537109 -1.2999877930 -1.4866943359 0.4700317383 0.3167114258 -2.0366516113 -1.8833312988
-0.4566650391 -0.0899658203 -0.9866638184 -2.7432861328 -1.5000610352 -5.2299804688 -5.9466247559 -4.7832641602 -4.4066162109 -4.0333557129 -2.7033691406 -3.0533752441 -2.8166503906 -2.9833374023 -2.8399963379 -2.9433593750 -3.0400085449 -2.7600402832 -4.3599853516 -4.1933898926 -3.2466430664 -2.5000000000 -2.4499816895 -2.4132995605 -2.0000000000 -1.4766540527 -1.2800598145 -1.2600097656 -0.9400329590 -0.9299926758 -0.5233154297 -0.7199707031 -0.4333190918 0.4399719238 -0.2833251953 0.1733398438 0.6399841309 0.1100158691 0.2533264160 -0.7933044434 -0.5533142090 -0.1733093262 -1.1499633789 -2.0400085449 -1.7099914551 -1.5766601562 -2.8433532715 -2.5833740234
1.1133422852 0.4166564941 -0.9700012207 -3.0367126465 -3.6833496094 -4.7366943359 -3.7899780273 -3.0233154297 -3.1400146484 -2.4800109863 -1.8566894531 -2.2033691406 -3.1800231934 -3.2400207520 -1.9732971191 -1.7833251953 -1.8799743652 -2.4933166504 -2.6033630371 -3.1266784668 -1.3833007812 -1.0233764648 -1.2500305176 -2.1699829102 -1.5867004395 -1.2666625977 -0.7567138672 -0.9332885742 -0.6199645996 -0.9132995605 -0.5000000000 -0.1000061035 0.3833618164 1.0599670410 0.7333374023 0.6966552734 1.0633239746 1.1232910156 1.0766906738 1.0333251953 0.9666442871 0.2699890137 0.0000000000 0.2033386230 0.7133789062 0.9466247559 -1.5100402832 -1.6899719238
0.2433471680 -2.1633300781 -2.3699645996 -3.1399841309 -2.8099975586 -2.6567077637 -2.4066772461 -1.9533081055 -2.4000549316 -2.4300231934 0.5566711426 -2.0766906738 -2.6333312988 -2.3533325195 -1.0800170898 -0.6000366211 -1.0099792480 -0.7300109863 -1.0233764648 -1.5233459473 -0.8733215332 -0.1900024414 -1.5066833496 -1.2266845703 -0.3533630371 -0.9499816895 -1.6333312988 -0.5099792480 -1.1966857910 -1.1866455078 -1.8799743652 -1.4866943359 -0.2966613770 -0.0200195312 1.0633239746 1.4166564941 1.4732971191 1.3466491699 1.2966308594 1.5432739258 1.1833496094 1.3099670410 1.2366333008 1.0699768066 1.1799926758 0.7832946777 -0.0900573730 -0.6600036621
-0.9500122070 -0.0567016602 -0.9633789062 -1.5433654785 -0.4166259766 -0.3733215332 -1.1133728027 -1.6733398438 -1.8099975586 -1.6633605957 0.1966857910 -0.8133239746 -1.1466674805 -1.1500244141 -0.7599792480 -0.7666625977 0.6133117676 0.6000061035 -0.4966430664 -0.7099914551 0.0633239746 -0.8533020020 -0.8566589355 -0.8666687012 -0.6166687012 -0.2466735840 -0.9299621582 -0.9133300781 -1.6933288574 -1.9833374023 -1.5599975586 -0.7833251953 -0.1933288574 0.0899963379 0.9732971191 1.8399658203 1.7933349609 1.7566528320 1.6200256348 1.7733154297 1.9367065430 1.8599548340 2.3966674805 2.0200195312 1.7233276367 1.2133178711 0.9166564941 -0.2700195312
1.2500305176 0.3400268555 0.2366943359 0.0433349609 0.2866821289 -0.5933227539 -0.9500122070 -0.9932861328 -1.2400207520 -0.4866943359 0.3733520508 0.3766174316 0.3699645996 0.4666442871 0.3500061035 0.7366333008 0.6199951172 0.2133483887 -0.2066650391 -0.1900329590 -0.5866699219 -0.9966735840 -0.8166503906 -0.6300048828 -0.0600280762 -0.3933410645 -0.2099914551 -1.2000122070 -1.7900085449 -1.9800109863 -1.2766723633 -0.8833618164 -0.6833801270 -0.2966613770 0.0766601562 1.2566528320 2.1199951172 2.5766296387 2.2433471680 2.4899902344 2.3733215332 2.6066589355 2.4433288574 2.0200195312 2.5300292969 2.0300292969 -0.1733093262 -1.5766601562
0.9533386230 0.3333129883 0.5400390625 -0.0600280762 0.1766662598 -0.0066833496 -0.5733337402 -0.6199951172 0.2299804688 0.2799682617 0.4633178711 0.5967102051 0.8766174316 1.1600036621 0.9499816895 1.2433776855 0.7200012207 -0.4967041016 -0.5833129883 -0.5666503906 -0.1433410645 -0.4566650391 0.3366699219 0.5166320801 -0.4200134277 -1.3466796875 -1.0866699219 -0.7866821289 -1.4866638184 -1.4766845703 -0.6766662598 -0.7799682617 0.0133361816 0.4200134277 0.9866333008 1.5699768066 1.7300109863 2.8032836914 2.6600036621 3.1132812500 3.3199768066 3.0500488281 2.4365844727 2.4233398438 2.5199890137 1.7300109863 0.0366821289 -0.8533020020
1.4933471680 0.9733581543 0.2399902344 -0.1666564941 -0.3432922363 -0.7233276367 -0.3966674805 -0.0533142090 -0.9067077637 -0.1566162109 0.3500061035 0.9233703613 1.5033569336 2.8799438477 1.8566589355 1.8299865723 1.3199768066 1.0233154297 0.2300109863 0.2566833496 0.5699768066 0.8900146484 1.4700317383 0.5499877930 -0.2699890137 -0.7033386230 -0.7500000000 -1.8866577148 -1.5766601562 -1.1699829102 -0.1766967773 0.2066955566 0.9166564941 1.2066650391 3.0033264160 3.2633666992 1.6433410645 2.2066345215 3.2799987793 3.5466613770 3.5499877930 3.3566894531 3.1366577148 3.1233215332 2.6166687012 0.8266906738 0.5266723633 1.0333557129
0.8033142090 1.3033142090 0.0766906738 -0.5400085449 -1.0533142090 -1.5333251953 -1.5266723633 -1.4900512695 -1.0466308594 0.5433044434 1.7399902344 1.4166564941 2.6266479492 4.1966552734 2.3699645996 2.6633300781 3.3299560547 2.4233398438 1.0533142090 0.9733276367 1.5000000000 1.5100097656 2.3266601562 1.7066650391 0.9699707031 0.0366516113 -0.7233581543 -1.4533386230 -0.4699707031 0.1266784668 0.5233459473 0.7100219727 1.7999877930 2.4099731445 3.5032958984 3.7666931152 1.7433471680 2.3166503906 3.5899658203 3.8800048828 3.8633117676 3.4466552734 3.5233154297 3.3167114258 3.0033264160 2.5200500488 1.8199768066 1.7099914551
0.0599670410 -0.7533264160 -0.6766662598 -1.5866699219 -1.5233459473 -1.9233398438 -2.8200073242 -1.8299865723 0.4333496094 1.0366210938 0.6199951172 1.7133178711 1.9566040039 1.8367309570 3.4999694824 3.3833312988 3.2766723633 3.0833435059 3.0100097656 2.7066650391 2.6266784668 2.4400024414 2.4666442871 1.9500122070 1.1200256348 0.8733215332 0.7232971191 0.0866394043 0.2599792480 0.7233276367 1.6166381836 2.3066711426 3.5066833496 3.5999755859 3.5899658203 3.5666809082 3.5433654785 3.5200195312 3.3833923340 3.3633422852 3.4633483887 3.3333129883 4.2232971191 4.2033386230 3.6033935547 3.2966613770 3.1766662598 2.8766784668
-0.5967102051 0.0933227539 -0.7133483887 -1.2333679199 -1.1633300781 -1.0700073242 -1.0766601562 -1.1933593750 1.8333740234 1.0267028809 1.8133544922 2.3067016602 2.3933410645 2.3533630371 3.9266662598 3.7266235352 3.7566528320 3.3533325195 3.4566650391 3.4633178711 3.2733764648 3.0866394043 2.8833312988 2.7999877930 2.0599365234 1.5066833496 1.2633361816 0.7266845703 1.1799621582 1.3300170898 2.2232971191 2.9133300781 3.8033752441 4.0032958984 4.0966186523 3.9700317383 3.9299621582 3.7133483887 3.5766906738 3.6566162109 3.6633300781 3.7433471680 4.3333435059 4.6133117676 4.5633239746 4.0667114258 2.8599853516 2.0366821289
-2.2500610352 -1.5566711426 -1.7532958984 -0.6633300781 0.5000000000 0.8000488281 0.9800109863 1.0800170898 1.1066589355 1.6533508301 2.9233093262 3.0133361816 2.9966430664 2.7966613770 2.6799926758 2.4799804688 3.5966491699 4.0032958984 4.2199707031 3.8133544922 3.6100158691 3.5033264160 3.1966552734 3.1833190918 1.8666992188 0.9433898926 0.8032836914 1.3566589355 1.8133239746 2.6433105469 2.9100036621 4.0066833496 4.3933410645 4.4899597168 4.4833374023 4.4666442871 4.3332824707 4.1999816895 4.0633544922 4.0566711426 2.5733337402 3.1566772461 3.2266540527 3.4967041016 3.8566589355 4.3333435059 3.5299987793 4.2066650391
-1.8132934570 -0.3133239746 -0.9066162109 0.4933166504 1.4600524902 1.7533569336 1.7300109863 1.5433654785 1.6566467285 2.0933532715 3.3633117676 3.4333496094 3.3966674805 3.3333740234 3.1433105469 3.0400085449 4.4333190918 4.5099792480 4.2099609375 4.2033081055 3.9999694824 3.7800292969 3.5699768066 3.0633544922 1.7433166504 1.1066589355 1.2000427246 1.9700012207 2.6299743652 3.4633483887 4.2033691406 5.1800231934 4.8833007812 4.8732910156 4.8800048828 4.8633117676 4.7233276367 4.6000061035 4.4633483887 4.3533325195 2.6500244141 3.3566589355 3.2233581543 3.5833129883 3.9400329590 3.5066528320 3.7800292969 4.9599609375
