model_inputs/inputs/tas4.asc
ncols 720
nrows 360
xllcorner -180
yllcorner -90
cellsize 0.500000
NODATA_value 9999.000000
[rows 84 to 104 of 360, columns 432 to 479 of 720]
10.1400146484 10.2600402832 10.2433471680 10.3166809082 10.3666687012 10.4233398438 10.4900207520 10.4766540527 10.4666442871 10.4666748047 10.3766174316 10.3033447266 10.2200012207 10.3399658203 10.1533203125 10.0599670410 10.0766296387 10.3833007812 10.7966613770 10.6866149902 10.6633300781 10.6600341797 10.6700134277 10.6633605957 10.6567077637 10.5433044434 10.6500244141 10.7000122070 10.7500305176 10.8866882324 11.0166625977 11.0500183105 11.0433044434 10.9566650391 10.5699768066 10.7666625977 10.3633422852 10.1733093262 9.5733032227 9.5733337402 9.5699768066 9.3833618164 9.1300354004 8.8699645996 8.8033142090 9.0366821289 9.3833007812 9.2199401855
9.7966613770 10.0932922363 10.4999389648 10.9733276367 11.2266235352 11.2799682617 11.3466491699 11.2066650391 11.0300292969 11.0466613770 10.8766479492 10.8000183105 10.4033508301 10.4032592773 10.3299560547 10.3466186523 10.3599853516 10.6466674805 10.9532775879 10.9466552734 10.7234802246 10.9466552734 10.9500122070 10.9700012207 10.9400024414 10.8333435059 10.8800048828 10.9200134277 10.9633789062 11.2066345215 11.2399902344 11.4033508301 11.3133239746 11.3233642578 11.2166748047 11.2299804688 11.0232849121 10.5200500488 10.0233459473 10.0266723633 9.9366760254 9.8433532715 9.8800048828 9.8266296387 9.7766418457 10.1099853516 9.8566589355 9.8167114258
10.4400024414 10.6366882324 10.6399841309 11.0333557129 11.5766296387 11.6433410645 11.5300292969 11.5400085449 11.4499816895 11.2799987793 11.0899963379 11.0966491699 10.8033142090 10.6866760254 10.6033020020 10.6066589355 10.5133056641 10.8099975586 11.1199951172 11.1000061035 11.0447387695 11.1300354004 11.2266235352 11.4333496094 11.3300170898 11.3566589355 11.3034057617 11.3466186523 11.3900146484 9999.0000000000 9999.0000000000 9999.0000000000 9999.0000000000 9999.0000000000 11.5700378418 11.5666503906 11.4866943359 11.2899780273 10.9866638184 10.6766662598 10.7933044434 10.7099609375 10.7566223145 10.5866394043 10.2267150879 10.5933227539 10.5533142090 10.6199951172
9999.0000000000 9999.0000000000 9999.0000000000 11.1600341797 11.8566589355 11.8432922363 11.8500061035 11.9600219727 11.7666931152 11.6866455078 11.5100097656 11.4132995605 11.3066406250 11.3166809082 11.2200317383 10.9166564941 10.6866455078 10.7866516113 11.2766418457 11.2799682617 11.1900024414 11.2066345215 11.4033203125 11.6166687012 11.5366821289 11.4499816895 9999.0000000000 9999.0000000000 9999.0000000000 9999.0000000000 9999.0000000000 9999.0000000000 9999.0000000000 9999.0000000000 11.8666992188 11.8166503906 11.8433532715 11.7366943359 11.4366455078 11.1333312988 11.1499633789 10.9633483887 10.8166198730 10.7699890137 10.8366699219 10.9966735840 11.3699951172 11.7133483887
9999.0000000000 9999.0000000000 9999.0000000000 11.4399414062 11.8433532715 12.0733337402 12.1832885742 12.1933288574 12.2099609375 12.1399841309 11.9400024414 11.7433471680 11.3467102051 11.1400146484 11.0466918945 11.0966186523 11.0866394043 11.0766601562 11.3633422852 11.3833007812 11.4999694824 11.5000000000 11.6133422852 11.6300048828 11.6000061035 9999.0000000000 9999.0000000000 9999.0000000000 9999.0000000000 9999.0000000000 9999.0000000000 9999.0000000000 11.1033020020 11.2466735840 12.0000000000 11.9466247559 11.9932861328 11.9466247559 11.8933105469 11.3966674805 11.4933471680 11.5366516113 11.5100097656 11.5633544922 11.3066711426 11.6600341797 12.1000366211 12.1433105469
9.9733276367 10.2966613770 10.8166809082 11.1433105469 11.7566528320 12.0866699219 12.4233398438 12.5433349609 12.4566345215 12.4866638184 12.1033325195 11.4800109863 10.7533264160 10.7433166504 10.5133972168 10.6933288574 11.0833435059 11.2766723633 11.3500366211 11.6758728027 11.5100097656 11.6266479492 11.6433410645 9999.0000000000 9999.0000000000 9999.0000000000 9999.0000000000 9999.0000000000 9999.0000000000 9999.0000000000 9999.0000000000 11.9932861328 12.0400085449 12.0900268555 12.1400146484 12.1866149902 12.2366333008 12.2832946777 11.9433593750 11.6866455078 11.6533508301 11.8033447266 11.7466735840 11.7966918945 11.6366882324 12.2900085449 12.5333251953 12.5866699219
9999.0000000000 9999.0000000000 11.4132995605 10.8400268555 10.6532897949 11.1799621582 12.1366577148 12.2500000000 12.1766662598 12.0000000000 11.4199829102 10.8766784668 10.0499572754 10.1267089844 10.4066467285 10.8000183105 10.9833679199 11.2733459473 11.5766906738 11.5966491699 11.7433776855 11.6533203125 9999.0000000000 9999.0000000000 9999.0000000000 9999.0000000000 9999.0000000000 9999.0000000000 10.9067382812 10.8433227539 11.8799743652 12.0266723633 12.0766601562 12.2400207520 12.2933349609 11.7467041016 11.7133178711 11.7633056641 11.8233947754 11.8866577148 11.8633117676 11.8133239746 11.7733154297 11.8300170898 12.1766662598 12.9133605957 12.9599609375 13.1133728027
9999.0000000000 9999.0000000000 9999.0000000000 9999.0000000000 10.6533203125 11.5833435059 10.1999816895 8.8200073242 9.5399780273 10.2666320801 9.4966735840 9.4933166504 9.0599975586 9.4266662598 9.8066406250 10.7866516113 11.0766906738 11.3866577148 11.5766601562 11.7200012207 11.8599853516 11.7699890137 9999.0000000000 12.0333557129 9999.0000000000 9999.0000000000 9999.0000000000 9999.0000000000 10.9933471680 11.6233215332 11.5799865723 11.5266418457 11.3766784668 11.8333740234 12.2933044434 11.4533386230 11.5033569336 11.9633178711 12.0299987793 12.0900268555 12.1600036621 12.2200012207 12.3900146484 12.4533081055 12.6066589355 13.3399963379 13.4933166504 13.5433044434
9999.0000000000 9999.0000000000 9999.0000000000 9999.0000000000 9999.0000000000 9999.0000000000 10.7833251953 9.9800109863 3.6133728027 1.5400085449 3.8699951172 5.0833129883 4.2633972168 4.0233764648 7.2100219727 10.7999572754 11.2866821289 11.2900085449 11.5066528320 11.5366516113 11.7799987793 11.8733520508 11.7533264160 9999.0000000000 9999.0000000000 9999.0000000000 9999.0000000000 9999.0000000000 9999.0000000000 9999.0000000000 12.1766662598 11.9199829102 11.4666442871 11.5233154297 11.7866516113 12.1333312988 11.8066406250 11.7666625977 11.9166870117 12.0899963379 12.2533569336 12.7233276367 12.8966674805 12.9599914551 13.1233215332 13.7866516113 13.7333068848 14.0766601562
9999.0000000000 9999.0000000000 9999.0000000000 9999.0000000000 9999.0000000000 9999.0000000000 9999.0000000000 12.5766601562 11.2966613770 7.2200317383 3.8567199707 0.2000122070 -0.7233276367 -2.8633117676 -0.5733337402 7.7200012207 10.3266601562 10.2266845703 10.7366638184 10.9700012207 10.6866760254 11.0633239746 11.7500000000 9999.0000000000 9999.0000000000 9999.0000000000 9999.0000000000 9999.0000000000 9999.0000000000 9999.0000000000 12.0566711426 12.4133300781 12.0666809082 12.1166381836 11.9800109863 12.3433837891 12.7966613770 12.7533874512 12.0333862305 12.3033447266 12.5666503906 12.7133178711 13.1899414062 13.5599975586 13.5300292969 13.8933410645 14.0533447266 14.1099548340
9999.0000000000 9999.0000000000 9999.0000000000 9999.0000000000 9999.0000000000 9999.0000000000 9999.0000000000 9999.0000000000 9999.0000000000 13.1333007812 12.9366149902 10.8800048828 6.4900207520 4.0500488281 3.5566711426 1.4667053223 0.6700134277 1.1666564941 0.3866882324 3.1999511719 2.3799743652 3.8700256348 7.7633361816 12.0466918945 12.9366760254 9999.0000000000 9999.0000000000 9999.0000000000 9999.0000000000 9999.0000000000 9999.0000000000 12.5166931152 12.4700012207 12.9100036621 12.5732727051 12.6333007812 13.0867004395 12.5500183105 12.8266601562 13.1966247559 13.3666076660 13.4299926758 13.4866333008 13.4633178711 13.8266601562 14.0866699219 14.2532653809 14.3066711426
9999.0000000000 9999.0000000000 9999.0000000000 9999.0000000000 9999.0000000000 9999.0000000000 9999.0000000000 9999.0000000000 9999.0000000000 9999.0000000000 9999.0000000000 13.5899963379 13.8799743652 12.3800354004 9.7033386230 7.5933532715 6.4032897949 5.7100219727 4.9199523926 1.3066101074 0.0066833496 0.8899841309 4.4799804688 8.7700195312 12.4499511719 9999.0000000000 9999.0000000000 9999.0000000000 9999.0000000000 9999.0000000000 9999.0000000000 9999.0000000000 13.0599975586 12.7133789062 12.9700317383 13.3333435059 13.0933227539 12.9633178711 13.0499877930 13.6033020020 13.9765930176 14.0366821289 14.5899658203 14.5599670410 14.6300048828 14.5933227539 14.7366027832 14.8500061035
13.0666198730 9999.0000000000 9999.0000000000 9999.0000000000 9999.0000000000 9999.0000000000 9999.0000000000 9999.0000000000 9999.0000000000 9999.0000000000 9999.0000000000 12.3033142090 6.5133666992 4.9000549316 5.5199890137 5.5166320801 8.0300292969 10.6366577148 10.2500000000 11.6400146484 9.2166442871 3.0100097656 0.1999816895 3.7966613770 10.4700012207 13.0632934570 9999.0000000000 9999.0000000000 9999.0000000000 9999.0000000000 9999.0000000000 9999.0000000000 9999.0000000000 13.3999633789 13.8566589355 14.0233459473 12.8933105469 12.9733276367 13.3466186523 13.7033386230 14.0800476074 14.3366394043 15.0966491699 15.1566772461 15.0166625977 15.0733032227 15.2000122070 15.2799987793
10.6566772461 11.1966247559 13.2600097656 13.2266845703 9999.0000000000 9999.0000000000 13.2966613770 14.9500427246 15.1033020020 13.6299743652 10.1366577148 7.4433288574 4.4233398438 2.8199768066 3.3866577148 3.0699768066 7.1932983398 10.2633361816 12.7833251953 12.9499816895 12.6433105469 12.1366271973 6.0500183105 1.2333374023 3.9066772461 10.3900146484 12.9733276367 9999.0000000000 9999.0000000000 9999.0000000000 9999.0000000000 9999.0000000000 9999.0000000000 13.9133300781 9999.0000000000 9999.0000000000 14.3999938965 13.8967285156 13.6400146484 14.3066406250 14.6599731445 14.7266235352 15.2866821289 15.4400024414 15.4133300781 15.4133300781 15.5199279785 15.6033325195
9.5399780273 9.1099853516 8.1933288574 7.8566589355 7.5033264160 8.4533081055 8.5000305176 8.6466369629 7.9966735840 4.6000061035 3.1733093262 5.3833312988 4.1533508301 2.9266967773 4.2199707031 6.2500000000 3.5299987793 5.2066650391 6.8399658203 9.0999755859 12.1733093262 13.9733276367 13.1700439453 12.9533386230 9.0366821289 8.4133300781 11.7966308594 13.7900390625 13.9800109863 9999.0000000000 9999.0000000000 9999.0000000000 9999.0000000000 14.2000732422 14.4566345215 14.5300292969 14.7133178711 14.6766052246 14.3499450684 14.6066894531 15.1599731445 15.4233398438 15.5699768066 15.7266845703 15.6699829102 15.6699829102 15.8767089844 15.9533386230
9.6366577148 9.0966186523 7.7833557129 7.3533630371 8.5433349609 7.7033386230 9.2600097656 8.6067199707 5.2300109863 3.0966796875 3.4033203125 3.9899597168 4.1033325195 3.9367065430 3.5799865723 8.3433532715 9.2066650391 6.7333374023 4.7833251953 4.1799926758 5.0700073242 11.5300292969 14.1999816895 14.2833557129 13.4182128906 13.2599792480 13.0299682617 14.0199890137 14.4066772461 9999.0000000000 9999.0000000000 9999.0000000000 9999.0000000000 14.6033630371 14.2600097656 14.1433715820 14.5100097656 14.6732788086 14.8367004395 15.0999755859 15.4467468262 16.0100097656 16.1566162109 16.1766967773 16.0967102051 16.2166442871 16.3100585938 16.3866577148
8.5366821289 8.6000061035 7.8533325195 8.3333129883 9.3300170898 8.4132690430 7.5966796875 6.9800109863 7.2200012207 5.8633422852 4.6766357422 5.0733032227 3.9167175293 4.9766845703 5.1399536133 5.9966735840 9.8367004395 11.0200195312 9.3766784668 6.0199584961 6.4166870117 9.7433471680 13.5666503906 14.3333129883 14.5100097656 14.7866821289 14.8733520508 14.8633422852 9999.0000000000 9999.0000000000 9999.0000000000 9999.0000000000 9999.0000000000 9999.0000000000 14.9700012207 15.2399597168 14.7066955566 13.3600158691 15.9333496094 16.4767456055 16.6400146484 16.7999877930 16.9299621582 16.8400268555 16.7467041016 16.8467102051 16.7433471680 16.7233276367
9.2433471680 8.3933410645 7.3500061035 8.7099914551 10.6033020020 7.8866577148 7.6366271973 6.8200073242 7.6633300781 6.0933227539 5.5866699219 5.9966735840 6.9266967773 6.3833007812 5.5400390625 5.6033630371 6.1600036621 10.1232910156 12.0700073242 8.4432983398 7.5632629395 11.9666748047 12.3700561523 12.9833068848 13.5599975586 15.3300170898 15.6100158691 9999.0000000000 9999.0000000000 9999.0000000000 9999.0000000000 9999.0000000000 9999.0000000000 9999.0000000000 15.5799865723 15.6366882324 15.7933044434 15.8600158691 15.9233093262 16.2866516113 17.2399902344 17.3766479492 17.4932861328 17.3966979980 17.3000488281 17.3167114258 17.3833312988 17.4533386230
7.8399658203 8.1033325195 8.0400085449 8.6933288574 11.6733398438 10.7000122070 12.4833374023 11.4800109863 10.3966064453 9.3433837891 8.2833251953 7.5066833496 6.6400146484 6.9666748047 8.2467041016 6.6499938965 5.1900024414 8.7500305176 11.6866760254 11.3599548340 10.1000061035 9.9000244141 8.8067016602 10.3933410645 9.7000427246 14.2866516113 9999.0000000000 9999.0000000000 9999.0000000000 9999.0000000000 9999.0000000000 9999.0000000000 9999.0000000000 9999.0000000000 9999.0000000000 9999.0000000000 15.9966735840 16.1500244141 15.6133422852 15.4766540527 15.5332946777 15.7500000000 17.8400268555 17.9533691406 17.9666748047 17.7566833496 17.8400268555 17.9066467285
6.7900085449 7.1600036621 7.5233154297 8.2699890137 11.0166931152 11.9866943359 11.6866455078 13.6700134277 13.3333129883 13.1433105469 12.4799804688 10.4100341797 7.9333190918 6.9800109863 7.4299926758 6.0899963379 5.4733581543 9.3366699219 11.1666259766 11.6666870117 10.1399841309 9.5399780273 8.1300048828 6.8133239746 9.6033630371 12.4200134277 16.8833312988 9999.0000000000 9999.0000000000 9999.0000000000 9999.0000000000 9999.0000000000 9999.0000000000 9999.0000000000 9999.0000000000 9999.0000000000 16.1966247559 16.5500488281 16.6066284180 16.7400207520 14.8133239746 13.1066284180 12.7166442871 16.0233459473 18.2266235352 18.2132873535 18.2000122070 18.2733154297
10.5500793457 10.1033935547 9.7767028809 12.2300109863 14.5933227539 15.6000366211 14.8766784668 13.1500549316 13.6300048828 13.9533081055 14.3900146484 14.7333068848 12.5466308594 9.6333618164 5.8033447266 5.5899963379 6.1466674805 7.5199890137 11.1467285156 11.5833129883 7.5433349609 8.2933654785 8.6000061035 9.3033142090 9.2066650391 8.7000122070 15.8033752441 9999.0000000000 9999.0000000000 9999.0000000000 9999.0000000000 9999.0000000000 9999.0000000000 9999.0000000000 9999.0000000000 9999.0000000000 16.4933166504 17.1199951172 17.1399536133 16.5666503906 14.3600158691 13.9800109863 12.9899902344 11.0966796875 11.3366699219 15.3199768066 18.0099792480 18.3966369629
