model_inputs/inputs/tas6.asc
ncols 720
nrows 360
xllcorner -180
yllcorner -90
cellsize 0.500000
NODATA_value 9999.000000
[rows 189 to 209 of 360, columns 192 to 239 of 720]
9999.0000000000 9999.0000000000 9999.0000000000 9999.0000000000 9999.0000000000 21.0333557129 21.5566711426 21.8132934570 16.5066528320 15.7666625977 20.2166748047 23.7766723633 24.5832824707 25.7966613770 25.9566345215 26.1266784668 26.1967163086 26.3366699219 26.3833312988 26.4633789062 26.3399963379 26.1433410645 26.0400390625 25.8433227539 25.8399963379 25.6466979980 25.3733215332 25.3099670410 25.2433776855 25.2833557129 25.4133300781 25.4400329590 25.5733337402 25.6800231934 25.7967224121 25.9966735840 26.1100463867 26.2033386230 26.2133483887 26.3399658203 26.3633422852 26.3533020020 26.4666748047 26.4933471680 26.6099853516 26.7366638184 26.7767028809 26.9432678223
9999.0000000000 9999.0000000000 9999.0000000000 9999.0000000000 9999.0000000000 21.0899963379 21.8633117676 22.2734069824 19.2633361816 14.8666687012 22.2466430664 22.8266601562 21.7233581543 24.3366699219 26.1266174316 26.6033325195 26.6366882324 26.7867431641 26.7399597168 26.6133117676 26.3866271973 26.2500000000 26.0599670410 25.9366149902 25.7533264160 25.5666503906 25.3933105469 25.3166809082 25.2400512695 25.2733154297 25.4100036621 25.5366821289 25.5600280762 25.6700134277 25.8800048828 25.8899841309 25.9966430664 26.1033630371 26.1067199707 26.2299804688 26.2233276367 26.2133483887 26.3333435059 26.3500061035 26.4800109863 26.6032409668 26.6666870117 26.8233032227
9999.0000000000 9999.0000000000 9999.0000000000 9999.0000000000 9999.0000000000 20.0299987793 21.4165954590 21.9000244141 21.0133361816 15.3500061035 21.0966491699 20.1700134277 17.6600341797 22.3467102051 24.8533325195 26.8433532715 26.8800048828 26.8033142090 26.6866455078 26.3733215332 26.2866516113 26.0799865723 25.9700012207 25.8666992188 25.6733398438 25.5866699219 25.4100036621 25.3367004395 25.2466735840 25.2733459473 25.2966613770 25.3333435059 25.5466613770 25.6733093262 25.6766662598 25.7866516113 25.9933776855 25.9933166504 26.1033020020 26.1100158691 26.0833435059 26.0799560547 26.1900329590 26.2066650391 26.3433837891 26.3799743652 26.5433349609 26.7100524902
9999.0000000000 9999.0000000000 9999.0000000000 9999.0000000000 9999.0000000000 19.7732849121 20.6800231934 21.3699951172 21.5666503906 14.7766418457 15.6933288574 14.7966918945 16.9199829102 19.8466796875 23.6666564941 25.9800109863 26.9866638184 26.8699951172 26.5533142090 26.2233581543 26.0000000000 25.9967041016 25.7900085449 25.6966247559 25.3899841309 25.3067016602 25.1332702637 25.3366699219 25.2633361816 25.2899780273 25.3099975586 25.4232788086 25.5499572754 25.4600219727 25.5700073242 25.6933898926 25.7866821289 25.7966613770 25.8833007812 25.8633422852 25.8533630371 25.8466796875 25.8500061035 26.0633239746 26.2000427246 26.2633361816 26.4366455078 26.6066589355
9999.0000000000 9999.0000000000 9999.0000000000 9999.0000000000 9999.0000000000 9999.0000000000 9999.0000000000 21.1433105469 20.8433532715 19.4100341797 12.7666931152 13.6699829102 15.0500183105 21.2299804688 23.9933471680 25.8299865723 25.7232971191 26.2166748047 26.3000183105 26.0799865723 25.7166748047 25.9099426270 25.7167358398 25.5199890137 25.4333801270 25.3334045410 25.2533569336 25.2733154297 25.2933654785 25.2266235352 25.2399902344 25.3533935547 25.4633483887 25.4633178711 25.5567016602 25.5700378418 25.6733703613 25.7833862305 25.7633666992 25.7267150879 25.7099914551 25.7033996582 25.7333068848 25.8366699219 25.8766479492 26.0499877930 26.2099914551 26.3900451660
9999.0000000000 9999.0000000000 9999.0000000000 9999.0000000000 9999.0000000000 9999.0000000000 9999.0000000000 9999.0000000000 20.4500427246 19.0299987793 15.1166381836 13.0799560547 14.1466674805 21.2800292969 25.1066589355 25.9233398438 25.5466613770 26.2766418457 25.9466857910 25.5433654785 25.6332702637 25.6366882324 25.6366271973 25.5566406250 25.4533081055 25.2566528320 25.1699829102 25.0866699219 25.0133361816 24.9400024414 24.9566650391 25.1799621582 25.4833374023 25.4766540527 25.5766906738 25.5666809082 25.6733093262 25.7633056641 25.6300048828 25.6033325195 25.5800170898 25.5733337402 25.5833435059 25.6033020020 25.6633300781 25.7299804688 25.9033508301 26.0733032227
9999.0000000000 9999.0000000000 9999.0000000000 9999.0000000000 9999.0000000000 9999.0000000000 9999.0000000000 9999.0000000000 19.8666381836 18.9132995605 15.7966613770 13.1300048828 14.0999755859 17.3066406250 23.3433227539 25.1133117676 25.2466735840 26.1066589355 26.0066528320 25.5466613770 25.5566711426 25.5599975586 25.5733337402 25.3766174316 25.2833251953 25.0866699219 24.9966735840 24.9233398438 24.9399719238 24.9600219727 25.0866699219 25.1966552734 25.4100036621 25.5966186523 25.6033630371 25.6867065430 25.6533508301 25.6266784668 25.5966491699 25.4700317383 25.3466796875 25.3333435059 25.3433227539 25.4899902344 25.4499511719 25.5199890137 25.7899475098 25.9633789062
9999.0000000000 9999.0000000000 9999.0000000000 9999.0000000000 9999.0000000000 9999.0000000000 9999.0000000000 9999.0000000000 9999.0000000000 19.2300415039 17.3133239746 12.3699645996 10.3566589355 13.3466796875 19.7566833496 23.8766479492 25.0266113281 25.5899963379 25.8599853516 25.4833374023 24.8866577148 25.4933166504 25.6032714844 25.2133789062 25.0233459473 24.8299865723 24.7266540527 24.6433410645 24.6699523926 24.7767028809 25.1000061035 24.9166564941 25.3233337402 25.5166625977 25.4166564941 25.7033386230 25.7566528320 25.6133422852 25.4766235352 25.3399963379 25.1000061035 25.1000061035 25.2133178711 25.1733093262 25.1333618164 25.2032775879 25.3666687012 25.5366821289
9999.0000000000 9999.0000000000 9999.0000000000 9999.0000000000 9999.0000000000 9999.0000000000 9999.0000000000 9999.0000000000 9999.0000000000 9999.0000000000 17.6433410645 16.2200012207 8.9066162109 13.1899719238 15.6867065430 23.0899963379 24.1799926758 24.9533386230 25.4400329590 25.5033874512 25.3133239746 25.1166381836 25.3400268555 25.1433105469 24.9533081055 24.7666625977 24.6699523926 24.5766601562 24.5933227539 24.8133239746 24.9333190918 24.9499816895 25.2400207520 25.3266906738 25.3166809082 25.4766540527 25.6499938965 25.5100402832 25.3666687012 25.3366394043 25.1933898926 24.8666381836 24.8999633789 24.9566345215 24.9200134277 24.9766540527 25.2432861328 25.3233032227
9999.0000000000 9999.0000000000 9999.0000000000 9999.0000000000 9999.0000000000 9999.0000000000 9999.0000000000 9999.0000000000 9999.0000000000 9999.0000000000 18.3900146484 17.9966735840 8.2933349609 8.6866760254 13.9799804688 19.9800109863 22.5366516113 23.2433776855 24.9432678223 25.1900024414 24.8266601562 24.8366699219 24.9566650391 24.8533935547 24.6766357422 24.7799682617 24.5899658203 24.5966491699 24.6099853516 24.7366333008 24.8500061035 24.9599609375 25.0499877930 25.3533325195 25.3066406250 25.5633239746 25.5266418457 25.3966369629 25.2532958984 25.3066406250 24.9633178711 24.6566772461 24.5000000000 24.6532592773 24.8100585938 24.6700439453 25.0366210938 24.9099731445
9999.0000000000 9999.0000000000 9999.0000000000 9999.0000000000 9999.0000000000 9999.0000000000 9999.0000000000 9999.0000000000 9999.0000000000 9999.0000000000 9999.0000000000 18.1733703613 13.2300109863 6.7399902344 10.2666931152 14.7766418457 17.9466857910 22.6633605957 24.5599670410 24.6900024414 24.7333679199 24.5433044434 24.5499572754 24.3800354004 24.3933715820 24.5033264160 24.3200073242 24.4200134277 24.3233947754 24.4433288574 24.5666809082 24.7699890137 24.9500427246 25.2332763672 25.2900085449 25.5566711426 25.6166687012 25.5633850098 25.3066711426 25.2866516113 24.8566589355 24.7566528320 24.6033935547 24.6566467285 24.6966857910 24.3533325195 24.7166442871 24.5900268555
9999.0000000000 9999.0000000000 9999.0000000000 9999.0000000000 9999.0000000000 9999.0000000000 9999.0000000000 9999.0000000000 9999.0000000000 9999.0000000000 9999.0000000000 18.1799926758 16.4066467285 8.2633361816 5.0866699219 10.2966613770 14.0599670410 21.9866943359 24.0833129883 23.6000366211 24.4499816895 24.3633728027 24.2700195312 24.1800537109 24.1033325195 24.0233459473 23.9399414062 23.9466552734 24.2500000000 24.3599853516 24.4799804688 24.6832885742 24.8499755859 25.1133117676 25.2699890137 25.4133300781 25.4633178711 25.4200439453 25.1000061035 24.8733520508 24.5599975586 24.5766296387 24.4333496094 24.3666381836 24.3032836914 24.2566528320 24.2966918945 24.3699951172
9999.0000000000 9999.0000000000 9999.0000000000 9999.0000000000 9999.0000000000 9999.0000000000 9999.0000000000 9999.0000000000 9999.0000000000 9999.0000000000 9999.0000000000 9999.0000000000 17.2666625977 12.6300048828 4.9032897949 5.8100280762 10.6366882324 18.7166137695 21.7166748047 20.8100585938 23.3433227539 24.0899963379 23.9899902344 23.8966979980 23.9166564941 23.8366699219 23.6566772461 23.5633544922 23.5766906738 23.6833801270 24.2000122070 24.2600402832 24.6266479492 24.9733886719 25.2100524902 25.4666748047 25.5466308594 25.6166687012 24.8799743652 23.8599853516 23.8466491699 24.0966796875 24.2599792480 24.2933044434 24.2100219727 24.1599731445 24.1999816895 24.2733459473
9999.0000000000 9999.0000000000 9999.0000000000 9999.0000000000 9999.0000000000 9999.0000000000 9999.0000000000 9999.0000000000 9999.0000000000 9999.0000000000 9999.0000000000 9999.0000000000 17.8599853516 16.3933410645 6.6733398438 3.4000244141 7.7099914551 15.7167053223 18.4533691406 22.4166564941 22.4666748047 22.2199707031 23.5199890137 23.6366577148 23.5400390625 23.4633483887 23.2733154297 23.0866699219 23.1000671387 23.2033691406 23.5733337402 23.9133605957 24.3600158691 24.7066040039 24.8766174316 25.1633300781 25.4233703613 25.4100036621 24.9866943359 24.1533203125 23.6466674805 23.8133239746 23.8732910156 24.2100219727 24.2333374023 24.0666503906 24.0000000000 24.1600036621
9999.0000000000 9999.0000000000 9999.0000000000 9999.0000000000 9999.0000000000 9999.0000000000 9999.0000000000 9999.0000000000 9999.0000000000 9999.0000000000 9999.0000000000 9999.0000000000 9999.0000000000 16.9666748047 11.8132934570 1.9200134277 4.6799926758 10.1033325195 14.9066772461 21.3366088867 19.7699890137 19.7200317383 22.4566650391 22.5700073242 22.7733459473 23.2900085449 23.1000061035 22.9966735840 23.1066894531 23.1400146484 23.3999938965 23.8633728027 24.2200012207 24.4899597168 24.6633300781 24.8399658203 25.2266235352 25.1966247559 24.8600158691 24.6533203125 24.5700073242 24.3199768066 23.8866577148 23.6132812500 23.9532775879 23.9833374023 23.8133239746 23.6499938965
9999.0000000000 9999.0000000000 9999.0000000000 9999.0000000000 9999.0000000000 9999.0000000000 9999.0000000000 9999.0000000000 9999.0000000000 9999.0000000000 9999.0000000000 9999.0000000000 9999.0000000000 17.5667114258 15.1666259766 7.6499938965 3.0167236328 6.4800415039 14.4100036621 17.3566894531 20.3066406250 17.4299926758 19.1833190918 17.8033142090 18.9033203125 22.2133483887 22.9166564941 22.9933166504 23.1233215332 23.2866516113 23.4533386230 23.6199951172 23.7033386230 24.0799865723 24.3633422852 24.5300292969 24.8067016602 24.7900085449 24.9567260742 24.8399963379 24.6833801270 24.6366882324 24.2966918945 24.0399780273 23.7700500488 23.4999694824 23.6399841309 23.8799743652
9999.0000000000 9999.0000000000 9999.0000000000 9999.0000000000 9999.0000000000 9999.0000000000 9999.0000000000 9999.0000000000 9999.0000000000 9999.0000000000 9999.0000000000 9999.0000000000 9999.0000000000 9999.0000000000 16.7866821289 13.1566772461 5.7966918945 2.6299743652 6.8933105469 10.5833129883 16.7233581543 16.4533386230 17.3866882324 13.7200012207 13.8266601562 20.8232727051 21.4867248535 22.8299865723 23.0600280762 23.3266296387 23.4100341797 23.3933715820 23.4833068848 23.8766784668 24.1500549316 24.2232971191 24.5066833496 24.5800170898 24.6466369629 24.7400207520 24.5833129883 24.5533142090 24.4066772461 24.2566833496 23.8866577148 23.5233154297 23.3600158691 23.3865966797
9999.0000000000 9999.0000000000 9999.0000000000 9999.0000000000 9999.0000000000 9999.0000000000 9999.0000000000 9999.0000000000 9999.0000000000 9999.0000000000 9999.0000000000 9999.0000000000 9999.0000000000 9999.0000000000 9999.0000000000 16.2966918945 9.9233398438 2.9533386230 2.9966430664 9.3499755859 13.5466613770 11.9766845703 7.6966247559 6.6266479492 9.4433593750 12.9966735840 17.2299804688 20.8766174316 21.9333190918 22.3166198730 23.1033935547 23.2833557129 23.4599914551 23.7533874512 23.9466857910 24.0200195312 24.0899963379 24.1633300781 24.2399902344 24.5499877930 24.5066833496 24.2700500488 24.2266845703 24.0766296387 23.9033203125 23.6433715820 23.2766723633 22.9100341797
9999.0000000000 9999.0000000000 9999.0000000000 9999.0000000000 9999.0000000000 9999.0000000000 9999.0000000000 9999.0000000000 9999.0000000000 9999.0000000000 9999.0000000000 9999.0000000000 9999.0000000000 9999.0000000000 9999.0000000000 17.1199951172 14.4699707031 6.5133056641 5.0233459473 6.3966064453 9.9866333008 7.9032897949 7.2099609375 7.1233520508 7.6000366211 3.6400451660 5.9000244141 13.5399780273 18.1100158691 19.1200256348 21.4266357422 22.1800231934 23.2433166504 23.6232604980 23.7200622559 23.7966918945 23.7733764648 23.9433288574 24.0199584961 24.2533874512 24.2200012207 23.9799804688 23.9432983398 23.4933776855 23.5165710449 23.4600524902 23.1966247559 23.0433349609
9999.0000000000 9999.0000000000 9999.0000000000 9999.0000000000 9999.0000000000 9999.0000000000 9999.0000000000 9999.0000000000 9999.0000000000 9999.0000000000 9999.0000000000 9999.0000000000 9999.0000000000 9999.0000000000 9999.0000000000 17.0099792480 16.2733764648 13.7633056641 7.3166809082 5.0800170898 6.2633361816 5.2666625977 4.5299987793 5.2099914551 5.4967041016 4.8533325195 2.6100158691 3.8566284180 5.5833435059 13.8899841309 18.2166748047 20.1767272949 22.2399597168 23.3166809082 23.4966430664 23.5733032227 23.6599731445 23.7333374023 23.7200012207 23.7766723633 23.7266845703 23.6966857910 23.6633605957 23.3265991211 23.2500305176 23.2766723633 22.5266723633 22.8566894531
9999.0000000000 9999.0000000000 9999.0000000000 9999.0000000000 9999.0000000000 9999.0000000000 9999.0000000000 9999.0000000000 9999.0000000000 9999.0000000000 9999.0000000000 9999.0000000000 9999.0000000000 9999.0000000000 9999.0000000000 9999.0000000000 16.6033325195 16.6266784668 12.6233520508 6.4833374023 3.8333740234 3.2700195312 1.3400268555 1.9066772461 3.4766845703 4.7433166504 5.5166931152 5.7166748047 4.4167175293 3.1400146484 15.6466674805 18.5333251953 21.7699279785 22.5166320801 23.2900085449 23.3699951172 23.4466552734 23.4299926758 23.4266662598 23.3899841309 23.3500061035 23.3166198730 23.1699829102 22.9432983398 22.8733215332 22.9166870117 22.3399963379 21.8699951172
