model_inputs/inputs/tas6.asc
ncols 720
nrows 360
xllcorner -180
yllcorner -90
cellsize 0.500000
NODATA_value 9999.000000
[rows 105 to 125 of 360, columns 432 to 479 of 720]
24.4333190918 23.2766723633 23.8300170898 25.2999877930 26.7733459473 27.2266540527 26.9700317383 26.5466308594 26.7500000000 26.7166748047 27.1433410645 27.9999389648 28.6866455078 26.1733398438 23.4633483887 21.5599975586 19.9700012207 17.5967102051 21.6333312988 22.3366699219 21.5199890137 19.8166503906 20.2066955566 21.9100036621 19.9566650391 18.1266784668 26.5733947754 28.7999877930 29.1499633789 9999.0000000000 9999.0000000000 9999.0000000000 9999.0000000000 9999.0000000000 9999.0000000000 27.4400329590 26.7933044434 27.8033752441 27.6466674805 23.6233520508 22.5700073242 23.5333557129 23.2233276367 22.5232849121 23.0166320801 22.3166809082 24.2333068848 27.2099914551
23.9833374023 25.5166320801 25.5666809082 26.5332641602 27.1933593750 27.6199951172 27.6833190918 27.6833190918 27.7032775879 28.2966613770 29.0899963379 29.5800170898 29.6899719238 29.8099975586 28.1434020996 26.1599731445 24.4899902344 22.0199890137 19.6400146484 21.3632812500 21.3166503906 18.0900268555 17.1933288574 19.4933471680 18.3933410645 18.2900695801 18.5299987793 18.7933349609 20.4400024414 23.7966918945 29.2033691406 28.4766845703 9999.0000000000 30.0133361816 29.2132873535 26.9266967773 24.8633422852 23.5499572754 23.0233459473 24.1733398438 25.7832946777 25.3633422852 25.6799926758 25.5733032227 22.8666687012 22.8666687012 22.4700622559 21.0499877930
24.6533203125 25.6232299805 26.3000488281 27.0267028809 27.5700073242 28.0899963379 28.2033386230 27.8533020020 27.6000061035 28.7366638184 29.1566467285 29.3833923340 30.4200134277 30.6533508301 30.7566528320 29.9866943359 27.5033874512 26.6333312988 23.5666809082 21.4866638184 20.1166687012 19.2600097656 18.8533630371 20.0599975586 19.6799926758 17.9599609375 19.0499572754 21.7433471680 22.7733154297 19.2633666992 19.3233337402 19.2800598145 25.5866394043 27.7699584961 27.0266418457 23.1766967773 24.0899963379 25.2999877930 24.9266967773 24.8233337402 27.0200195312 27.5266723633 26.1233215332 26.7133483887 26.4199829102 25.2200012207 22.5333251953 24.9833374023
23.6932983398 25.1300048828 26.5966491699 27.1000061035 27.8266601562 28.3566589355 28.5766906738 29.0099792480 28.9733581543 29.6533203125 29.9700317383 30.7000427246 31.2366333008 31.5733032227 31.9099731445 32.0234069824 31.9666442871 30.1699829102 26.3767089844 23.6833190918 20.1766662598 17.6100463867 20.3366088867 20.6666870117 19.3166809082 19.5299682617 19.2766418457 21.6566772461 24.4200134277 25.6199951172 23.9199829102 22.6466369629 20.1699829102 21.0767211914 22.8966979980 25.5900268555 27.8399658203 28.1300048828 28.3665771484 29.0700073242 30.3599548340 30.2400207520 28.9299621582 28.0666503906 28.3066711426 26.8633422852 24.9199523926 24.7600402832
23.4166564941 25.8866882324 26.1000671387 26.2699279785 27.0900268555 27.7266845703 27.5400085449 28.8899841309 29.8699951172 30.2766418457 30.5933532715 30.8133239746 31.3566894531 31.9833679199 32.5199890137 33.0500488281 33.3700256348 31.7933044434 29.0266723633 29.2366638184 20.1466979980 19.1833190918 20.6466674805 21.1333312988 20.2399902344 21.0566406250 21.0967102051 20.4499511719 24.1433410645 26.8000183105 29.3200378418 30.0033264160 28.4266662598 28.6533508301 30.4199829102 30.6399536133 29.2633056641 29.2599792480 30.9766540527 31.1066589355 31.4933471680 30.9733581543 30.3533325195 30.6833190918 29.5866699219 28.4866638184 25.9666442871 24.3399963379
22.8899841309 24.6999511719 24.3333435059 25.1900024414 26.2700195312 27.2866516113 28.6899719238 29.5133361816 29.9066772461 30.2699279785 30.5699768066 30.7000427246 31.3433227539 32.2833251953 33.0200195312 33.5433349609 33.8800354004 33.9200134277 32.6266479492 30.6666564941 21.4900207520 21.4066772461 19.8533325195 18.7499694824 19.9433593750 21.0533447266 22.8633117676 22.0333251953 24.7699890137 29.0733032227 30.3599853516 30.5599365234 30.4766845703 31.1866455078 32.1666564941 31.9666442871 31.1833496094 32.1766662598 32.2899780273 32.0300292969 31.9266967773 31.0066528320 29.8667297363 30.2700500488 30.1333923340 30.1000061035 29.4500122070 27.9133605957
18.1533508301 21.2233581543 23.6766662598 25.3533325195 27.1732788086 27.7766418457 27.8966979980 28.3999633789 29.3166809082 29.9466552734 30.5099487305 31.0466308594 31.8900451660 32.4200439453 33.3599853516 33.6966247559 34.1366577148 34.4599609375 34.3166809082 31.1466979980 22.9866638184 22.9199829102 21.0867309570 20.3299865723 20.6999816895 21.1232910156 20.0599670410 24.3333740234 23.5333557129 25.1000671387 28.8866577148 30.9933471680 30.8500366211 31.8699645996 33.1099548340 32.7166748047 31.6900024414 31.6966552734 31.2233276367 31.2233886719 31.0366516113 30.5166931152 30.4700012207 30.3133850098 27.0299987793 27.8833007812 28.2467041016 27.8033752441
19.2866516113 22.4566345215 24.5499572754 25.3799743652 26.1166992188 26.9233398438 27.4334106445 28.2433471680 28.6199951172 29.2099914551 29.8865966797 30.6300354004 31.6699829102 32.7066650391 33.2433166504 33.6833190918 34.0200195312 34.4533386230 34.6932678223 32.9300231934 25.1599426270 23.5966796875 25.1266479492 23.0599975586 20.7799987793 21.6533508301 21.2432861328 21.4299926758 22.9099426270 24.1833801270 23.5566101074 28.1866455078 30.1533203125 31.0066528320 31.0498962402 31.6499633789 30.9333190918 30.6866760254 32.3134155273 33.4299621582 30.9433288574 31.9299926758 29.1833496094 30.4200134277 29.0433654785 25.9799804688 25.6400146484 26.4800109863
22.7166748047 23.9633789062 25.3066711426 26.1199951172 26.2700195312 26.8766479492 27.4766540527 27.8299865723 28.5066223145 29.0799865723 29.8533020020 30.7100219727 31.5467224121 32.5899963379 33.1233520508 33.4600219727 33.5033569336 34.1399841309 34.4700317383 34.2099914551 31.7399597168 25.9033203125 26.1466674805 25.7966308594 23.0599975586 22.6466674805 20.9499816895 20.4633789062 20.8099975586 22.2132873535 24.7900085449 24.8933105469 26.8033447266 28.6500549316 31.5665893555 30.8633422852 30.4566650391 29.8167114258 31.9100036621 32.9200439453 30.8966369629 32.3399658203 30.1999511719 28.9166564941 29.7433471680 27.7866821289 24.4366760254 23.9666748047
23.8932800293 22.3433532715 24.9266662598 26.1800231934 26.7133178711 26.9833679199 27.2566528320 27.8066406250 28.3699951172 29.2532958984 30.1333312988 30.8799743652 31.5066833496 32.3733520508 33.1133422852 33.5433044434 33.6899719238 34.1232910156 34.4666748047 34.5966491699 34.5733642578 33.7200012207 31.5532836914 31.7266540527 30.7533264160 28.9500122070 24.9500122070 20.7499694824 19.5466613770 21.2833251953 24.0633239746 26.2966613770 26.2300415039 25.6633300781 29.2966613770 30.2932739258 30.4800415039 29.9366455078 30.2166442871 30.6733398438 31.9032897949 30.6299743652 31.7000427246 32.3332824707 31.6433410645 28.7867126465 25.2366638184 24.2033691406
24.0966796875 23.7399291992 25.6766662598 26.0766906738 27.0233459473 27.0733642578 27.4266357422 27.9866027832 28.6466369629 29.5066528320 30.1966857910 31.0466613770 31.7933044434 32.3433227539 32.9900512695 33.6232910156 33.9733276367 34.2033386230 34.4333801270 34.7433471680 34.7699890137 34.6133422852 34.4700012207 34.2966918945 34.6600036621 33.8866577148 30.3866577148 25.6832580566 19.6066589355 21.7166748047 23.7633666992 25.2233276367 26.9766235352 28.2933959961 26.3133239746 28.1066589355 29.5166931152 27.5466918945 30.5700073242 29.8800354004 31.6033325195 31.5333557129 30.6033020020 32.6333312988 32.2666931152 29.7033386230 26.1399536133 25.5899658203
24.0933227539 25.8166503906 26.5233154297 26.8599548340 27.1932678223 27.8499450684 27.9933471680 28.4566955566 29.0199890137 29.5799865723 30.5733642578 31.4267272949 32.0833740234 32.3033142090 32.6600036621 33.2900085449 33.9466857910 34.2800903320 34.5033264160 34.5332946777 34.5899353027 34.5400085449 34.7099609375 34.9633178711 34.8932800293 34.8700256348 33.6800231934 30.3732910156 23.7466735840 22.3566589355 21.4066772461 22.4766845703 25.1766662598 28.9800415039 27.6699523926 24.6366577148 27.9400329590 29.6933593750 30.9966735840 28.6000366211 27.7099914551 29.3499755859 30.4199829102 32.2433776855 32.4699707031 31.3200073242 27.9533386230 26.5699768066
24.3500061035 25.5466613770 27.1799926758 27.7266845703 27.6666564941 27.5200195312 28.1766357422 28.8366394043 29.3900146484 29.8433227539 31.0466613770 31.5866088867 32.2333679199 32.3767089844 32.7366943359 33.0833129883 33.7133178711 34.2633361816 34.4933166504 34.3399963379 34.2099914551 34.3800048828 34.6533203125 34.8100280762 34.8766174316 35.1999816895 34.7033996582 32.4833068848 23.2933044434 23.6033325195 20.9099731445 21.2332763672 23.1033020020 25.4066772461 28.7700500488 28.2266845703 26.1000061035 27.6399841309 28.8333740234 28.7233581543 26.6333312988 26.6632995605 30.5333251953 32.1700439453 32.3899841309 32.4333801270 31.2533264160 30.0765991211
24.5899963379 25.4233398438 26.9700012207 28.2066650391 28.7500000000 28.2966613770 28.1533203125 28.8999328613 29.6633300781 30.6166687012 31.4099731445 31.8499755859 32.4033203125 32.6500244141 32.8000183105 33.1499633789 33.4800109863 33.9599914551 34.1999816895 34.3800048828 34.3566894531 34.6166687012 34.6999816895 34.6567077637 34.9733886719 35.1000061035 34.9033203125 34.1000061035 31.3333129883 27.4666442871 23.3833007812 22.0567016602 23.2433166504 22.7333068848 24.5999755859 27.7933044434 27.3466796875 24.9767150879 27.3133544922 28.1666870117 27.1566772461 26.1667175293 25.6366882324 31.4533081055 32.4033508301 32.4500122070 32.5633544922 31.6900024414
25.6633300781 26.0999755859 26.6466674805 28.0933227539 29.2333679199 29.5867004395 29.8366394043 29.3799743652 30.2333068848 30.7999877930 31.5699462891 32.0299987793 32.4800109863 32.8166809082 32.9633178711 33.3099975586 33.3933105469 33.7466430664 34.1266784668 34.3999938965 34.6700134277 34.8533020020 35.1200256348 35.2033386230 35.4533996582 35.0066223145 34.7333679199 34.2400207520 33.0399780273 30.0766601562 28.2467041016 24.7366638184 24.1366577148 23.7600097656 24.3999938965 23.5233764648 26.8067016602 27.1199645996 25.0633239746 26.4033813477 26.1700134277 24.6133117676 23.8200073242 28.5700378418 32.3166809082 32.5600280762 32.6700134277 31.8999938965
26.4733276367 26.3800048828 26.7300109863 27.8833312988 29.2232971191 29.7700195312 30.0099792480 30.1600341797 30.8132934570 31.0699768066 31.6333007812 31.9933471680 32.1432800293 32.6900329590 32.9266967773 33.2400512695 33.5000305176 33.7733459473 34.1599731445 34.4266967773 34.6033630371 34.8833618164 35.3733215332 35.9599609375 35.5599975586 35.5899353027 9999.0000000000 9999.0000000000 35.6367187500 32.0600280762 30.4633483887 26.5433349609 24.7899780273 26.9967041016 26.7266235352 26.1433715820 26.8333435059 25.8499755859 27.1566772461 25.4866943359 22.9133300781 23.1732788086 22.8300476074 24.5866088867 31.1266784668 33.1699218750 33.5899658203 31.4133300781
27.1266479492 27.1366577148 27.1500244141 28.4766845703 29.3133544922 29.7566833496 30.1066589355 30.3433532715 30.6900329590 30.9433898926 31.3033447266 31.8766479492 32.2066955566 32.8599853516 33.0833129883 33.4400024414 33.7200012207 33.9999389648 34.1766662598 34.5566711426 34.6500244141 35.0466613770 35.5533447266 36.4433288574 35.4500427246 9999.0000000000 9999.0000000000 9999.0000000000 9999.0000000000 32.4833374023 31.5133361816 29.9700012207 27.0666503906 26.8100585938 26.4600219727 26.3599853516 26.3732910156 26.3900146484 26.0999755859 25.9366760254 24.1833190918 22.0366516113 21.7266845703 23.8833312988 29.6733398438 32.6966857910 33.5267028809 32.4300231934
27.7766723633 27.8966674805 28.3033142090 28.6100463867 29.1300354004 29.5399475098 30.5667114258 30.9166870117 30.7666931152 31.0199890137 31.6766662598 31.9333496094 32.5932922363 32.8333740234 33.0833740234 33.3699951172 33.6333618164 34.0266723633 34.4233703613 34.6232910156 34.8166198730 35.1066894531 35.4166564941 35.7099609375 35.8132934570 9999.0000000000 9999.0000000000 9999.0000000000 9999.0000000000 36.0133361816 31.2966918945 30.0999450684 29.6366577148 26.5100097656 28.3866271973 30.4033203125 28.4199218750 27.0400390625 26.4767150879 26.5099792480 25.7533264160 24.3300170898 26.0032958984 27.4833679199 27.2233276367 31.5433349609 32.8533325195 32.6399841309
27.7966613770 28.2166748047 28.6400146484 29.0533447266 29.4766540527 29.9932556152 31.0133666992 31.3099365234 31.2566833496 31.4933471680 32.1532897949 32.4066467285 32.9533386230 33.0333251953 33.2099914551 33.2966613770 33.6933288574 34.2932739258 34.5899658203 34.8966674805 34.9966735840 35.0899963379 35.3866577148 35.3866271973 35.5966796875 35.7999877930 9999.0000000000 9999.0000000000 9999.0000000000 9999.0000000000 32.6233825684 31.0000000000 31.2566528320 30.6233215332 29.9733276367 29.0066833496 30.1599731445 29.3166809082 27.5499877930 28.0766601562 28.3133544922 27.0233459473 28.5000305176 31.0400085449 30.4367065430 29.8132934570 30.6166687012 30.2933349609
28.1266784668 26.7533264160 27.9800109863 29.4966735840 29.9166564941 30.5233459473 30.7432861328 31.3733215332 31.4800109863 31.7000122070 32.2233581543 32.4866638184 33.0800170898 33.2700195312 33.4700317383 33.7533264160 34.2600097656 34.2633361816 34.4633178711 34.8633117676 34.8666992188 35.2766723633 35.3666687012 35.3766784668 35.4799804688 35.3666381836 9999.0000000000 9999.0000000000 9999.0000000000 9999.0000000000 9999.0000000000 35.3433532715 31.9700012207 30.6166687012 29.9833374023 29.5366821289 29.6766662598 29.6433715820 30.6099853516 29.8600158691 30.0966796875 30.8099670410 31.9466552734 31.2466430664 33.0100097656 33.0800170898 33.0400390625 32.9366455078
29.7599792480 28.8800048828 27.7966308594 28.3000488281 30.1399841309 30.7466735840 31.2733764648 31.5833129883 30.4033203125 30.8166809082 32.0333251953 32.2599487305 32.6566772461 33.3466796875 34.1400756836 34.1500549316 34.5533447266 34.4500427246 34.4466857910 34.6399841309 34.8366394043 35.1366577148 35.2499694824 35.3500061035 35.3466491699 35.2500000000 35.0433349609 35.9699707031 9999.0000000000 9999.0000000000 9999.0000000000 9999.0000000000 9999.0000000000 32.9633483887 31.3099975586 28.9599914551 28.5033569336 29.6666564941 30.0299682617 31.2966308594 32.3466491699 33.8299865723 32.7032775879 30.8766784668 32.3466796875 33.2100219727 33.8866271973 34.8533325195
