model_inputs/inputs/tas6.asc
ncols 720
nrows 360
xllcorner -180
yllcorner -90
cellsize 0.500000
NODATA_value 9999.000000
[rows 63 to 83 of 360, columns 144 to 191 of 720]
12.9733276367 12.6833190918 12.9933776855 13.1066589355 13.0133056641 12.6299743652 12.2400207520 11.9466552734 11.8599853516 11.6799926758 11.5866699219 11.5099792480 11.5400085449 11.4700012207 11.2032775879 11.0233459473 10.9566650391 10.5733337402 10.2866821289 10.1199645996 9.6432800293 9.2666625977 8.9800109863 8.7133483887 8.6366271973 8.3600158691 8.1833496094 8.0233764648 7.9533386230 8.0466918945 8.5533447266 9999.0000000000 9999.0000000000 9999.0000000000 9999.0000000000 9999.0000000000 9999.0000000000 9999.0000000000 9999.0000000000 9999.0000000000 9999.0000000000 9999.0000000000 9999.0000000000 9999.0000000000 9999.0000000000 9999.0000000000 9999.0000000000 9999.0000000000
12.9766235352 12.9766540527 13.3933410645 13.3999938965 13.0266113281 12.6300048828 12.6366577148 12.2366333008 12.1600036621 11.9566955566 12.1766662598 12.2866516113 12.2066345215 12.0266418457 11.8533935547 11.6799926758 11.5033264160 11.2232971191 11.0366516113 10.6633300781 10.2866516113 10.0033264160 9.6299743652 9.4533691406 9.2833557129 8.9066772461 8.7532653809 8.7033691406 8.8299865723 8.8400268555 8.8299865723 9999.0000000000 9999.0000000000 9999.0000000000 9999.0000000000 9999.0000000000 9999.0000000000 9999.0000000000 9999.0000000000 9999.0000000000 9999.0000000000 9999.0000000000 9999.0000000000 9999.0000000000 9999.0000000000 9999.0000000000 9999.0000000000 9999.0000000000
13.2733154297 13.2899780273 13.6932983398 13.6133422852 13.3166503906 13.0266418457 12.9300231934 12.6433105469 12.5466918945 12.3600158691 12.6566467285 12.6666564941 12.5733032227 12.4966735840 12.4033203125 12.2166748047 12.1433410645 11.9599914551 11.7900085449 11.3999938965 11.0333557129 10.6666564941 10.4799804688 10.3067016602 10.1333007812 9.8833312988 9.6266784668 9.6799621582 9.7099914551 9.7333068848 9.6166381836 9.8199768066 9.6133117676 9.5133056641 9.4133300781 9.1166076660 9999.0000000000 9999.0000000000 9999.0000000000 9999.0000000000 9999.0000000000 9999.0000000000 9999.0000000000 9999.0000000000 9999.0000000000 9999.0000000000 9999.0000000000 9999.0000000000
13.7933044434 13.6799926758 13.4966430664 13.4999694824 13.3266601562 13.4166870117 13.2299804688 13.0333251953 12.8233032227 12.7333068848 12.6366882324 12.6399841309 12.7566223145 12.9766845703 13.0766601562 12.9766845703 12.9800109863 12.7133178711 12.2299804688 11.8599853516 11.4833374023 11.1999816895 11.0199890137 10.9666442871 10.9199829102 10.8633422852 10.8099975586 10.5466613770 10.4766235352 10.5133056641 10.4099731445 10.1933288574 10.1066284180 9.8000183105 9.6967163086 9.6900329590 9.7867126465 9.7933349609 9.8833923340 8.7966613770 9999.0000000000 9999.0000000000 9999.0000000000 9999.0000000000 9999.0000000000 9999.0000000000 9999.0000000000 9999.0000000000
14.1033630371 14.0900268555 13.8933410645 13.8032836914 13.6066894531 13.6100158691 13.6066284180 13.3133239746 13.0233154297 13.0100097656 12.9333190918 13.1333007812 13.1333312988 13.4399719238 13.5466613770 13.4500427246 13.3599548340 13.0666809082 12.6799926758 12.4000244141 12.1133117676 11.9599914551 11.9000549316 11.7366638184 11.6867065430 11.7266845703 11.7800292969 11.4233703613 11.3533630371 11.3833312988 11.2066955566 10.9933166504 10.6733398438 10.3767089844 10.1833801270 10.1833496094 10.2699584961 10.2699584961 10.3633117676 10.2633666992 10.2733459473 9999.0000000000 9999.0000000000 9999.0000000000 9999.0000000000 9999.0000000000 9999.0000000000 9999.0000000000
14.3066406250 14.2933349609 14.2933349609 14.2900390625 14.0866088867 13.9933166504 13.7033386230 13.5032958984 13.3100280762 13.2166748047 13.6066589355 13.6100463867 13.9166870117 13.8133544922 13.9233093262 13.8200073242 13.7466735840 13.5433654785 13.2566833496 12.8632812500 12.9766540527 12.9300231934 12.4733886719 12.4200134277 12.6666870117 12.6066894531 12.4532775879 12.2866821289 12.0400085449 11.7566528320 11.5833129883 11.4833679199 11.5699768066 11.3633117676 10.9700012207 10.8766174316 10.6600036621 10.5566711426 10.5433349609 10.4599914551 10.0633239746 9.9566650391 9.8800354004 9.9733276367 8.0800170898 9999.0000000000 9999.0000000000 9999.0000000000
14.3366394043 14.3433227539 14.3266601562 14.4266357422 14.1400146484 14.0500183105 13.8333740234 13.7633056641 13.7565917969 13.6565856934 14.1700134277 14.2600097656 14.4699707031 14.1666870117 14.1600036621 14.0666503906 13.8766784668 13.7866516113 13.6832885742 13.5133361816 13.7433166504 13.5867004395 13.1333312988 12.9966430664 13.3466796875 13.2799987793 13.1266479492 12.8700256348 12.6933593750 12.4233703613 12.3666687012 12.1866760254 12.2766723633 12.0566406250 11.6433410645 11.5466918945 11.2466125488 11.1466979980 11.2466735840 11.1466674805 10.7500000000 10.5599975586 10.4633178711 10.2632751465 10.7666320801 10.6700134277 10.4666748047 10.2699890137
14.1266479492 14.2566528320 13.9599914551 13.6566467285 13.6633605957 13.4633178711 13.7766113281 13.4800109863 14.4833374023 14.4766845703 14.8666992188 15.1700134277 15.1967163086 14.4966430664 14.3900146484 14.3000183105 14.2066345215 14.1299743652 14.4466247559 14.5799560547 14.3999938965 14.1299743652 13.7966613770 13.6533203125 13.5933532715 13.3399658203 13.5833740234 13.4367065430 13.0899963379 12.8966674805 12.8233642578 12.6500244141 12.5766601562 12.4500122070 12.2366943359 12.1433105469 11.9200439453 11.8266296387 11.7333068848 11.6300048828 11.7433166504 11.5333557129 11.4432983398 11.2333374023 11.0332946777 10.9400024414 10.6332702637 10.3566894531
14.3500366211 14.2566833496 13.9900207520 13.6900329590 13.7866210938 13.7966308594 13.8999633789 13.8033142090 14.7999877930 14.7832641602 14.9767150879 15.0799865723 14.9933471680 14.5232849121 14.6233825684 14.5433349609 14.3600158691 14.3832702637 14.6966247559 14.8233642578 14.7666625977 14.4866333008 14.2333068848 14.1066284180 14.0500488281 13.8966674805 14.0533752441 14.0033264160 13.6666564941 13.4700622559 13.2866821289 13.2199707031 13.2533264160 13.0500183105 12.8333129883 12.7233886719 12.5133361816 12.4166870117 12.4267578125 12.3166809082 12.3099975586 12.2133483887 12.1166687012 11.9199523926 11.6166687012 11.6067199707 11.2266845703 11.0299682617
14.1566772461 14.3666992188 14.0799865723 13.8033142090 14.3999633789 14.5133056641 14.8099670410 14.7933044434 15.1933898926 15.1900024414 15.3800048828 15.3799743652 14.9033203125 14.7400207520 14.7800292969 14.6933593750 14.7200012207 14.5367126465 14.3566589355 14.2966918945 14.7266540527 14.6633911133 14.3833312988 14.3467102051 14.3199768066 14.2699584961 14.3133239746 14.1566467285 14.0200500488 13.8533325195 13.6599731445 13.4733276367 13.3066406250 13.2366943359 13.0100097656 12.7066955566 13.1900024414 13.0999755859 12.9933471680 12.9967041016 12.7933349609 12.7966613770 12.4900207520 12.2999877930 12.0966491699 11.8099975586 11.7200012207 11.6033020020
14.0833129883 14.2700195312 14.4933471680 14.6033630371 14.8133239746 14.8100280762 15.1066894531 14.8967285156 15.4866638184 15.1899719238 14.4866333008 14.1066589355 15.1399841309 15.0133666992 15.0400085449 14.7466430664 14.8699951172 14.5799865723 14.6166381836 14.5533142090 14.5966491699 14.8199768066 14.6433105469 14.5733337402 14.5599975586 14.6199951172 14.5866394043 14.5233459473 14.3866882324 14.3266601562 14.1533508301 14.0466613770 13.8533325195 13.6965942383 13.4933166504 13.2966613770 13.6899719238 13.5699768066 13.4699401855 13.5600280762 13.3600463867 13.3699951172 13.0733337402 12.7767028809 12.5799865723 12.3766784668 12.1866455078 12.0966491699
14.9067077637 14.9166564941 15.2066345215 15.1266479492 14.9199829102 15.1099853516 15.4033203125 15.0033569336 14.8066101074 14.7099914551 14.4100341797 14.5232849121 14.3900451660 14.6800231934 15.4032897949 15.3199462891 14.9266967773 14.7466430664 14.9800109863 14.9133300781 14.8600158691 14.7767028809 14.8966674805 14.8432922363 14.8966674805 14.9599914551 14.8233642578 14.8833312988 14.6366271973 13.9967041016 14.5233154297 14.5266113281 13.9433593750 13.7600402832 14.0000000000 13.7899780273 13.5866699219 13.5666503906 13.5632934570 13.5533447266 13.2466430664 13.0533142090 13.5733337402 13.2633361816 13.0666503906 12.9699707031 12.7766723633 12.5766601562
15.4299621582 15.4766845703 15.7432861328 15.5433654785 15.3300170898 15.4433288574 15.3333129883 14.9466247559 14.8599853516 14.5666809082 14.4766540527 14.2133789062 14.0633239746 14.9733276367 15.4766540527 15.5699768066 15.3900146484 15.0966491699 15.1399841309 15.0800170898 15.1133728027 15.1466979980 15.0766296387 15.0000000000 15.1400146484 15.1966857910 15.1633300781 15.1366577148 15.0066223145 14.5499877930 15.0066833496 14.9266052246 14.1400451660 13.9633178711 14.4866638184 14.2733154297 14.0700073242 13.8633117676 13.8566284180 13.9600219727 13.7533264160 13.4400024414 13.8533020020 13.6533508301 13.4600219727 13.2533264160 13.1600341797 13.0533752441
15.9166564941 15.9799499512 15.9133605957 15.6366577148 15.8333435059 15.8400268555 15.1399841309 14.8299865723 14.5166625977 14.6266479492 14.9566955566 14.6833496094 14.7766723633 14.2233886719 14.6300048828 15.0299987793 15.7300109863 15.5633239746 15.3066406250 15.1366577148 15.1766662598 15.2099609375 15.2267150879 15.2633361816 14.9999694824 15.0332946777 15.0933532715 15.1766662598 15.2466735840 15.4200439453 14.7933654785 14.6200256348 15.1433105469 15.0700378418 14.9599914551 14.7666625977 13.9700012207 13.7666625977 13.7733154297 13.8833312988 13.8566589355 13.8433532715 13.8366699219 13.8366394043 13.8366394043 13.6433410645 13.5433349609 13.3499755859
16.3999633789 16.3266601562 16.1000366211 15.7866516113 15.6133117676 16.1333618164 15.8599853516 15.3300170898 14.9299926758 15.0199890137 15.3266906738 15.3533325195 15.3233337402 14.6866760254 15.2866210938 15.0932617188 16.2099914551 16.1400451660 15.9633789062 15.6066589355 15.6399841309 15.3766174316 15.4032897949 15.5100097656 15.2533264160 15.2866516113 15.3333435059 15.4199523926 15.6133422852 15.8066406250 15.1733093262 15.0232849121 15.5466918945 15.3633728027 15.2666625977 15.0500183105 14.0700073242 13.7833557129 13.7033081055 13.7999877930 13.7833251953 13.8466491699 13.9467163086 14.1300048828 14.1300659180 14.0200195312 13.9200134277 13.7366638184
16.2532958984 15.9966735840 16.1767272949 15.9666748047 16.0867004395 16.3332824707 16.7900390625 16.2533874512 16.0166625977 16.0266113281 15.9266967773 15.9566955566 15.6199951172 15.2433166504 15.2532958984 14.4733581543 14.6700134277 16.4133605957 16.4400024414 16.3599853516 16.0999755859 15.8299560547 16.0733337402 16.0867004395 16.1166992188 15.9567260742 15.9966735840 16.0799560547 15.5766906738 15.6699829102 15.6533203125 15.6433410645 15.2766418457 15.1000061035 14.4700012207 14.0266723633 14.0299987793 13.6800231934 13.4800109863 13.6166687012 13.6033325195 13.6800231934 13.8500366211 13.9433593750 13.9166870117 14.3166809082 14.3133544922 14.2133789062
15.4866638184 15.7566223145 16.1533508301 15.7666625977 16.0666809082 16.6033325195 16.9600524902 16.5599975586 15.8399658203 15.7599792480 15.6566772461 15.8000183105 16.0399780273 15.7533264160 15.8433532715 14.7400207520 14.9966735840 16.2266845703 16.6666564941 16.6366577148 16.5733032227 16.4133605957 16.4533081055 16.4599914551 16.2900085449 16.2500000000 16.3066711426 16.4699707031 15.7766113281 15.9366760254 16.0533142090 16.0766906738 15.7466735840 15.3966674805 14.6599731445 14.1099853516 13.9799804688 13.5233154297 13.2566833496 13.4933471680 13.4633483887 13.6399536133 13.6199951172 13.9100036621 14.1133117676 14.4999694824 14.4933166504 14.3833007812
14.8599853516 15.7066345215 15.8133239746 15.7100219727 15.8766479492 16.0033264160 16.4533691406 16.3399963379 16.2766723633 15.9000549316 15.8966979980 15.7266540527 16.1366271973 16.4500122070 16.6366882324 16.3467407227 16.8400268555 16.8766784668 16.9133605957 17.0500183105 16.8133544922 16.6900024414 16.4433593750 16.3500366211 16.0632934570 15.8999633789 15.9599914551 16.4332885742 16.1533203125 16.0000000000 15.9866333008 16.0999755859 15.8533935547 15.3833312988 14.8300170898 14.0800170898 13.7366333008 13.6733703613 13.7200012207 13.6333618164 13.4300231934 13.3033142090 13.4866638184 13.7632751465 14.1599731445 14.2566528320 14.2666931152 14.0566406250
15.5033264160 14.9733581543 15.0533447266 15.2999572754 15.7966918945 15.9266662598 16.0699768066 16.1500244141 16.7299804688 16.9400024414 16.8433227539 16.5500488281 16.4566955566 16.5666809082 17.0066833496 16.6366577148 16.6900024414 16.6733093262 16.2133789062 17.1300048828 17.2566528320 17.2900085449 16.8633728027 16.5933227539 16.1366271973 15.9766845703 17.1333312988 16.1233520508 16.1932983398 16.1166381836 15.7866516113 15.9833374023 15.5966796875 15.3400268555 14.6900024414 14.0733032227 13.7333068848 13.3433532715 13.4833374023 13.5133972168 13.1033630371 12.6932983398 12.3866882324 13.1633300781 14.4400024414 14.1500549316 13.9400024414 13.8300170898
16.5166320801 16.0966796875 15.7232971191 15.4833679199 16.0099792480 15.9166870117 16.6632995605 16.6499938965 17.0799865723 17.1066589355 16.7133483887 16.4700012207 16.6932983398 16.5999450684 17.1100158691 16.8699645996 16.5500488281 16.7100219727 16.5899353027 16.6699829102 18.0966796875 18.2500000000 17.5733337402 17.1066894531 16.1966857910 16.2333068848 16.2433471680 16.0833129883 15.9800109863 15.9800109863 15.5833129883 15.3400268555 14.8433227539 14.5899963379 14.5366210938 13.9866943359 13.9033508301 13.4033508301 13.3433227539 13.7966918945 14.1333923340 12.6066284180 11.9033203125 12.1866760254 13.4766540527 13.6566772461 13.4632873535 13.5599670410
17.1666870117 17.1466674805 17.4133605957 17.0766906738 16.8400268555 16.9033203125 17.1066589355 17.1333312988 17.2632751465 17.4366455078 17.0433044434 16.8799743652 17.1166381836 16.9299926758 17.3399963379 17.3400268555 17.0867004395 17.1566772461 17.1266479492 17.2566833496 18.2066955566 18.7466430664 18.1499938965 17.7299804688 16.9200134277 16.8599853516 16.7166442871 16.6633605957 16.4833068848 16.2966613770 15.6533203125 15.0500183105 14.5200500488 14.1466979980 14.2733154297 14.0066528320 14.4366760254 14.1566467285 14.4499816895 14.8233337402 15.1099548340 14.9366760254 14.7366638184 14.1233215332 12.8000793457 13.1000671387 13.0999450684 13.5299987793
