model_inputs/inputs/tas6.asc
ncols 720
nrows 360
xllcorner -180
yllcorner -90
cellsize 0.500000
NODATA_value 9999.000000
[rows 147 to 167 of 360, columns 432 to 479 of 720]
32.8366394043 32.2500305176 32.3333129883 29.5433959961 26.8366394043 29.7333374023 33.7133483887 9999.0000000000 9999.0000000000 9999.0000000000 9999.0000000000 9999.0000000000 9999.0000000000 33.5033569336 26.7833251953 21.1700134277 22.3566894531 26.3400573730 27.3233642578 28.5166931152 28.6966552734 28.5899963379 28.8633117676 28.8566589355 28.7366333008 28.9133605957 29.5999755859 29.7900085449 27.4833374023 27.6633300781 28.6533508301 30.0200195312 31.1199645996 31.6099548340 9999.0000000000 9999.0000000000 9999.0000000000 9999.0000000000 9999.0000000000 9999.0000000000 9999.0000000000 9999.0000000000 9999.0000000000 9999.0000000000 9999.0000000000 9999.0000000000 9999.0000000000 9999.0000000000
33.0032958984 31.5100097656 31.7900085449 31.5866699219 28.7000122070 25.2066040039 32.8833312988 33.7433166504 33.8366394043 9999.0000000000 9999.0000000000 9999.0000000000 34.7699890137 33.4633178711 29.1466369629 22.0299682617 21.9167175293 23.6066589355 27.0966491699 27.8733825684 28.5599975586 28.9366760254 29.2266845703 29.4200134277 28.7966918945 28.4832763672 28.7700500488 28.2500610352 28.5400085449 28.0132751465 29.4100341797 30.2066650391 30.7099914551 9999.0000000000 9999.0000000000 9999.0000000000 9999.0000000000 9999.0000000000 9999.0000000000 9999.0000000000 9999.0000000000 9999.0000000000 9999.0000000000 9999.0000000000 9999.0000000000 9999.0000000000 9999.0000000000 9999.0000000000
33.3866577148 31.1600036621 29.5599670410 29.4566040039 28.1533203125 21.8666076660 27.3533325195 32.4266662598 33.4966430664 9999.0000000000 9999.0000000000 9999.0000000000 28.3366394043 33.5232849121 30.7099914551 23.9999694824 19.4765930176 21.9599914551 24.6433715820 26.4366455078 28.0200805664 29.2999877930 29.0932922363 28.3733215332 27.8666076660 26.3466796875 25.9266662598 26.6099853516 28.5066833496 30.1066894531 31.2033691406 32.2966308594 9999.0000000000 9999.0000000000 9999.0000000000 9999.0000000000 9999.0000000000 9999.0000000000 9999.0000000000 9999.0000000000 9999.0000000000 9999.0000000000 9999.0000000000 9999.0000000000 9999.0000000000 9999.0000000000 9999.0000000000 9999.0000000000
32.5166931152 31.3565979004 29.8633117676 28.9066467285 25.5133666992 23.0199890137 22.0166625977 27.1933898926 32.9766235352 33.5332946777 33.7266540527 9999.0000000000 9999.0000000000 34.1867065430 32.2733154297 25.8500366211 20.9400024414 21.5233459473 24.3099365234 25.1999511719 27.2866821289 29.4600219727 28.5499572754 29.1266784668 27.6166381836 27.3066711426 31.6100158691 33.3000183105 32.4066467285 9999.0000000000 9999.0000000000 9999.0000000000 9999.0000000000 9999.0000000000 9999.0000000000 9999.0000000000 9999.0000000000 9999.0000000000 9999.0000000000 9999.0000000000 9999.0000000000 9999.0000000000 9999.0000000000 9999.0000000000 9999.0000000000 9999.0000000000 9999.0000000000 9999.0000000000
31.7366638184 31.0866394043 29.5566406250 28.9899902344 24.6400146484 22.3799743652 20.1766357422 24.5666809082 32.7500000000 32.4166870117 32.1899719238 33.8699340820 9999.0000000000 33.4432983398 32.8366699219 27.0233459473 20.6933288574 20.1900024414 21.5732727051 22.1633605957 26.1499633789 28.1266479492 28.7133483887 31.6999816895 31.6033325195 32.2933349609 9999.0000000000 9999.0000000000 9999.0000000000 9999.0000000000 9999.0000000000 9999.0000000000 9999.0000000000 9999.0000000000 9999.0000000000 9999.0000000000 9999.0000000000 9999.0000000000 9999.0000000000 9999.0000000000 9999.0000000000 9999.0000000000 9999.0000000000 9999.0000000000 9999.0000000000 9999.0000000000 9999.0000000000 9999.0000000000
30.8600158691 30.2266235352 25.5866394043 27.5700073242 25.0166625977 24.6700134277 23.1199645996 22.7499694824 32.6233215332 33.9767150879 32.3433227539 32.5233459473 33.7099914551 33.8133544922 33.2999572754 27.0766601562 22.6566467285 24.5533447266 24.6399841309 26.3133544922 29.8099670410 32.3999938965 32.7999877930 32.9899597168 9999.0000000000 9999.0000000000 9999.0000000000 9999.0000000000 9999.0000000000 9999.0000000000 9999.0000000000 9999.0000000000 9999.0000000000 9999.0000000000 9999.0000000000 9999.0000000000 9999.0000000000 9999.0000000000 9999.0000000000 9999.0000000000 9999.0000000000 9999.0000000000 9999.0000000000 9999.0000000000 9999.0000000000 9999.0000000000 9999.0000000000 9999.0000000000
29.1967163086 28.0399780273 25.0000305176 22.7866516113 19.4866943359 24.4299926758 22.7966613770 23.8466491699 31.4999694824 33.5599975586 32.8300170898 30.2066955566 32.8799743652 33.4633789062 33.4499816895 29.9433288574 25.3200378418 30.6033325195 31.6966247559 32.6965942383 31.6966552734 33.0966796875 9999.0000000000 9999.0000000000 9999.0000000000 9999.0000000000 9999.0000000000 9999.0000000000 9999.0000000000 9999.0000000000 9999.0000000000 9999.0000000000 9999.0000000000 9999.0000000000 9999.0000000000 9999.0000000000 9999.0000000000 9999.0000000000 9999.0000000000 9999.0000000000 9999.0000000000 9999.0000000000 9999.0000000000 9999.0000000000 9999.0000000000 9999.0000000000 9999.0000000000 9999.0000000000
28.0566711426 24.6899719238 20.9133300781 19.5032958984 21.1932983398 22.6033630371 21.6566772461 26.0133361816 32.0733337402 31.9000244141 31.7133178711 31.2800292969 31.3366699219 32.7300415039 33.7066955566 33.1000061035 32.8933410645 33.3966064453 33.6833496094 9999.0000000000 9999.0000000000 9999.0000000000 9999.0000000000 9999.0000000000 9999.0000000000 9999.0000000000 9999.0000000000 9999.0000000000 9999.0000000000 9999.0000000000 9999.0000000000 9999.0000000000 9999.0000000000 9999.0000000000 29.7300415039 29.6300048828 28.5266723633 9999.0000000000 9999.0000000000 9999.0000000000 9999.0000000000 9999.0000000000 9999.0000000000 9999.0000000000 9999.0000000000 9999.0000000000 9999.0000000000 9999.0000000000
25.4200439453 23.4566955566 21.5899963379 18.7466735840 19.9100036621 21.3033447266 18.8333129883 26.2732849121 31.0333557129 31.2933654785 30.3966674805 30.4300537109 31.2133178711 30.4966430664 32.9833374023 9999.0000000000 9999.0000000000 9999.0000000000 9999.0000000000 9999.0000000000 9999.0000000000 9999.0000000000 9999.0000000000 9999.0000000000 9999.0000000000 9999.0000000000 9999.0000000000 9999.0000000000 9999.0000000000 30.6190490723 9999.0000000000 9999.0000000000 31.2266845703 9999.0000000000 29.5233154297 29.1200256348 29.0000000000 9999.0000000000 9999.0000000000 9999.0000000000 9999.0000000000 9999.0000000000 9999.0000000000 9999.0000000000 9999.0000000000 9999.0000000000 9999.0000000000 9999.0000000000
21.3233337402 19.8633117676 21.0033874512 18.5200500488 16.7033081055 19.9233398438 18.0133056641 24.3500366211 28.9899902344 30.9466857910 31.7900695801 31.2133483887 31.7599792480 31.8899841309 32.4833374023 9999.0000000000 9999.0000000000 9999.0000000000 9999.0000000000 9999.0000000000 9999.0000000000 9999.0000000000 9999.0000000000 9999.0000000000 9999.0000000000 9999.0000000000 9999.0000000000 9999.0000000000 31.3266296387 32.7366638184 30.4166564941 9999.0000000000 9999.0000000000 9999.0000000000 9999.0000000000 9999.0000000000 9999.0000000000 9999.0000000000 9999.0000000000 9999.0000000000 9999.0000000000 9999.0000000000 9999.0000000000 9999.0000000000 9999.0000000000 9999.0000000000 9999.0000000000 9999.0000000000
22.5599670410 19.1900329590 15.8433227539 18.8633117676 20.7899780273 21.2833557129 16.6833190918 21.5466918945 28.4799804688 31.5400085449 30.9032592773 32.1566467285 31.9133605957 30.8666381836 33.8899841309 33.3766479492 9999.0000000000 9999.0000000000 9999.0000000000 9999.0000000000 9999.0000000000 9999.0000000000 32.3467102051 31.0500183105 33.2399902344 34.2366638184 33.7266540527 30.2333679199 32.8166809082 32.5167236328 31.5133361816 9999.0000000000 9999.0000000000 9999.0000000000 9999.0000000000 9999.0000000000 9999.0000000000 9999.0000000000 9999.0000000000 9999.0000000000 9999.0000000000 9999.0000000000 9999.0000000000 9999.0000000000 9999.0000000000 9999.0000000000 9999.0000000000 9999.0000000000
21.9800109863 19.1199951172 16.7966613770 13.6066284180 15.9866638184 18.0800170898 15.1799621582 18.6033630371 28.8066406250 30.9499816895 30.6333007812 31.3966674805 30.6600036621 30.3066406250 32.6966857910 34.1766967773 33.2633056641 9999.0000000000 32.6566467285 34.3466796875 34.0500183105 32.9466552734 26.8400573730 26.1332397461 26.9199523926 27.9333801270 30.9133300781 29.5266418457 31.8966674805 32.7066650391 31.6933288574 9999.0000000000 9999.0000000000 9999.0000000000 9999.0000000000 9999.0000000000 9999.0000000000 9999.0000000000 9999.0000000000 9999.0000000000 9999.0000000000 9999.0000000000 9999.0000000000 9999.0000000000 9999.0000000000 9999.0000000000 9999.0000000000 9999.0000000000
21.7266540527 21.6766662598 21.0567016602 16.7666931152 19.2666625977 22.2700500488 20.9799804688 17.6333312988 29.1366882324 30.4233398438 30.8533630371 31.0466613770 29.9200134277 26.7133178711 27.3132934570 30.2933654785 32.5599975586 33.5433654785 32.0499572754 31.8300170898 29.6399841309 30.0333251953 25.4233703613 26.4166870117 27.1200256348 27.6033325195 29.3033142090 30.7066650391 32.4966735840 32.3899230957 31.0900268555 9999.0000000000 9999.0000000000 9999.0000000000 9999.0000000000 9999.0000000000 9999.0000000000 9999.0000000000 9999.0000000000 9999.0000000000 9999.0000000000 9999.0000000000 9999.0000000000 9999.0000000000 9999.0000000000 9999.0000000000 9999.0000000000 9999.0000000000
21.2866516113 19.1366577148 18.3200073242 20.1100158691 18.9233093262 18.6766662598 18.1800231934 18.6733398438 30.2733459473 31.0766906738 30.6899719238 29.8033447266 26.0333251953 23.3200073242 23.2133789062 24.8999938965 26.6833190918 26.1533813477 25.5433349609 27.1333007812 26.8300170898 27.8233032227 28.0233459473 27.3066406250 26.3067016602 26.7066955566 27.4999694824 28.5866699219 31.0866699219 32.1833496094 9999.0000000000 9999.0000000000 9999.0000000000 9999.0000000000 9999.0000000000 9999.0000000000 9999.0000000000 9999.0000000000 9999.0000000000 9999.0000000000 9999.0000000000 9999.0000000000 9999.0000000000 9999.0000000000 9999.0000000000 9999.0000000000 9999.0000000000 9999.0000000000
21.9433288574 19.0065917969 16.2966308594 18.4800109863 15.0766601562 16.5699768066 16.7200317383 23.8366699219 30.5333251953 26.3166809082 22.7733154297 20.9466247559 22.7367248535 21.9233703613 22.2299804688 24.2100219727 24.8833312988 26.6733398438 27.5400085449 27.5067138672 27.4166259766 28.2133483887 29.0066223145 28.2066650391 27.0966186523 27.0866088867 27.3733520508 28.0733642578 30.3700256348 31.8766479492 9999.0000000000 9999.0000000000 9999.0000000000 9999.0000000000 9999.0000000000 9999.0000000000 9999.0000000000 9999.0000000000 9999.0000000000 9999.0000000000 9999.0000000000 9999.0000000000 9999.0000000000 9999.0000000000 9999.0000000000 9999.0000000000 9999.0000000000 9999.0000000000
20.2133483887 19.4733276367 18.9432983398 16.0533752441 15.6333007812 18.1099853516 20.5900268555 26.1666259766 23.9266357422 24.2933349609 25.9667053223 25.1365966797 25.7200012207 24.4300231934 24.4300231934 24.4333496094 25.7033386230 26.6799926758 27.4499816895 27.5333862305 27.3099975586 27.5066833496 28.2999877930 28.7899780273 28.6833496094 28.7866210938 28.1733398438 28.2799682617 30.3700561523 9999.0000000000 9999.0000000000 9999.0000000000 9999.0000000000 9999.0000000000 9999.0000000000 9999.0000000000 9999.0000000000 9999.0000000000 9999.0000000000 9999.0000000000 9999.0000000000 9999.0000000000 9999.0000000000 9999.0000000000 9999.0000000000 9999.0000000000 9999.0000000000 9999.0000000000
18.1233215332 19.0900268555 18.8466796875 19.8266296387 14.4332580566 20.2066955566 20.0933837891 18.3533630371 23.5233154297 24.7966613770 26.6666564941 27.2400207520 26.7133483887 26.1066894531 25.9166564941 25.2233276367 25.5233459473 26.9899902344 27.3632812500 27.7433471680 27.7133178711 27.5932922363 26.9799804688 26.4800109863 27.2733154297 27.6633300781 28.6566467285 29.2600097656 29.9500122070 9999.0000000000 9999.0000000000 9999.0000000000 9999.0000000000 9999.0000000000 9999.0000000000 9999.0000000000 9999.0000000000 9999.0000000000 9999.0000000000 9999.0000000000 9999.0000000000 9999.0000000000 9999.0000000000 9999.0000000000 9999.0000000000 9999.0000000000 9999.0000000000 9999.0000000000
16.2066345215 17.1600036621 17.3366394043 18.2266540527 18.2233276367 20.0933227539 14.5700378418 18.7499694824 21.3199768066 22.5799865723 25.1566467285 26.7366638184 27.0066833496 26.6800231934 26.2966918945 26.4066772461 26.0066528320 26.4966735840 27.4833068848 27.7500305176 27.9199829102 27.7000122070 27.2733459473 27.2666931152 26.6600646973 27.3699951172 28.1433410645 29.6533203125 9999.0000000000 9999.0000000000 9999.0000000000 9999.0000000000 9999.0000000000 9999.0000000000 9999.0000000000 9999.0000000000 9999.0000000000 9999.0000000000 9999.0000000000 9999.0000000000 9999.0000000000 9999.0000000000 9999.0000000000 9999.0000000000 9999.0000000000 9999.0000000000 9999.0000000000 9999.0000000000
18.7000427246 17.6500244141 18.9300537109 19.7166442871 19.0067138672 17.5899963379 15.0600280762 15.6400146484 18.3133544922 21.0800170898 23.8500061035 25.4166564941 27.5033264160 26.4833374023 26.3767089844 25.8833007812 26.0833129883 26.4933776855 27.7733459473 27.9632873535 28.0299987793 28.2066955566 28.0866394043 27.7666320801 27.3466796875 27.8500061035 28.6500244141 29.8433227539 9999.0000000000 9999.0000000000 9999.0000000000 9999.0000000000 9999.0000000000 9999.0000000000 9999.0000000000 9999.0000000000 9999.0000000000 9999.0000000000 9999.0000000000 9999.0000000000 9999.0000000000 9999.0000000000 9999.0000000000 9999.0000000000 9999.0000000000 9999.0000000000 9999.0000000000 9999.0000000000
21.8067016602 19.8433227539 21.4166259766 18.9066467285 20.1866149902 15.6632995605 13.0433044434 12.3200378418 17.4033203125 22.2766418457 24.5466918945 26.2132873535 28.1033325195 27.4799804688 27.0599670410 25.6699829102 26.6699829102 26.2633056641 27.1566772461 27.3499450684 27.7433776855 27.9199829102 28.1033325195 27.9766540527 27.7466430664 27.9299926758 28.5299987793 9999.0000000000 9999.0000000000 9999.0000000000 9999.0000000000 9999.0000000000 9999.0000000000 9999.0000000000 9999.0000000000 9999.0000000000 9999.0000000000 9999.0000000000 9999.0000000000 9999.0000000000 9999.0000000000 9999.0000000000 9999.0000000000 9999.0000000000 9999.0000000000 9999.0000000000 9999.0000000000 9999.0000000000
21.0033569336 18.4466247559 16.5099792480 18.8766784668 18.2700195312 17.4466857910 18.5266418457 20.3100280762 20.0932922363 21.9700012207 26.4433593750 25.2166442871 28.1833496094 28.4700012207 27.9466247559 27.0533142090 26.8566589355 27.4433288574 26.5399780273 27.1299743652 28.0233154297 28.2166442871 27.9100036621 27.5932922363 27.4599914551 27.6333618164 29.3299865723 9999.0000000000 9999.0000000000 9999.0000000000 9999.0000000000 9999.0000000000 9999.0000000000 9999.0000000000 9999.0000000000 9999.0000000000 9999.0000000000 9999.0000000000 9999.0000000000 9999.0000000000 9999.0000000000 9999.0000000000 9999.0000000000 9999.0000000000 9999.0000000000 9999.0000000000 9999.0000000000 9999.0000000000
