model_inputs/inputs/tas8.asc
ncols 720
nrows 360
xllcorner -180
yllcorner -90
cellsize 0.500000
NODATA_value 9999.000000
[rows 105 to 125 of 360, columns 384 to 431 of 720]
9999.0000000000 9999.0000000000 26.7099609375 25.8933105469 25.7766723633 25.7666625977 26.6266479492 9999.0000000000 9999.0000000000 9999.0000000000 9999.0000000000 9999.0000000000 9999.0000000000 9999.0000000000 9999.0000000000 9999.0000000000 9999.0000000000 9999.0000000000 9999.0000000000 23.9066467285 22.9233703613 22.7399902344 25.6300048828 9999.0000000000 26.6433410645 26.8833312988 26.4299926758 26.4799804688 9999.0000000000 27.7400207520 27.4533081055 26.8433837891 26.3533630371 25.2232666016 23.1833190918 22.2433471680 23.4999694824 25.1500244141 22.2033386230 20.4899597168 21.0833435059 21.6632995605 22.3533020020 20.7933654785 17.8433227539 23.7733154297 28.3033142090 29.2166748047
26.5899658203 9999.0000000000 9999.0000000000 9999.0000000000 27.1099853516 26.3866882324 26.7266845703 9999.0000000000 9999.0000000000 9999.0000000000 9999.0000000000 9999.0000000000 9999.0000000000 9999.0000000000 9999.0000000000 9999.0000000000 9999.0000000000 9999.0000000000 9999.0000000000 25.2900085449 24.5666503906 25.1233825684 25.7333679199 9999.0000000000 26.4599609375 26.8166503906 26.9700012207 27.3133544922 27.5466613770 9999.0000000000 27.7566223145 27.6866455078 28.2400207520 27.3733520508 25.0200195312 21.6866455078 22.9367065430 27.9766845703 27.8699951172 25.4633483887 20.7500305176 20.8333435059 23.5233459473 20.8133850098 25.3400268555 27.5299987793 27.8799743652 27.6933288574
9999.0000000000 9999.0000000000 9999.0000000000 9999.0000000000 27.3233337402 9999.0000000000 9999.0000000000 9999.0000000000 9999.0000000000 9999.0000000000 9999.0000000000 9999.0000000000 9999.0000000000 9999.0000000000 9999.0000000000 9999.0000000000 9999.0000000000 9999.0000000000 9999.0000000000 9999.0000000000 25.2066345215 24.8133239746 25.8567199707 9999.0000000000 9999.0000000000 9999.0000000000 26.9967346191 27.2467041016 9999.0000000000 9999.0000000000 9999.0000000000 27.5633239746 28.1866455078 9999.0000000000 26.2033081055 25.6599731445 26.8199768066 9999.0000000000 9999.0000000000 9999.0000000000 26.8566894531 23.3366699219 25.8200073242 27.6233825684 27.6100463867 9999.0000000000 9999.0000000000 26.6566467285
9999.0000000000 28.0966186523 9999.0000000000 9999.0000000000 26.9300537109 27.0999755859 9999.0000000000 9999.0000000000 9999.0000000000 9999.0000000000 9999.0000000000 9999.0000000000 9999.0000000000 9999.0000000000 9999.0000000000 9999.0000000000 9999.0000000000 9999.0000000000 9999.0000000000 9999.0000000000 9999.0000000000 9999.0000000000 26.2767028809 26.3199768066 26.5666198730 9999.0000000000 9999.0000000000 9999.0000000000 9999.0000000000 9999.0000000000 27.4899597168 28.2532958984 9999.0000000000 9999.0000000000 9999.0000000000 9999.0000000000 9999.0000000000 9999.0000000000 9999.0000000000 9999.0000000000 9999.0000000000 9999.0000000000 9999.0000000000 9999.0000000000 28.6266784668 9999.0000000000 9999.0000000000 27.4499816895
9999.0000000000 28.2533874512 9999.0000000000 9999.0000000000 9999.0000000000 9999.0000000000 9999.0000000000 9999.0000000000 9999.0000000000 9999.0000000000 9999.0000000000 9999.0000000000 9999.0000000000 9999.0000000000 9999.0000000000 9999.0000000000 9999.0000000000 9999.0000000000 9999.0000000000 9999.0000000000 9999.0000000000 9999.0000000000 9999.0000000000 25.8099365234 25.4600219727 24.8166503906 24.8666381836 25.1366577148 26.5899658203 27.8366699219 27.8999633789 9999.0000000000 9999.0000000000 9999.0000000000 9999.0000000000 9999.0000000000 9999.0000000000 9999.0000000000 9999.0000000000 9999.0000000000 28.6166992188 27.8367004395 29.1333312988 28.4032897949 28.6933593750 9999.0000000000 9999.0000000000 29.3299560547
9999.0000000000 9999.0000000000 9999.0000000000 9999.0000000000 9999.0000000000 9999.0000000000 9999.0000000000 9999.0000000000 9999.0000000000 9999.0000000000 9999.0000000000 9999.0000000000 9999.0000000000 9999.0000000000 9999.0000000000 9999.0000000000 9999.0000000000 9999.0000000000 9999.0000000000 9999.0000000000 9999.0000000000 9999.0000000000 9999.0000000000 9999.0000000000 9999.0000000000 26.0233459473 25.9607543945 9999.0000000000 9999.0000000000 9999.0000000000 9999.0000000000 9999.0000000000 9999.0000000000 9999.0000000000 9999.0000000000 9999.0000000000 9999.0000000000 9999.0000000000 27.5629272461 27.6507263184 27.5166015625 26.3865966797 27.2832946777 28.6566772461 9999.0000000000 9999.0000000000 9999.0000000000 29.2966613770
9999.0000000000 9999.0000000000 9999.0000000000 9999.0000000000 9999.0000000000 9999.0000000000 9999.0000000000 9999.0000000000 9999.0000000000 9999.0000000000 9999.0000000000 9999.0000000000 9999.0000000000 9999.0000000000 9999.0000000000 9999.0000000000 9999.0000000000 9999.0000000000 9999.0000000000 9999.0000000000 9999.0000000000 9999.0000000000 9999.0000000000 9999.0000000000 9999.0000000000 9999.0000000000 9999.0000000000 9999.0000000000 9999.0000000000 9999.0000000000 9999.0000000000 9999.0000000000 9999.0000000000 9999.0000000000 9999.0000000000 9999.0000000000 9999.0000000000 9999.0000000000 9999.0000000000 9999.0000000000 9999.0000000000 9999.0000000000 9999.0000000000 9999.0000000000 9999.0000000000 9999.0000000000 9999.0000000000 25.3666687012
9999.0000000000 9999.0000000000 9999.0000000000 9999.0000000000 9999.0000000000 9999.0000000000 9999.0000000000 9999.0000000000 9999.0000000000 9999.0000000000 9999.0000000000 9999.0000000000 9999.0000000000 9999.0000000000 9999.0000000000 9999.0000000000 9999.0000000000 9999.0000000000 9999.0000000000 9999.0000000000 9999.0000000000 9999.0000000000 9999.0000000000 9999.0000000000 9999.0000000000 9999.0000000000 9999.0000000000 9999.0000000000 9999.0000000000 9999.0000000000 9999.0000000000 9999.0000000000 9999.0000000000 9999.0000000000 9999.0000000000 9999.0000000000 9999.0000000000 9999.0000000000 9999.0000000000 9999.0000000000 9999.0000000000 9999.0000000000 9999.0000000000 9999.0000000000 9999.0000000000 9999.0000000000 27.4200134277 23.6300354004
9999.0000000000 9999.0000000000 9999.0000000000 9999.0000000000 9999.0000000000 9999.0000000000 9999.0000000000 9999.0000000000 9999.0000000000 9999.0000000000 9999.0000000000 9999.0000000000 9999.0000000000 9999.0000000000 9999.0000000000 9999.0000000000 9999.0000000000 9999.0000000000 9999.0000000000 9999.0000000000 9999.0000000000 9999.0000000000 9999.0000000000 9999.0000000000 9999.0000000000 9999.0000000000 9999.0000000000 9999.0000000000 9999.0000000000 9999.0000000000 9999.0000000000 9999.0000000000 9999.0000000000 9999.0000000000 9999.0000000000 9999.0000000000 9999.0000000000 9999.0000000000 9999.0000000000 9999.0000000000 9999.0000000000 9999.0000000000 9999.0000000000 9999.0000000000 9999.0000000000 9999.0000000000 26.3600158691 24.7033386230
28.1666564941 28.3966979980 28.5499877930 28.0299682617 27.6099548340 9999.0000000000 9999.0000000000 9999.0000000000 9999.0000000000 9999.0000000000 9999.0000000000 9999.0000000000 9999.0000000000 9999.0000000000 9999.0000000000 9999.0000000000 9999.0000000000 25.5466613770 25.3666992188 24.0899963379 24.4866333008 26.0066528320 26.8299865723 9999.0000000000 9999.0000000000 9999.0000000000 9999.0000000000 9999.0000000000 9999.0000000000 9999.0000000000 9999.0000000000 9999.0000000000 9999.0000000000 9999.0000000000 9999.0000000000 9999.0000000000 9999.0000000000 9999.0000000000 9999.0000000000 9999.0000000000 9999.0000000000 9999.0000000000 9999.0000000000 9999.0000000000 9999.0000000000 28.6966552734 26.7133483887 26.7733154297
29.2866210938 29.2332763672 28.5800170898 28.4600219727 28.1400451660 28.0166320801 27.4033508301 9999.0000000000 9999.0000000000 9999.0000000000 9999.0000000000 9999.0000000000 9999.0000000000 9999.0000000000 9999.0000000000 27.0133056641 27.0966796875 25.1966857910 24.9033508301 24.6199645996 25.0366516113 25.7533264160 26.5733642578 26.9833068848 27.4033203125 27.8132934570 9999.0000000000 9999.0000000000 9999.0000000000 9999.0000000000 9999.0000000000 9999.0000000000 9999.0000000000 9999.0000000000 9999.0000000000 9999.0000000000 9999.0000000000 9999.0000000000 9999.0000000000 9999.0000000000 9999.0000000000 9999.0000000000 9999.0000000000 9999.0000000000 27.0423889160 27.0666809082 26.4400329590 26.1433715820
28.8166198730 28.7699584961 28.5133361816 28.8999938965 28.8899841309 28.4632568359 27.9432983398 9999.0000000000 9999.0000000000 9999.0000000000 9999.0000000000 9999.0000000000 9999.0000000000 9999.0000000000 9999.0000000000 27.2566223145 27.1399841309 26.7500000000 26.7566833496 26.6700134277 26.5800476074 26.4132995605 26.4199829102 26.4266662598 26.5333557129 26.5600280762 27.5567016602 28.1699829102 28.1966857910 9999.0000000000 9999.0000000000 9999.0000000000 9999.0000000000 9999.0000000000 9999.0000000000 9999.0000000000 9999.0000000000 9999.0000000000 28.6600036621 9999.0000000000 9999.0000000000 9999.0000000000 9999.0000000000 9999.0000000000 28.9199829102 27.0000305176 26.5333862305 27.1466674805
30.0600585938 29.8066711426 29.9667053223 29.8400268555 29.2299804688 28.9032897949 28.2833251953 27.6667175293 26.9466247559 26.4199523926 28.0899963379 9999.0000000000 9999.0000000000 9999.0000000000 9999.0000000000 9999.0000000000 27.2932739258 27.1833496094 27.2066650391 27.2100219727 27.0233459473 26.9300231934 26.9566345215 26.8666687012 26.7766723633 26.6933288574 26.6033325195 26.5166931152 26.3233032227 26.0433349609 26.1399841309 28.2000427246 28.4800109863 28.6466674805 9999.0000000000 28.5899963379 27.2799682617 26.9900207520 26.7866821289 26.8467102051 28.8999938965 28.9533081055 29.1099853516 29.0200195312 27.2000122070 27.3999633789 27.8366699219 25.9066162109
30.3933105469 30.0599975586 29.5099792480 29.5633544922 29.7566833496 29.3433227539 28.4299926758 28.0066528320 27.3833312988 26.8533325195 26.4466552734 26.6233520508 26.9033508301 28.1832885742 9999.0000000000 27.9465942383 27.1366882324 27.4199523926 27.5333251953 27.6533508301 27.6833190918 27.5766601562 27.4866638184 27.4033508301 27.2266540527 27.0299682617 26.9532775879 26.6433410645 26.4633483887 26.2666320801 26.4566955566 26.5466308594 26.9066162109 27.3733215332 27.5499877930 27.4299926758 27.6033630371 27.4099426270 27.3066406250 27.4533081055 27.6166381836 27.3800048828 26.9199523926 26.9866333008 27.3999938965 26.7200317383 29.7799987793 25.2699584961
30.6299743652 30.2833251953 29.8432922363 29.4967346191 29.8866271973 29.4866943359 28.7733459473 28.3500061035 27.5366516113 27.1133422852 27.0832519531 27.2732849121 27.0533447266 27.4367065430 27.7199707031 27.5066528320 27.2933654785 27.8633117676 28.0667114258 28.1900024414 28.2166442871 28.1200256348 28.0332946777 27.9533386230 27.7600402832 27.6633300781 27.3766784668 27.0799560547 26.8966979980 27.0033264160 27.1933288574 27.6766967773 28.0466918945 28.0166625977 27.7832946777 27.6533508301 27.9333190918 28.0199890137 28.2233886719 27.7866516113 28.1466674805 27.5666503906 26.3833312988 27.2100219727 27.8300170898 27.8466491699 28.9833374023 26.0200195312
30.5500183105 30.1233520508 29.5766296387 29.2500000000 29.7166442871 29.7133483887 29.2966308594 28.6833496094 27.7666625977 27.2466735840 27.3333435059 27.1266479492 27.2067260742 27.4866333008 28.1666564941 28.0533447266 28.1333312988 28.3200073242 28.5032958984 28.6266784668 28.5400085449 28.4633178711 28.5834045410 28.4899902344 28.3966674805 28.7066345215 28.2233581543 28.0166320801 27.8366394043 28.6166381836 28.7133178711 28.7066650391 28.3899536133 28.2533264160 27.9233703613 27.6900329590 27.7666625977 28.0533752441 28.5166625977 27.0333251953 27.8533020020 28.5666809082 27.2000122070 28.0266113281 27.8433837891 29.0633239746 28.1766967773 27.3900451660
30.6399230957 30.1533508301 29.7233276367 29.5733337402 29.6533203125 29.6466369629 29.6266174316 29.2166748047 28.2966613770 27.7833557129 28.0799865723 27.8633422852 27.7500000000 28.0266113281 28.7099914551 28.5867004395 28.6766662598 28.8600158691 29.1499328613 29.3666992188 29.0866394043 28.9933471680 29.0166320801 28.9333496094 28.8466796875 28.7599792480 28.8634033203 28.9633483887 28.8633117676 29.2333374023 29.3333129883 29.1300048828 28.9199829102 28.6866455078 28.1466674805 27.9300231934 28.7167358398 29.0066528320 28.7866516113 27.0633544922 28.0866088867 29.2966613770 27.6100158691 26.2333374023 26.5366516113 30.7599792480 27.6666564941 27.9833374023
30.8267211914 30.4432983398 29.7566833496 29.5166320801 29.5833435059 29.1833496094 28.8699951172 28.9500122070 28.9366455078 28.8332824707 28.6300048828 28.5000305176 28.3933410645 28.5733337402 28.6533203125 28.6466979980 29.0266723633 29.2166442871 29.5933227539 29.7933044434 29.6133117676 29.5333251953 29.4466857910 29.3699951172 29.2866516113 29.1999511719 29.2133178711 29.1166687012 29.2067260742 29.3732910156 29.3632812500 29.2599792480 29.1533203125 29.0199890137 28.8933410645 29.0800170898 28.4766845703 28.6599731445 28.3066711426 27.8966674805 25.8066711426 29.0133666992 29.3366699219 25.6600036621 26.8699645996 30.0900268555 25.8966369629 27.8733520508
31.2900085449 30.9300231934 29.4633178711 28.8633728027 29.7200317383 29.8066711426 29.4967041016 29.0899963379 28.8800048828 28.5733947754 28.6633605957 28.9400329590 28.9333190918 29.0233459473 29.1000061035 29.1966552734 29.4733276367 29.6533508301 29.9366149902 29.9232788086 29.9333190918 29.9566650391 29.8799743652 29.8033142090 29.7300109863 29.6433410645 29.5599670410 29.4533081055 29.3367004395 29.3133239746 29.3866882324 29.5900268555 29.3933715820 29.2633666992 29.2400207520 29.3266296387 28.8233032227 28.9066467285 28.2533569336 28.0133666992 26.8332824707 27.5567016602 30.1700134277 28.5833435059 27.2032775879 31.6133117676 30.1066894531 27.6966857910
31.5799560547 31.2199401855 31.0466308594 30.8832702637 30.9566650391 30.7433471680 30.1333618164 29.6400146484 29.1233520508 28.3166809082 28.3033142090 28.3800048828 29.1766662598 29.3566894531 29.4266662598 29.8332824707 29.8233642578 29.9066162109 29.9800415039 30.0633239746 30.0766601562 30.0966186523 30.1166992188 30.0366821289 30.0599975586 29.9832763672 29.9000244141 29.7833557129 29.7666931152 29.6466674805 29.4366760254 29.4366149902 29.7266845703 29.6233215332 29.6134033203 29.3966369629 29.0966796875 28.9500427246 28.3999633789 28.5633850098 27.4600524902 27.0733337402 28.9866638184 30.9133300781 30.5333862305 9999.0000000000 31.9299621582 30.0166625977
31.6600036621 31.4899902344 31.7233276367 31.8633422852 31.5867004395 30.9732971191 30.3699951172 29.9700317383 29.4667053223 28.3599853516 27.3466796875 28.2233276367 29.5166625977 29.7033691406 29.7833557129 30.0700073242 30.0600280762 30.1333618164 30.2233276367 30.3066406250 30.4066467285 30.4233398438 30.5599975586 30.4700012207 30.4999694824 30.4166564941 30.3166503906 30.2133178711 30.0000000000 29.8800048828 29.5633850098 29.3833923340 29.8933715820 29.9000854492 29.8966369629 29.7633666992 29.6367187500 29.5867004395 29.2433166504 29.1000061035 28.4932861328 27.9166259766 27.4166564941 30.0399780273 9999.0000000000 9999.0000000000 9999.0000000000 32.4466552734
