model_inputs/inputs/tas8.asc
ncols 720
nrows 360
xllcorner -180
yllcorner -90
cellsize 0.500000
NODATA_value 9999.000000
[rows 126 to 146 of 360, columns 528 to 575 of 720]
29.5699768066 29.6033325195 29.4733581543 29.2366638184 28.7066650391 26.3099975586 26.3466796875 25.4866638184 25.7200317383 27.4499816895 27.0900268555 25.8999938965 27.1100769043 26.7066345215 27.2999572754 27.2599487305 28.8433227539 29.4333801270 29.0233764648 28.9167175293 28.8200073242 26.9332885742 21.2366333008 21.6466369629 25.2566833496 25.0433349609 21.7333068848 26.1099853516 20.0067138672 13.4933166504 12.6600341797 12.3599853516 13.9367065430 16.4266662598 20.4866638184 22.2400207520 20.4033508301 20.0900268555 19.7566833496 19.4199829102 17.9800109863 18.1399841309 19.6966857910 21.4600524902 21.7133483887 22.2766723633 23.0766906738 24.7600097656
29.4433288574 29.5000305176 29.3533020020 29.1066589355 29.0300292969 28.8733520508 28.7167053223 28.6400756836 28.6799926758 28.7166748047 29.0500488281 28.8566894531 28.2700195312 28.3833312988 28.5967102051 28.6900024414 28.8299560547 28.6366577148 27.2366333008 27.3899841309 25.9066772461 23.2100219727 19.6166076660 24.8300170898 26.6400451660 27.6433410645 23.4400329590 25.3366699219 18.8233642578 14.9100341797 15.5899658203 15.4666137695 20.2833557129 21.2500000000 18.9933166504 21.7666931152 22.1133422852 18.2200012207 19.1799926758 19.2433166504 19.1932983398 20.2666931152 23.3200073242 23.1766662598 23.6233215332 23.0632934570 23.3467102051 25.0099792480
29.5766296387 29.4566650391 29.3367309570 29.1100158691 29.0000000000 28.8399658203 28.7866516113 28.8100280762 29.0466308594 29.2867126465 29.5233154297 28.9366455078 27.5500183105 26.6566772461 25.2633361816 23.8433227539 24.0299987793 26.3399963379 27.1633300781 25.7799682617 21.8900146484 19.9833068848 20.3066406250 27.1066589355 24.4200134277 25.8299865723 24.8433227539 25.2466735840 20.0332946777 17.6233825684 17.6966552734 16.9432983398 20.1000061035 21.1666564941 20.1133422852 23.0700073242 19.1333923340 19.2533264160 19.1200256348 20.1766662598 19.1399841309 20.5833129883 23.6099548340 24.0299987793 24.8732910156 23.8999633789 25.2666931152 24.3599853516
29.5900268555 29.5699462891 29.4633483887 29.1366577148 28.7299804688 28.8500366211 28.6766662598 28.7933349609 29.3099975586 29.3499755859 29.3800048828 29.0099792480 27.4066772461 27.2867126465 25.6766357422 24.0367126465 24.0066223145 23.1500244141 24.9466247559 21.1600341797 21.1666870117 21.0833740234 27.1833190918 27.6932983398 26.6166381836 26.3099670410 27.6333312988 23.4466857910 19.4533386230 19.3566589355 21.7166442871 21.3566589355 21.3266906738 21.5867004395 20.9433288574 20.8833923340 20.3399963379 19.6867065430 20.1400146484 19.9700012207 20.0833435059 20.8167114258 21.9400024414 24.0700378418 25.6133117676 26.0433349609 26.1800537109 25.5833435059
29.4166564941 29.4033203125 29.0799560547 28.2699890137 28.2599792480 28.2466735840 28.1700134277 28.6833496094 29.3100280762 29.3300170898 29.2566223145 29.1733093262 28.8766784668 28.7100219727 28.5167541504 28.2633056641 27.3766784668 27.1000366211 25.8033142090 22.8200073242 22.4333496094 26.2499694824 27.4533386230 25.6733398438 26.1966247559 27.0100097656 27.3166809082 20.7333679199 20.5367126465 21.7466125488 21.3833618164 20.5366516113 22.1966857910 21.8499755859 21.9066772461 21.4766540527 20.7366638184 20.1900024414 21.0633239746 20.0933227539 21.8199768066 22.8533020020 24.2833251953 24.3166809082 24.8500366211 25.2832946777 26.9233703613 27.2833557129
28.6199951172 28.5867004395 27.3866882324 27.3732910156 27.5733642578 28.0666809082 28.1566772461 28.9866027832 29.3133544922 29.2333068848 29.1499938965 29.1900024414 28.8500671387 28.6866760254 28.5533447266 28.6066589355 27.2999877930 26.1966857910 23.6133422852 22.5300292969 24.9367065430 26.9600219727 26.5667114258 25.6800231934 26.7066650391 27.9066772461 27.2066650391 21.6000061035 22.0066833496 20.9166259766 22.8499755859 19.6933593750 22.3200378418 21.9500427246 21.4100341797 22.9700317383 21.8299560547 20.6866760254 22.1000061035 21.3600158691 22.4200439453 22.4833374023 23.7200012207 24.8600463867 25.5900268555 26.2333679199 27.1566467285 26.6933288574
27.0933532715 26.6733398438 26.6966552734 27.3633422852 28.1666564941 28.4466857910 28.8499755859 29.1566467285 29.2900390625 29.2133789062 29.2333374023 29.1366577148 28.9533386230 28.8300476074 28.3833312988 27.6367187500 26.8266601562 23.5300292969 20.7300415039 20.2366638184 25.9566650391 26.9700012207 27.3733520508 27.2900085449 27.7866516113 27.3833312988 24.5832824707 23.5834045410 23.5899963379 23.7866210938 21.6133728027 20.6599731445 21.3966674805 22.1233520508 21.9599914551 23.5066528320 22.4266052246 21.4833374023 20.9366455078 21.1866760254 21.6633300781 22.4299926758 22.6100158691 24.2833251953 26.3266906738 28.4600219727 28.1999816895 27.9366760254
25.2500305176 25.8566894531 26.1533813477 27.4599609375 28.0466613770 28.4466552734 28.8399963379 29.1300048828 29.1599731445 29.0967102051 29.0599975586 28.9566650391 28.6000366211 28.4432983398 28.1166687012 27.6733093262 27.3533325195 24.7666625977 20.2500000000 20.0566711426 27.0533752441 27.0699768066 27.8633422852 28.0566711426 27.0599670410 26.7566223145 22.2666625977 24.4500427246 23.1566772461 23.4533386230 22.3933410645 21.7300109863 21.9733581543 22.4933471680 21.7333374023 21.8666687012 22.2000122070 22.7366638184 22.2566223145 20.6466674805 22.4166259766 23.4733276367 24.1499633789 25.2300415039 25.0000000000 26.5700683594 27.5366821289 28.5733947754
26.3400268555 26.5466918945 26.4299621582 27.4266662598 28.3299865723 28.5266418457 28.7300109863 29.1166992188 29.1166381836 29.1133117676 29.0999755859 28.8033447266 28.2366943359 27.9866333008 27.9299621582 27.9932861328 27.7866821289 25.2933654785 20.4799499512 21.4599609375 26.1433410645 27.6333312988 28.4466857910 28.5266723633 25.4299621582 23.4299621582 22.9299926758 24.8266296387 21.8233642578 22.6366577148 21.0733032227 21.5033264160 22.8366699219 23.7733459473 22.4066772461 23.2400817871 22.9633178711 22.4833679199 24.6233520508 27.1100158691 26.8733215332 27.1366271973 27.3166809082 26.1799621582 26.9566955566 27.7266540527 28.3800048828 28.6633300781
27.2133483887 27.5166625977 26.6166381836 27.1133117676 27.5100097656 28.5133361816 28.6133728027 28.9033203125 29.0233459473 29.0266418457 28.9400024414 28.6400146484 28.0366821289 27.9500122070 27.9033508301 28.0233154297 27.3000183105 25.1900024414 20.2799987793 22.2632751465 25.4400329590 27.9233703613 28.4033508301 28.8033142090 27.5000305176 25.5000000000 24.4933471680 22.5966491699 22.6900024414 23.3999938965 23.2300109863 21.9700012207 21.9999694824 24.0299682617 24.1600341797 23.5967102051 24.7199401855 25.9566650391 26.2867126465 27.3567199707 29.8366699219 30.0100097656 28.9766235352 27.9532775879 26.8199768066 28.1866760254 28.5633239746 28.4399414062
27.5033264160 26.5967102051 26.3900146484 27.0000000000 25.9933166504 28.3833312988 28.6833496094 28.7199401855 28.7366638184 28.7433166504 28.6566772461 28.2666625977 27.9633483887 9999.0000000000 9999.0000000000 28.0133361816 26.8933715820 26.0933532715 22.4699707031 20.2533569336 24.9400024414 27.8132934570 27.9967041016 28.5800476074 27.4799804688 24.2799987793 23.5666503906 22.1700134277 23.4667053223 23.6766662598 21.7966613770 22.2300109863 22.8733215332 23.7100219727 24.4233703613 23.9732971191 24.4833679199 25.3266601562 26.3433532715 27.5199584961 25.6866455078 29.3766479492 29.8399658203 29.1166687012 27.7666320801 27.6499633789 27.7200012207 27.5599975586
27.1800537109 27.0799865723 27.2733154297 26.7666931152 28.0699768066 28.5933227539 28.6132812500 9999.0000000000 9999.0000000000 9999.0000000000 9999.0000000000 9999.0000000000 9999.0000000000 9999.0000000000 9999.0000000000 27.8966979980 26.8866882324 26.0666809082 24.2600402832 20.0400085449 24.1199951172 27.7966613770 27.6799926758 28.0633239746 26.5566406250 22.2399902344 21.8399963379 22.9400329590 24.2432861328 23.4333496094 23.0800476074 21.1099853516 25.1433410645 24.1700134277 24.1033020020 24.0400085449 24.5633239746 25.2899475098 26.2099914551 26.8899841309 26.9532775879 27.7266540527 29.6033630371 29.5666503906 29.0399780273 28.4100341797 28.0499572754 28.8732910156
27.1633911133 26.7532958984 27.6699829102 28.3800048828 28.7967529297 28.8000183105 9999.0000000000 9999.0000000000 9999.0000000000 9999.0000000000 9999.0000000000 9999.0000000000 9999.0000000000 9999.0000000000 9999.0000000000 9999.0000000000 26.8866882324 26.3633117676 26.2366638184 22.8233337402 25.4033203125 27.6000061035 27.0800170898 27.1633605957 26.3399963379 22.0166625977 20.8133239746 23.1200256348 24.6033325195 24.6033020020 23.9366760254 23.9700317383 24.9166564941 24.9400024414 24.4632873535 24.8999633789 24.7332763672 25.8566284180 24.8733520508 25.9466857910 26.4200134277 26.3899536133 27.2600097656 28.6200256348 28.8000793457 29.0233154297 28.7700195312 29.0033264160
24.7466430664 26.7633361816 28.0666503906 28.6866760254 28.9066772461 28.7333068848 9999.0000000000 9999.0000000000 9999.0000000000 9999.0000000000 9999.0000000000 9999.0000000000 9999.0000000000 9999.0000000000 9999.0000000000 9999.0000000000 9999.0000000000 27.2666931152 26.8399963379 24.9200134277 24.6966552734 27.3733215332 27.4566650391 26.8399963379 25.8299865723 22.1100158691 21.8933105469 24.2866821289 23.7866516113 23.9833679199 23.6099853516 25.3399963379 26.1766662598 25.8066101074 24.4366455078 24.5599670410 24.9000244141 24.7233581543 24.2333374023 24.3166198730 26.0766906738 27.4466552734 27.6266784668 28.4966430664 28.9300231934 29.0633850098 9999.0000000000 9999.0000000000
25.8565979004 27.6733703613 28.3866577148 28.8033752441 28.6333618164 9999.0000000000 9999.0000000000 9999.0000000000 9999.0000000000 9999.0000000000 9999.0000000000 9999.0000000000 9999.0000000000 9999.0000000000 9999.0000000000 9999.0000000000 9999.0000000000 9999.0000000000 26.9466857910 27.0333251953 25.0000000000 26.7767028809 27.4533386230 27.2332763672 26.7233581543 23.4999694824 24.3833007812 25.4665832520 24.1667175293 24.5632629395 25.2832946777 26.1133422852 25.8466491699 24.8766479492 24.6066589355 25.1433410645 24.3699645996 24.1800231934 23.5965881348 23.9633789062 24.5266418457 26.4066772461 27.8899841309 29.0100097656 28.9433593750 9999.0000000000 9999.0000000000 9999.0000000000
25.9666442871 28.0766601562 28.5066528320 9999.0000000000 9999.0000000000 9999.0000000000 9999.0000000000 9999.0000000000 9999.0000000000 9999.0000000000 9999.0000000000 9999.0000000000 9999.0000000000 9999.0000000000 9999.0000000000 9999.0000000000 9999.0000000000 9999.0000000000 9999.0000000000 27.1400451660 25.8167419434 26.1966552734 27.3666381836 26.7433166504 27.2233276367 24.3999938965 24.5733642578 25.8566589355 24.0466308594 24.2333679199 24.8533325195 26.0799865723 25.7200012207 25.4366455078 24.1766357422 24.8999633789 23.5266418457 22.8500366211 22.6600036621 23.2167053223 23.7999572754 26.5633850098 28.2167053223 28.9333190918 9999.0000000000 9999.0000000000 9999.0000000000 9999.0000000000
27.1833190918 27.4967041016 9999.0000000000 9999.0000000000 9999.0000000000 9999.0000000000 9999.0000000000 9999.0000000000 9999.0000000000 9999.0000000000 9999.0000000000 9999.0000000000 9999.0000000000 9999.0000000000 9999.0000000000 9999.0000000000 9999.0000000000 9999.0000000000 9999.0000000000 26.9466247559 26.5233154297 24.7900390625 27.1800231934 26.6533203125 26.9232788086 26.0066223145 24.5866394043 25.3599853516 23.7399902344 25.5000000000 26.6166381836 26.6466674805 26.0867004395 26.4233093262 24.2499694824 25.4600219727 26.3933410645 25.1199951172 23.8033447266 26.3966674805 25.1633300781 24.0933532715 27.4199829102 28.7500000000 9999.0000000000 9999.0000000000 9999.0000000000 9999.0000000000
28.4866333008 9999.0000000000 9999.0000000000 9999.0000000000 9999.0000000000 9999.0000000000 9999.0000000000 9999.0000000000 9999.0000000000 9999.0000000000 9999.0000000000 9999.0000000000 9999.0000000000 9999.0000000000 9999.0000000000 9999.0000000000 9999.0000000000 9999.0000000000 9999.0000000000 9999.0000000000 26.1366577148 24.6033020020 26.8866577148 26.6600341797 26.5399475098 26.6199645996 24.6866760254 25.6699829102 24.3366394043 26.9200134277 26.5266723633 26.9399719238 26.5633850098 26.3800048828 25.5166320801 26.2433471680 26.6666564941 26.7867126465 27.5766906738 27.8499755859 26.7833862305 24.9166870117 24.6466674805 27.7833557129 29.0100097656 9999.0000000000 9999.0000000000 9999.0000000000
9999.0000000000 9999.0000000000 9999.0000000000 9999.0000000000 9999.0000000000 9999.0000000000 9999.0000000000 9999.0000000000 9999.0000000000 9999.0000000000 9999.0000000000 9999.0000000000 9999.0000000000 9999.0000000000 9999.0000000000 9999.0000000000 9999.0000000000 9999.0000000000 9999.0000000000 9999.0000000000 9999.0000000000 26.4100341797 27.1866149902 27.1699829102 26.8433837891 27.3233337402 26.0000305176 26.4766540527 23.4566650391 24.9233093262 25.9099731445 27.9566040039 27.3699645996 25.6866149902 25.4966430664 26.6000366211 26.9233093262 27.9500427246 28.0399475098 27.9699707031 27.8100585938 26.9299621582 25.9766540527 25.9999694824 27.4400024414 9999.0000000000 9999.0000000000 9999.0000000000
9999.0000000000 9999.0000000000 9999.0000000000 9999.0000000000 9999.0000000000 9999.0000000000 9999.0000000000 9999.0000000000 9999.0000000000 9999.0000000000 9999.0000000000 9999.0000000000 9999.0000000000 9999.0000000000 9999.0000000000 9999.0000000000 9999.0000000000 9999.0000000000 9999.0000000000 9999.0000000000 9999.0000000000 27.0266723633 27.0966491699 27.1832885742 27.1433105469 27.2233581543 26.5966796875 26.2766418457 23.8566894531 25.5366516113 26.9333190918 28.0499572754 27.3899841309 25.6966552734 25.0067138672 25.9100036621 27.7233886719 28.0299682617 28.1533203125 27.7933349609 27.8266601562 27.5633850098 27.3032836914 27.0366821289 26.4800109863 28.7066040039 29.2366943359 9999.0000000000
9999.0000000000 9999.0000000000 9999.0000000000 9999.0000000000 9999.0000000000 9999.0000000000 9999.0000000000 9999.0000000000 9999.0000000000 9999.0000000000 9999.0000000000 9999.0000000000 9999.0000000000 9999.0000000000 9999.0000000000 9999.0000000000 9999.0000000000 9999.0000000000 9999.0000000000 9999.0000000000 26.6433715820 26.9266967773 27.1033020020 26.9800109863 27.0599670410 26.9300537109 26.9066467285 26.6999816895 25.9766540527 24.7666931152 27.1533813477 28.1366271973 26.1033630371 25.4100341797 27.9166870117 26.6099548340 27.6167297363 28.0466308594 28.0766906738 27.7200622559 27.2633666992 27.5000305176 27.6200256348 27.6566772461 27.0799560547 26.9333496094 29.5566711426 28.9566650391
