model_inputs/inputs/tas8.asc
ncols 720
nrows 360
xllcorner -180
yllcorner -90
cellsize 0.500000
NODATA_value 9999.000000
[rows 126 to 146 of 360, columns 480 to 527 of 720]
30.5200195312 30.4633178711 29.5033569336 30.1100158691 31.0999450684 30.2966613770 30.2900085449 30.6799926758 29.7266540527 29.1200256348 29.6966247559 30.0766296387 29.4366149902 28.8000183105 30.9633789062 32.5133361816 32.3499755859 32.1000061035 31.6466674805 31.2933044434 30.7333374023 30.0699768066 29.8166198730 29.9600219727 30.0933227539 29.9266052246 29.9933471680 29.7400207520 29.2733459473 28.7033386230 28.6233215332 28.6533508301 28.8866271973 29.1200256348 29.1466674805 29.4532775879 29.7299804688 29.7166442871 29.6000061035 29.6833496094 29.6599731445 29.1333312988 29.0366516113 29.3700256348 29.3966674805 29.3266906738 29.2666625977 29.3866882324
31.0866699219 30.6099853516 30.2566528320 30.3666381836 30.5699768066 30.7533569336 29.8567199707 29.5033569336 29.9500122070 28.9033813477 30.4299621582 30.1166992188 30.8767089844 29.5400085449 30.0966491699 31.2266235352 32.0500183105 31.8199768066 31.2500000000 30.7900390625 30.2400207520 29.5833435059 29.3199462891 29.3699951172 29.7099914551 29.5399780273 29.5866088867 29.2232971191 28.5599670410 28.2866821289 28.3066711426 28.8466491699 28.9833679199 28.7999877930 28.9266662598 29.0433654785 29.0500183105 29.3233642578 29.6100463867 29.6033020020 29.8033752441 29.4867248535 29.2633361816 29.3800048828 29.4199829102 29.4467163086 29.3366394043 29.3899841309
30.5366821289 30.6632995605 30.8099670410 30.3299865723 30.0266418457 29.8500366211 29.3933410645 28.8467102051 28.6832885742 28.7333374023 29.1733398438 28.6166687012 30.3167114258 30.0900573730 29.3466491699 29.7333374023 31.3466491699 31.4199829102 30.8666381836 30.3000183105 29.6466674805 29.0966491699 28.6233215332 29.2666625977 29.3099975586 29.2533264160 28.5832824707 28.1100463867 27.2566833496 27.7867431641 28.1166687012 28.7433166504 28.8766784668 28.7999877930 28.1333923340 27.8366699219 28.4633789062 28.5500488281 29.0300292969 29.3266601562 29.7200622559 29.7099609375 29.5966491699 29.5933837891 29.5133056641 29.4766845703 29.4333496094 29.5100402832
32.8066711426 29.3799743652 29.2699890137 29.0066833496 28.7200012207 28.7733154297 28.7200317383 31.2599792480 29.5233459473 29.6700439453 30.4033508301 30.8533630371 31.2000427246 29.6400146484 29.2867126465 29.6233520508 30.6732788086 30.7399902344 30.3766784668 29.8199768066 29.2566528320 28.9967041016 28.8300170898 29.0666198730 28.8200073242 28.4700012207 27.6000366211 26.0999755859 26.6333007812 27.1799621582 27.6133422852 28.4367065430 28.6766662598 28.2933349609 27.5100402832 27.3533630371 27.8699951172 28.2633361816 28.4599914551 28.6366577148 29.1433105469 29.4233093262 29.4066467285 29.5866394043 29.4800109863 29.4466857910 29.5333557129 29.6132812500
9999.0000000000 9999.0000000000 9999.0000000000 9999.0000000000 9999.0000000000 9999.0000000000 9999.0000000000 9999.0000000000 9999.0000000000 9999.0000000000 9999.0000000000 9999.0000000000 9999.0000000000 30.7867126465 29.1399841309 29.5099792480 29.9800720215 30.0000610352 29.8099975586 29.3133544922 29.0566406250 28.9066772461 29.1333007812 28.8900451660 27.6399841309 26.8966979980 24.9133911133 25.0099792480 26.6333312988 26.7700195312 26.9066772461 27.1366882324 27.9600219727 27.6966857910 26.9100341797 26.8400268555 27.0799865723 27.1866760254 27.5633544922 27.5533447266 27.6499633789 27.9066467285 28.1566772461 28.3499755859 28.4466247559 28.6499938965 28.5433654785 29.0233154297
9999.0000000000 9999.0000000000 9999.0000000000 9999.0000000000 9999.0000000000 9999.0000000000 9999.0000000000 9999.0000000000 9999.0000000000 9999.0000000000 9999.0000000000 9999.0000000000 9999.0000000000 9999.0000000000 30.3933105469 29.1066589355 29.3799743652 29.5799865723 29.5766906738 29.5700378418 29.1833496094 29.0066833496 29.2566528320 28.7999877930 28.1666564941 26.0100402832 24.2200012207 24.4266967773 26.3266296387 26.3566589355 26.6799926758 26.8233337402 27.1533203125 26.8766479492 26.6099853516 26.5466613770 26.6732788086 26.7866821289 26.8800048828 27.0466613770 27.2900085449 27.5533752441 27.6366577148 27.8233642578 27.9233398438 28.1233215332 28.3133544922 28.9099731445
9999.0000000000 9999.0000000000 9999.0000000000 9999.0000000000 9999.0000000000 9999.0000000000 9999.0000000000 9999.0000000000 9999.0000000000 9999.0000000000 9999.0000000000 9999.0000000000 9999.0000000000 9999.0000000000 9999.0000000000 29.9166259766 29.0900268555 28.9466552734 29.2399902344 29.2466735840 29.3533020020 29.0600280762 29.0699462891 28.9233703613 28.5766906738 27.9233093262 27.1233825684 27.0332946777 27.5433349609 26.5633850098 26.2766418457 26.4133300781 26.5299682617 26.5700073242 26.3000183105 26.2366638184 26.2766418457 26.1033630371 26.7399902344 26.8033142090 26.8467102051 27.1000671387 27.0033264160 26.7099609375 26.0966491699 26.7000122070 26.9966735840 27.0899963379
9999.0000000000 9999.0000000000 9999.0000000000 9999.0000000000 9999.0000000000 9999.0000000000 9999.0000000000 9999.0000000000 9999.0000000000 9999.0000000000 9999.0000000000 9999.0000000000 9999.0000000000 9999.0000000000 9999.0000000000 9999.0000000000 29.4233093262 28.6500549316 28.5166931152 28.7100524902 29.1333618164 28.9466552734 28.9733276367 28.8766784668 28.5966491699 28.3233337402 27.9466857910 27.5366516113 27.0499572754 26.3666992188 26.0633544922 25.8033752441 26.0233459473 26.1667175293 25.8866882324 25.8166809082 26.0333557129 26.0267333984 26.3833312988 26.7432861328 26.2999572754 25.7733459473 26.0866394043 26.3800048828 26.3800354004 26.3699951172 26.1700439453 24.8633117676
9999.0000000000 9999.0000000000 9999.0000000000 9999.0000000000 9999.0000000000 9999.0000000000 9999.0000000000 9999.0000000000 9999.0000000000 9999.0000000000 9999.0000000000 9999.0000000000 9999.0000000000 9999.0000000000 9999.0000000000 9999.0000000000 9999.0000000000 9999.0000000000 28.5933532715 28.3966369629 28.9100341797 28.6366882324 28.3433837891 28.6400451660 28.7466735840 28.5299987793 28.2366943359 27.6466369629 26.8533325195 26.1733398438 25.8899841309 25.6900024414 25.8033447266 26.3333129883 26.4500427246 26.2766723633 26.2799987793 25.8633422852 25.9199829102 26.1833496094 26.4533081055 25.6667175293 24.9633483887 25.5533142090 26.2500000000 26.5500183105 25.8466491699 26.2432861328
9999.0000000000 9999.0000000000 9999.0000000000 9999.0000000000 9999.0000000000 9999.0000000000 9999.0000000000 9999.0000000000 9999.0000000000 9999.0000000000 9999.0000000000 9999.0000000000 9999.0000000000 9999.0000000000 9999.0000000000 9999.0000000000 9999.0000000000 9999.0000000000 28.0466003418 28.4432678223 27.9533386230 27.9566345215 27.7633361816 28.4700012207 28.7333374023 28.5066223145 28.3233642578 27.7333679199 26.8433837891 26.8500061035 26.9566040039 26.9732971191 27.0632934570 26.9899597168 26.3999938965 25.6199951172 24.9166870117 24.0899963379 24.9733581543 26.2300415039 26.6333312988 25.5332641602 26.0333251953 27.0433349609 27.2333374023 27.4400329590 27.1166381836 26.9166564941
9999.0000000000 9999.0000000000 9999.0000000000 9999.0000000000 9999.0000000000 9999.0000000000 9999.0000000000 9999.0000000000 9999.0000000000 9999.0000000000 9999.0000000000 9999.0000000000 9999.0000000000 9999.0000000000 9999.0000000000 9999.0000000000 9999.0000000000 9999.0000000000 28.1533203125 27.5699768066 27.8799438477 27.6766662598 27.7900085449 28.1499938965 28.6300048828 28.3899536133 28.0099792480 26.7133178711 26.0366516113 26.4500427246 26.4599609375 26.6333312988 26.5233459473 26.5466613770 25.5567016602 25.0599975586 24.8499450684 25.8266601562 26.2033081055 26.6999816895 26.8099975586 26.0100402832 27.1066589355 27.4132995605 27.5166625977 27.5132751465 27.7099914551 27.4999694824
9999.0000000000 9999.0000000000 9999.0000000000 9999.0000000000 9999.0000000000 9999.0000000000 9999.0000000000 9999.0000000000 9999.0000000000 9999.0000000000 9999.0000000000 9999.0000000000 9999.0000000000 9999.0000000000 9999.0000000000 9999.0000000000 9999.0000000000 9999.0000000000 9999.0000000000 27.9799499512 27.6066284180 26.6966247559 27.0733032227 27.7499694824 27.6066284180 27.9832763672 27.6900024414 27.0933532715 26.6199951172 27.4266357422 27.1333312988 26.5266723633 26.8066406250 26.2966308594 26.0166625977 26.1967163086 26.2766418457 26.5599670410 27.1500244141 27.1633605957 27.0866088867 26.6932678223 27.2999877930 27.2033081055 27.0900268555 27.1933288574 27.2799987793 27.7833251953
9999.0000000000 9999.0000000000 9999.0000000000 9999.0000000000 9999.0000000000 9999.0000000000 9999.0000000000 9999.0000000000 9999.0000000000 9999.0000000000 9999.0000000000 9999.0000000000 9999.0000000000 9999.0000000000 9999.0000000000 9999.0000000000 9999.0000000000 9999.0000000000 9999.0000000000 9999.0000000000 27.7200012207 27.4966430664 27.7567138672 27.4266357422 9999.0000000000 27.7599792480 27.1733398438 25.4866638184 25.2033386230 26.5166625977 27.1033325195 26.6899719238 26.5833740234 26.9633178711 26.9500122070 26.7466430664 27.1399841309 27.2266845703 27.2266540527 27.3266601562 27.0433044434 26.4700317383 26.7833557129 26.9733581543 26.3699951172 26.7733459473 27.0567016602 27.1700439453
9999.0000000000 9999.0000000000 9999.0000000000 9999.0000000000 9999.0000000000 9999.0000000000 9999.0000000000 9999.0000000000 9999.0000000000 9999.0000000000 9999.0000000000 9999.0000000000 9999.0000000000 9999.0000000000 9999.0000000000 9999.0000000000 9999.0000000000 9999.0000000000 9999.0000000000 9999.0000000000 9999.0000000000 9999.0000000000 9999.0000000000 9999.0000000000 9999.0000000000 27.6499938965 26.1533203125 24.5666503906 25.1866760254 25.7933959961 25.2766418457 25.1599731445 25.3433227539 25.9600219727 26.0566711426 26.4533386230 26.9366760254 27.3433227539 27.2266845703 27.3199768066 27.1133728027 26.2333068848 26.0533447266 26.0599975586 25.5533752441 26.8400878906 27.0400085449 25.9400024414
9999.0000000000 9999.0000000000 9999.0000000000 9999.0000000000 9999.0000000000 9999.0000000000 9999.0000000000 9999.0000000000 9999.0000000000 9999.0000000000 9999.0000000000 9999.0000000000 9999.0000000000 9999.0000000000 9999.0000000000 9999.0000000000 9999.0000000000 9999.0000000000 9999.0000000000 9999.0000000000 9999.0000000000 9999.0000000000 9999.0000000000 9999.0000000000 9999.0000000000 27.4267578125 26.7433166504 24.3433532715 25.2600097656 25.9566650391 25.7499694824 25.8533630371 26.1567077637 26.3566894531 26.3633117676 26.6466979980 26.8467102051 27.0432739258 27.1433410645 27.7133483887 27.4266662598 26.2233276367 25.3233337402 25.6266784668 25.5266723633 26.7200317383 25.6300048828 25.9399719238
9999.0000000000 9999.0000000000 9999.0000000000 9999.0000000000 9999.0000000000 9999.0000000000 9999.0000000000 9999.0000000000 9999.0000000000 9999.0000000000 9999.0000000000 9999.0000000000 9999.0000000000 9999.0000000000 9999.0000000000 9999.0000000000 9999.0000000000 9999.0000000000 9999.0000000000 9999.0000000000 9999.0000000000 9999.0000000000 9999.0000000000 9999.0000000000 9999.0000000000 27.4033203125 27.0166320801 24.4433593750 24.6633300781 25.5600280762 26.0567321777 26.1566467285 26.3633117676 26.6599731445 26.6600341797 26.5600280762 26.5567016602 27.0533447266 26.9466857910 27.7366943359 27.5366210938 26.8266906738 25.6133422852 25.7099304199 25.5033569336 25.3166503906 25.0500183105 26.2533569336
9999.0000000000 9999.0000000000 9999.0000000000 9999.0000000000 9999.0000000000 9999.0000000000 9999.0000000000 9999.0000000000 9999.0000000000 9999.0000000000 9999.0000000000 9999.0000000000 9999.0000000000 9999.0000000000 9999.0000000000 9999.0000000000 9999.0000000000 9999.0000000000 9999.0000000000 9999.0000000000 9999.0000000000 9999.0000000000 9999.0000000000 9999.0000000000 9999.0000000000 26.9167175293 26.4300231934 24.6500244141 25.4532775879 25.8566589355 25.7599792480 25.5466918945 25.8600463867 26.1633300781 26.4633483887 26.9633178711 26.7599792480 26.9566955566 27.6466369629 27.9366760254 27.8367004395 27.4266967773 26.3166503906 26.5499877930 26.0400695801 24.0333251953 26.6433410645 27.4633483887
9999.0000000000 9999.0000000000 9999.0000000000 9999.0000000000 9999.0000000000 9999.0000000000 9999.0000000000 9999.0000000000 9999.0000000000 9999.0000000000 9999.0000000000 9999.0000000000 9999.0000000000 9999.0000000000 9999.0000000000 9999.0000000000 9999.0000000000 9999.0000000000 9999.0000000000 9999.0000000000 9999.0000000000 9999.0000000000 9999.0000000000 9999.0000000000 9999.0000000000 26.8732604980 26.3366394043 24.1566467285 24.9633483887 26.0633544922 26.2599792480 26.2533569336 25.8633117676 25.9633483887 26.1599731445 26.5699768066 26.4667053223 26.6600341797 27.5600280762 27.8366394043 27.9399719238 27.6733398438 27.6133117676 27.4566040039 25.9199829102 23.8766784668 27.7633056641 28.6800537109
9999.0000000000 9999.0000000000 9999.0000000000 9999.0000000000 9999.0000000000 9999.0000000000 9999.0000000000 9999.0000000000 9999.0000000000 9999.0000000000 9999.0000000000 9999.0000000000 9999.0000000000 9999.0000000000 9999.0000000000 9999.0000000000 9999.0000000000 9999.0000000000 9999.0000000000 9999.0000000000 9999.0000000000 9999.0000000000 9999.0000000000 9999.0000000000 9999.0000000000 9999.0000000000 26.1466979980 24.0766906738 24.4766845703 24.9666442871 26.2866821289 26.5765991211 26.4700317383 26.1699829102 25.6599426270 25.7666931152 25.9699707031 26.2600402832 27.4666137695 28.0100402832 27.8399658203 27.8866577148 28.1266479492 26.3433227539 26.1866760254 27.6466979980 29.0033874512 9999.0000000000
9999.0000000000 9999.0000000000 9999.0000000000 9999.0000000000 9999.0000000000 9999.0000000000 9999.0000000000 9999.0000000000 9999.0000000000 9999.0000000000 9999.0000000000 9999.0000000000 9999.0000000000 9999.0000000000 9999.0000000000 9999.0000000000 9999.0000000000 9999.0000000000 9999.0000000000 9999.0000000000 9999.0000000000 9999.0000000000 9999.0000000000 9999.0000000000 9999.0000000000 9999.0000000000 26.4799804688 24.5933227539 24.6899719238 24.7832946777 25.9966735840 26.6799621582 26.7899780273 26.7832946777 26.4833068848 26.1799316406 26.2734069824 26.5233154297 27.9732971191 28.2999877930 28.6499633789 28.3000488281 28.2233581543 28.3166198730 28.7733764648 28.5066223145 9999.0000000000 9999.0000000000
9999.0000000000 9999.0000000000 9999.0000000000 9999.0000000000 9999.0000000000 9999.0000000000 9999.0000000000 9999.0000000000 9999.0000000000 9999.0000000000 9999.0000000000 9999.0000000000 9999.0000000000 9999.0000000000 9999.0000000000 9999.0000000000 9999.0000000000 9999.0000000000 9999.0000000000 9999.0000000000 9999.0000000000 9999.0000000000 9999.0000000000 9999.0000000000 9999.0000000000 9999.0000000000 26.9233703613 25.4132995605 24.7100524902 25.5066833496 26.0100097656 26.6100158691 26.7066040039 26.7966918945 26.7900695801 26.6966247559 26.6033020020 27.1065979004 28.3966979980 29.0866699219 28.9566345215 28.7900695801 29.1266784668 29.2033081055 29.3033142090 9999.0000000000 9999.0000000000 9999.0000000000
