model_inputs/inputs/tas8.asc
ncols 720
nrows 360
xllcorner -180
yllcorner -90
cellsize 0.500000
NODATA_value 9999.000000
[rows 63 to 83 of 360, columns 480 to 527 of 720]
15.4432983398 15.5666198730 15.6999816895 15.7133483887 15.9199829102 16.0232849121 16.0199890137 15.9166564941 15.9133300781 15.9099731445 15.8966674805 15.7933349609 15.8633422852 15.7566223145 15.6433410645 15.6166992188 15.6066589355 15.4332885742 15.4566650391 15.4666748047 15.4900512695 15.4066467285 15.4166564941 15.4366760254 15.4599914551 15.4700012207 15.3766479492 15.3866882324 15.3866882324 15.3900146484 15.3699951172 15.4533386230 15.4466857910 15.4399719238 15.5266113281 15.5133361816 15.5133056641 15.4933471680 15.4899597168 15.4933471680 15.4833068848 15.4933166504 15.5733337402 15.5733642578 15.6733398438 15.7633666992 15.6400146484 15.7100524902
15.4699707031 15.7033081055 15.7266540527 16.0232849121 16.2166442871 16.3333129883 16.3266601562 16.2333679199 16.2266235352 16.3199768066 16.2066345215 16.1900024414 16.2799682617 16.1600341797 16.1433105469 15.9300231934 15.9433593750 15.9366455078 15.9466552734 15.9733276367 15.6867065430 15.7999877930 15.7266845703 15.7500305176 15.8533630371 15.7800292969 15.6900024414 15.6000671387 15.6066589355 15.6066284180 15.7833557129 15.8766784668 15.6632995605 15.7466430664 15.7300720215 15.7299804688 15.7166748047 15.7099914551 15.8133544922 15.8066406250 15.7999877930 15.7933044434 15.7966613770 15.7933349609 15.7933349609 15.8733215332 15.9366455078 15.9000244141
15.7866821289 16.0100402832 16.0233154297 16.2366638184 16.5299682617 16.4266662598 16.4366455078 16.3433227539 16.5366516113 16.5367126465 16.5333557129 16.4100036621 16.5066528320 16.4866638184 16.3699951172 16.1833190918 16.1933288574 16.1966552734 16.1766967773 16.0833435059 15.9066772461 16.1200256348 16.0299682617 16.0533142090 16.0666198730 16.0733337402 15.9900207520 15.9133605957 15.8266601562 15.8133544922 15.9966430664 16.0866699219 15.9800109863 15.9766845703 15.9533691406 15.9466552734 15.9299926758 15.9266357422 16.0233154297 16.0266723633 16.0200500488 16.0366821289 16.0333251953 16.1199645996 16.1033325195 16.0867004395 16.1433105469 16.0899963379
15.6066589355 16.1333007812 16.3367309570 16.5399475098 16.6433410645 16.7533569336 16.7599792480 16.6699829102 16.5666503906 16.5666198730 16.4533386230 16.6366882324 16.6199951172 16.4066772461 16.3233032227 16.3366394043 16.4566650391 16.3567199707 16.2366638184 16.2399902344 16.3233337402 16.3333435059 16.3500366211 16.3533325195 16.2733459473 16.2933654785 16.3100280762 16.2200622559 16.1266784668 16.2199707031 16.3133239746 16.3066711426 16.3900146484 16.3700866699 16.3633117676 16.4600219727 16.2500000000 16.2533569336 16.2400207520 16.3533325195 16.1666870117 16.1632995605 16.1399841309 16.1166687012 16.2133483887 16.1866760254 16.1599731445 16.1999511719
15.6232910156 16.4533691406 16.6633300781 16.8733215332 16.9766845703 17.0833435059 17.0733337402 16.9699401855 16.8833618164 16.8833312988 16.7766113281 16.8566284180 16.8500671387 16.5500488281 16.6666870117 16.6800231934 16.8000183105 16.7099914551 16.5966796875 16.5866394043 16.6766052246 16.6599731445 16.6666564941 16.6766967773 16.5833435059 16.5099792480 16.5166625977 16.5266418457 16.5299987793 16.5166931152 16.5099792480 16.5099487305 16.5966491699 16.6899719238 16.6867065430 16.6900329590 16.5800170898 16.5899963379 16.5999450684 16.5899963379 16.4833068848 16.4666748047 16.2600097656 16.3433532715 16.4233093262 16.4899902344 16.4666748047 16.5133361816
15.9299926758 16.7633361816 17.0833129883 17.0866394043 17.3066406250 17.3966674805 17.4066772461 17.3033447266 17.2099914551 17.1033325195 17.0932617188 17.0833435059 16.8866577148 16.9066772461 16.9199829102 16.8332824707 16.8466491699 16.7566833496 16.7532958984 16.7366943359 16.8399658203 16.8233032227 16.6133728027 16.5966491699 16.5999755859 16.5133666992 16.5433349609 16.5499877930 16.5333251953 16.5099487305 16.7200012207 16.6966552734 16.7167053223 16.8200378418 16.8300170898 16.8233947754 16.8266601562 16.8266296387 16.9299926758 16.9033508301 16.6932983398 16.6699829102 16.7566528320 16.6466674805 16.6233520508 16.6033325195 16.7733459473 16.8233032227
16.3499755859 16.9666748047 17.2866516113 17.4199829102 17.6266784668 17.6199951172 17.6200256348 17.5399780273 17.5400390625 17.4300537109 17.3099975586 17.2233276367 17.2500000000 17.2500305176 17.2632751465 17.1866455078 17.2032775879 17.2066345215 17.1133422852 17.1099548340 17.2832946777 17.1799926758 16.9799194336 16.9599609375 16.9433288574 16.8499450684 16.8433227539 16.8467407227 16.8300170898 16.8099975586 17.0199890137 17.0299987793 17.0399780273 17.1366882324 17.1533508301 17.1533203125 17.1599426270 17.1466369629 17.1300048828 17.2166442871 17.0033264160 16.9899597168 16.9733276367 16.8566894531 16.9332885742 17.0066833496 16.8732910156 16.8299865723
16.8633422852 17.2799987793 17.6933593750 17.8200073242 17.8367004395 17.8567199707 17.8600158691 17.7699584961 17.7567138672 17.7399902344 17.7533569336 17.5666809082 17.5867004395 17.5100097656 17.5166320801 17.5366516113 17.5533447266 17.5733032227 17.4633483887 17.4533081055 17.4299926758 17.4300231934 17.4166564941 17.2032775879 17.1899719238 17.0933227539 17.3800048828 17.3733520508 17.3533325195 17.3432922363 17.4400329590 17.4532775879 17.4533691406 17.4599609375 17.4633178711 17.4700012207 17.4700012207 17.4566650391 17.5433654785 17.4299926758 17.3133239746 17.1900329590 17.1833496094 17.1633605957 17.2299804688 17.2166748047 17.1800537109 16.8432922363
17.3766784668 17.6933593750 18.0166625977 18.1366882324 18.2466735840 18.2799682617 18.1799621582 18.2799987793 18.1833190918 18.1833496094 18.1000366211 18.0267028809 17.9433288574 17.9566345215 17.8699951172 17.8899841309 17.8833007812 17.8799743652 17.8899841309 17.8799743652 17.7766723633 17.7533569336 17.7500000000 17.6299743652 17.5199890137 17.5166320801 17.8133239746 17.8033447266 17.7833251953 17.7733459473 17.7600402832 17.7699890137 17.7833251953 17.7866516113 17.7799682617 17.7867126465 17.7732849121 17.8833312988 17.7566833496 17.6400451660 17.4199829102 17.3033142090 17.2833557129 17.4633483887 17.3500061035 17.1199645996 17.1966247559 17.1499938965
17.6800231934 18.1065979004 18.4299621582 18.5566406250 18.6666870117 18.5900268555 18.6033630371 18.6133117676 18.5066833496 18.5266113281 18.4433288574 18.2633361816 18.1833190918 18.2033081055 18.0999755859 18.0099792480 17.9166564941 17.9000244141 17.9134216309 17.8999938965 17.9899902344 18.0866699219 18.1666870117 18.0732727051 18.0600585938 17.9499816895 18.0433044434 18.0133666992 18.0067443848 17.9933471680 17.9799499512 17.9900207520 17.9833374023 17.9900207520 18.0766906738 18.1966552734 18.1899719238 18.1899719238 17.8733215332 17.9566955566 17.5433044434 17.5199584961 17.9032897949 17.7733764648 17.9466552734 17.8233642578 17.8900146484 17.6699829102
18.0066833496 18.5133361816 18.7399902344 18.9600219727 18.9766845703 18.9966430664 19.0166320801 19.0366516113 18.9533386230 18.8600158691 18.8699951172 18.6900329590 18.5900573730 18.5100402832 18.3233337402 18.1300048828 17.8266906738 17.7333374023 17.8332824707 17.8200073242 17.7266845703 18.0166320801 18.1066894531 18.3933410645 18.5000000000 18.3833312988 18.4666748047 18.4466247559 18.4333496094 18.4166870117 18.3999633789 18.3866577148 18.4032897949 18.3999633789 18.3933105469 18.5066833496 18.4899902344 18.4900207520 18.3833007812 18.3699951172 18.0533447266 18.1366271973 18.2133483887 17.8900146484 17.8533325195 18.0233459473 18.0100097656 18.0666809082
18.4033203125 18.7366333008 19.1566467285 19.2666931152 19.1833496094 19.2099914551 19.2566833496 19.2699890137 19.3799743652 19.4866638184 19.1833496094 18.9066467285 18.8333435059 18.6233215332 18.3399963379 18.1499938965 17.7532958984 17.5566711426 17.7533569336 17.8499450684 17.7466735840 17.8433532715 18.0299987793 18.0299987793 18.3267211914 18.5099792480 18.8999938965 18.8899841309 18.7699890137 18.6466369629 18.6100769043 18.6966247559 18.7899780273 18.7033081055 18.7033386230 18.6999511719 18.6899719238 18.5999755859 18.6899719238 18.6866760254 18.4532775879 18.2399902344 18.2133789062 18.1899414062 18.1566772461 18.2366943359 18.5833740234 18.6499938965
18.8234252930 19.0333251953 19.4533081055 19.6766967773 19.6199951172 19.6499938965 19.6932983398 19.7066650391 19.8099670410 19.8167419434 19.3366699219 19.4366455078 19.1466369629 18.9633178711 18.6700134277 18.3633117676 18.3766479492 18.2799987793 18.1766967773 18.2833557129 18.3800048828 18.4733276367 18.3766784668 18.4632873535 18.6566467285 18.8399963379 19.0333557129 19.1133728027 19.0766601562 19.0433654785 19.0033264160 19.0966491699 19.0967102051 19.1099853516 19.0866699219 19.1000366211 18.9933166504 18.9967041016 18.9966125488 18.9900207520 18.3566894531 18.3432922363 18.5233764648 18.5799865723 18.7599487305 18.6299743652 18.8733215332 18.9366455078
19.3099670410 19.3433227539 19.5967102051 19.9366149902 20.0700073242 20.1066284180 20.1333618164 20.1499938965 20.4400329590 20.2633361816 19.9732971191 19.8767089844 19.7867126465 19.5700073242 19.1966857910 19.1900024414 19.2033691406 19.1033630371 19.2066650391 19.3067016602 18.9066162109 18.9132995605 18.7066955566 18.7999877930 18.8899841309 18.7566528320 18.5366821289 18.7900085449 18.6666564941 18.7466735840 19.0099792480 19.2933044434 19.3900451660 19.2966613770 19.3966674805 19.3000183105 19.1933593750 19.1965942383 19.2000122070 19.2000122070 19.1799926758 19.1599731445 18.8233642578 18.9967041016 18.8533020020 18.6166381836 16.8567199707 15.8200073242
19.7533874512 19.8033142090 20.0366821289 20.3699645996 20.6133117676 20.6499938965 20.6766357422 20.7833251953 20.9866027832 20.7900390625 20.6033630371 20.2166442871 20.1199951172 20.1233520508 19.9266662598 19.7799987793 19.5800170898 19.2933044434 19.3133239746 19.3233337402 19.3266296387 19.3433227539 19.2466735840 19.2300415039 19.1900329590 18.9700012207 18.4299621582 18.9033508301 18.9566955566 18.7333679199 18.8933410645 19.0899963379 19.1933593750 19.4933166504 19.6033325195 19.6966857910 19.5999755859 19.5967102051 19.5000000000 19.3933715820 19.4866943359 19.5632934570 19.2234191895 18.5766296387 18.0366516113 17.0867004395 15.1400146484 14.2966613770
20.1833190918 20.4266967773 20.6833190918 20.8199768066 20.9700317383 21.0033264160 21.0199890137 21.0233459473 21.3432922363 21.3366394043 21.0499267578 20.6600036621 20.5400085449 20.2266845703 20.1532897949 20.1533203125 19.9633789062 19.6900024414 19.7000122070 19.7132873535 19.7166748047 19.6266479492 19.4233398438 19.2166748047 18.6900329590 18.5633239746 18.4233703613 18.3966369629 18.3666687012 18.4300231934 18.3899536133 17.8000183105 18.4966430664 19.1900329590 19.2933044434 19.3899841309 19.6999511719 19.7033386230 19.6000061035 19.3866577148 19.1866455078 19.5599975586 18.8199462891 18.4633178711 18.2366638184 17.1833496094 15.2199707031 13.3866271973
20.9233703613 21.0733642578 21.2133178711 21.3566589355 21.6166687012 21.7566528320 21.7666931152 21.9700012207 21.8766784668 21.7800598145 21.5699768066 21.3599548340 21.0466613770 20.4300231934 20.2200012207 20.2299804688 20.4399719238 20.1766357422 20.0932922363 20.0999755859 20.1033630371 19.9200134277 19.8133239746 19.4833068848 19.1800231934 18.7600097656 18.9167175293 18.7900085449 18.4533386230 18.7233276367 18.1833496094 17.9900207520 17.4033813477 18.6866760254 19.2966613770 19.6000061035 19.7966003418 19.8999633789 19.7899780273 19.4967346191 19.7966308594 19.7433471680 19.6999816895 19.3566894531 19.0066528320 18.4566345215 15.8099975586 13.3633422852
21.5533447266 21.5033264160 21.6499633789 22.0066528320 22.5500183105 22.5866088867 22.7100219727 22.6066589355 22.5000000000 22.1900024414 21.7699890137 21.4132690430 20.5966491699 20.1000366211 19.8999633789 19.7033386230 19.5299987793 19.7532958984 20.0800781250 19.9866943359 19.5966796875 19.3933410645 19.3700256348 19.4566955566 19.2533264160 19.5433044434 18.8200378418 18.3933105469 18.4566345215 18.3166809082 18.3899536133 18.3966674805 17.2900390625 17.4899902344 17.3900451660 17.3933105469 18.3000183105 18.7966918945 19.6000061035 19.3733825684 19.0567016602 19.1400146484 19.0966186523 19.0400390625 18.4899291992 18.3399963379 17.5900268555 16.1499938965
21.9833679199 22.0266418457 22.2867126465 22.6300048828 22.9833068848 23.0133666992 23.0466613770 23.0066528320 22.7866516113 22.3700256348 22.0866394043 21.4699707031 21.0666503906 20.3666992188 19.7700195312 19.4900207520 19.7133178711 20.0366821289 20.2600097656 20.1766357422 19.9833679199 19.6633605957 19.4432678223 19.9366760254 19.8300781250 19.5233154297 18.5133972168 17.9967346191 17.8566894531 17.6333007812 18.5900268555 18.1833496094 17.7900085449 17.9899597168 17.7966308594 17.8900146484 17.8800354004 17.9866333008 18.9666442871 19.1433105469 19.0166625977 19.0000000000 19.0733642578 19.0366516113 18.1900329590 17.4333496094 17.9767150879 19.1333618164
22.5166931152 22.7600097656 23.1166076660 23.3799438477 23.5400390625 23.3833312988 23.4100036621 23.4066772461 23.1899719238 22.6666870117 22.2399902344 21.9466552734 21.2433166504 20.6433105469 19.9367065430 20.1600036621 20.4866638184 20.6232910156 20.7466430664 20.6633300781 20.6600036621 20.6300354004 20.4166870117 20.3300170898 19.8233337402 19.4100036621 18.3999938965 18.4866943359 17.9566955566 17.5133056641 17.9966735840 18.3833312988 18.3899841309 18.9832763672 18.7933349609 19.1866760254 18.2666625977 17.8466796875 18.2199707031 18.6033020020 18.8833618164 19.0766906738 18.5500183105 18.7133178711 19.5766601562 20.1366882324 20.0833435059 20.2233581543
22.8533630371 23.1133117676 23.6867370605 23.7533264160 24.0233154297 23.8866882324 24.0166625977 23.6766357422 23.4466552734 23.1266784668 22.8233642578 22.2166748047 21.4166564941 20.8132629395 20.6266479492 20.8633117676 21.0700073242 21.0999755859 21.3133544922 21.5500183105 21.3499755859 21.0232849121 20.9166564941 20.6233520508 19.5233459473 19.1033325195 18.7699584961 19.0633239746 18.5533447266 18.4066467285 19.3799743652 19.6900024414 19.7933654785 19.6900024414 19.8800048828 19.8666381836 19.5367126465 19.2066345215 18.5866699219 18.1566772461 19.3566589355 19.6533203125 18.7233581543 18.6833496094 20.1566467285 20.8133239746 21.3766479492 21.6366577148
