model_inputs/inputs/tas9.asc
ncols 720
nrows 360
xllcorner -180
yllcorner -90
cellsize 0.500000
NODATA_value 9999.000000
[rows 84 to 104 of 360, columns 336 to 383 of 720]
9999.0000000000 9999.0000000000 9999.0000000000 9999.0000000000 9999.0000000000 9999.0000000000 9999.0000000000 9999.0000000000 9999.0000000000 9999.0000000000 9999.0000000000 9999.0000000000 9999.0000000000 9999.0000000000 9999.0000000000 16.0633239746 16.1366271973 16.1166381836 16.2066650391 16.2133483887 16.3133544922 16.3400268555 16.4633483887 16.4800109863 16.2866821289 16.3000488281 16.3033142090 16.4032897949 16.5000610352 16.4200134277 16.2633666992 16.1166687012 15.3599853516 15.1866760254 15.0300292969 15.5833435059 15.4633483887 14.0600585938 15.1733398438 14.0599670410 13.8233642578 14.4466552734 15.1099853516 14.5499877930 13.3833618164 13.0966796875 13.4600219727 12.7100219727
9999.0000000000 9999.0000000000 9999.0000000000 9999.0000000000 9999.0000000000 9999.0000000000 9999.0000000000 9999.0000000000 9999.0000000000 9999.0000000000 9999.0000000000 9999.0000000000 9999.0000000000 9999.0000000000 9999.0000000000 9999.0000000000 9999.0000000000 16.5166931152 9999.0000000000 16.7866821289 16.7799987793 16.7900085449 16.6966552734 16.6999816895 16.5933532715 16.7066650391 16.5266418457 16.6200256348 16.5133361816 16.2766418457 15.9200439453 15.6599731445 14.8133544922 15.5599975586 16.1033325195 15.9299926758 14.6300048828 13.6399841309 14.4266967773 14.8966674805 14.1700134277 13.9167175293 13.0966491699 11.3300170898 7.8399963379 6.8233642578 8.8033447266 10.2299804688
9999.0000000000 9999.0000000000 9999.0000000000 9999.0000000000 9999.0000000000 9999.0000000000 9999.0000000000 9999.0000000000 9999.0000000000 9999.0000000000 9999.0000000000 9999.0000000000 9999.0000000000 9999.0000000000 9999.0000000000 9999.0000000000 9999.0000000000 9999.0000000000 9999.0000000000 16.9899902344 17.2966613770 17.1300048828 16.6333007812 16.5400085449 16.3399963379 16.6567077637 16.5533447266 16.3633422852 16.3866577148 16.2232971191 16.3300170898 16.0866088867 15.4567260742 16.2233276367 16.5499877930 15.0133361816 12.5000000000 13.9999694824 12.3633422852 11.5166320801 8.3766784668 7.1599731445 6.9333496094 7.2166748047 3.4499816895 4.1266479492 8.2533264160 6.5933532715
9999.0000000000 9999.0000000000 9999.0000000000 9999.0000000000 9999.0000000000 9999.0000000000 9999.0000000000 9999.0000000000 9999.0000000000 9999.0000000000 9999.0000000000 9999.0000000000 9999.0000000000 9999.0000000000 9999.0000000000 9999.0000000000 9999.0000000000 9999.0000000000 9999.0000000000 9999.0000000000 17.4633178711 17.9432983398 17.5599365234 17.0866699219 16.6066589355 16.5066833496 16.1966552734 15.6333618164 15.4933471680 15.5400085449 15.8800048828 15.7233581543 15.7166748047 16.1833190918 16.5133361816 14.0566711426 15.0600280762 12.8133239746 7.1700134277 5.7266845703 8.1933288574 10.2633361816 8.8933715820 5.7766418457 5.7299804688 5.1267395020 10.8466796875 7.2867126465
9999.0000000000 9999.0000000000 9999.0000000000 9999.0000000000 9999.0000000000 9999.0000000000 9999.0000000000 9999.0000000000 9999.0000000000 9999.0000000000 9999.0000000000 9999.0000000000 9999.0000000000 18.0787048340 9999.0000000000 9999.0000000000 9999.0000000000 9999.0000000000 9999.0000000000 9999.0000000000 9999.0000000000 18.1000366211 18.0866699219 17.7133483887 17.3366699219 16.6533813477 16.2733154297 15.5333557129 14.3833923340 13.1433410645 15.7700195312 14.3267211914 15.8733520508 16.5100097656 17.1533508301 15.8066406250 13.6300048828 8.7066345215 7.2666320801 9.3266601562 15.4833374023 17.2433166504 17.3533325195 15.8133239746 13.5700073242 13.0299682617 13.6500244141 15.9033203125
9999.0000000000 9999.0000000000 9999.0000000000 9999.0000000000 9999.0000000000 9999.0000000000 9999.0000000000 9999.0000000000 9999.0000000000 9999.0000000000 9999.0000000000 9999.0000000000 9999.0000000000 9999.0000000000 9999.0000000000 9999.0000000000 9999.0000000000 9999.0000000000 9999.0000000000 9999.0000000000 9999.0000000000 18.4566345215 18.4100036621 18.2366943359 17.8533630371 17.4733581543 16.9833068848 16.5633850098 15.0933227539 13.1433105469 14.4732971191 14.6166687012 14.8699951172 16.8100280762 16.8300170898 15.8966979980 10.5066528320 8.5933837891 10.9499816895 18.0133666992 18.6733703613 18.7799987793 19.1333312988 19.0933227539 19.2400207520 19.0033264160 18.7699584961 18.8366699219
9999.0000000000 9999.0000000000 9999.0000000000 9999.0000000000 9999.0000000000 9999.0000000000 9999.0000000000 9999.0000000000 9999.0000000000 9999.0000000000 9999.0000000000 9999.0000000000 9999.0000000000 9999.0000000000 9999.0000000000 9999.0000000000 9999.0000000000 9999.0000000000 9999.0000000000 9999.0000000000 9999.0000000000 18.8300170898 18.7066650391 18.6400146484 18.3666381836 18.0766906738 17.8066711426 17.2300109863 15.9466552734 14.9732971191 13.6866760254 13.1099853516 14.3699951172 17.5032958984 14.4999389648 12.1600036621 10.3699951172 9.3699340820 14.0433959961 19.3067016602 18.3933105469 17.9200134277 15.0333251953 16.8399963379 17.9966430664 19.3600158691 19.9233093262 19.9333190918
9999.0000000000 9999.0000000000 9999.0000000000 9999.0000000000 9999.0000000000 9999.0000000000 9999.0000000000 9999.0000000000 9999.0000000000 9999.0000000000 9999.0000000000 9999.0000000000 9999.0000000000 9999.0000000000 9999.0000000000 9999.0000000000 9999.0000000000 9999.0000000000 9999.0000000000 9999.0000000000 9999.0000000000 18.8699951172 18.9899902344 19.0866394043 18.8600158691 18.6866760254 18.5967102051 18.1233215332 16.9966735840 16.0200195312 15.7266540527 13.8233032227 18.2633361816 19.1866455078 16.0566101074 15.3166809082 12.9366455078 11.3399963379 13.3233642578 15.4967041016 18.1166381836 18.5366821289 17.8433532715 17.7466125488 14.0332946777 14.7933044434 16.5066223145 18.5799560547
9999.0000000000 9999.0000000000 9999.0000000000 9999.0000000000 9999.0000000000 9999.0000000000 9999.0000000000 18.0366821289 17.5033264160 17.8899841309 18.1533508301 17.8266296387 18.4933471680 18.6433715820 9999.0000000000 9999.0000000000 18.5799865723 9999.0000000000 9999.0000000000 9999.0000000000 9999.0000000000 19.0700073242 19.3799438477 19.4733276367 19.2466430664 19.0367126465 18.8100280762 18.8365783691 18.4633178711 16.8866271973 17.6766357422 18.8699951172 20.1666870117 20.2533569336 19.2267150879 17.8599853516 16.8833007812 17.1099548340 18.6133422852 19.4066467285 20.1300048828 9999.0000000000 9999.0000000000 20.3566284180 19.6699829102 18.9499816895 18.4133300781 15.1600036621
9999.0000000000 9999.0000000000 9999.0000000000 9999.0000000000 9999.0000000000 18.3433532715 18.1533508301 17.8399658203 16.0100097656 16.0800170898 15.8566589355 15.3300170898 15.8999938965 15.6599731445 14.9166870117 16.4999694824 16.7999572754 17.2832946777 17.6600036621 18.3999938965 17.6333312988 17.4533386230 18.1732788086 18.0533752441 18.9366760254 18.7200012207 18.9066467285 18.8599853516 18.1999816895 18.9700317383 20.1466674805 20.0433654785 20.2266845703 20.2166442871 19.8032836914 19.9399719238 20.1566467285 20.1832885742 9999.0000000000 9999.0000000000 9999.0000000000 9999.0000000000 9999.0000000000 20.6633300781 21.0799560547 19.2500305176 19.2099609375 18.0866699219
9999.0000000000 9999.0000000000 9999.0000000000 9999.0000000000 9999.0000000000 18.7066955566 18.2032775879 17.2566833496 16.5233154297 16.3766479492 15.3600158691 14.3267211914 15.6000366211 15.8599853516 15.1266784668 15.9033203125 15.5667114258 16.0500183105 16.5600280762 16.1966552734 17.7200012207 17.1366271973 14.8633117676 12.9499816895 11.6299743652 13.4233398438 14.3866271973 13.9333496094 16.4966430664 19.6466674805 20.5366821289 9999.0000000000 9999.0000000000 9999.0000000000 9999.0000000000 9999.0000000000 9999.0000000000 9999.0000000000 9999.0000000000 9999.0000000000 9999.0000000000 19.9533081055 19.6766662598 21.4767150879 21.1533508301 21.3333740234 20.5133056641 19.2866821289
9999.0000000000 9999.0000000000 9999.0000000000 9999.0000000000 9999.0000000000 9999.0000000000 18.8300170898 17.5766296387 17.2699890137 15.5299987793 14.2766723633 16.1033020020 18.5899963379 18.4666442871 17.5266113281 18.0466308594 17.0033264160 15.5266418457 15.2700195312 16.9900207520 20.1100158691 19.8299865723 18.2599792480 17.4500122070 18.6300354004 16.6133422852 15.5699768066 14.9233703613 14.3833312988 19.1533508301 20.4233093262 9999.0000000000 9999.0000000000 9999.0000000000 9999.0000000000 9999.0000000000 9999.0000000000 9999.0000000000 9999.0000000000 9999.0000000000 9999.0000000000 18.1666564941 16.1699829102 21.5533142090 21.3333435059 21.4099731445 21.4933776855 21.2799987793
9999.0000000000 9999.0000000000 9999.0000000000 9999.0000000000 9999.0000000000 9999.0000000000 18.9700012207 16.5966491699 16.2999572754 17.4700622559 17.8366394043 18.5632934570 18.4000244141 18.2266235352 18.1400146484 17.6700134277 17.5067138672 17.3400268555 17.0633239746 16.8866577148 17.6966857910 20.3166503906 20.5466918945 21.2466430664 21.3299865723 20.7066650391 19.2633056641 18.8200378418 19.0866699219 20.4766845703 20.9166870117 9999.0000000000 9999.0000000000 9999.0000000000 9999.0000000000 9999.0000000000 9999.0000000000 9999.0000000000 9999.0000000000 9999.0000000000 9999.0000000000 19.6733093262 18.9766845703 9999.0000000000 9999.0000000000 9999.0000000000 9999.0000000000 9999.0000000000
9999.0000000000 9999.0000000000 9999.0000000000 9999.0000000000 9999.0000000000 9999.0000000000 19.7066650391 18.3966674805 17.2467041016 17.7033691406 18.8499755859 18.6833801270 18.2033691406 18.4133300781 18.5400085449 18.5700378418 17.0966796875 16.1232910156 17.3433837891 16.7766418457 16.8866882324 17.7166748047 19.4400024414 21.2466430664 21.5133666992 21.0833129883 20.9367065430 21.0199890137 21.6000061035 9999.0000000000 9999.0000000000 9999.0000000000 9999.0000000000 9999.0000000000 9999.0000000000 9999.0000000000 9999.0000000000 9999.0000000000 9999.0000000000 9999.0000000000 21.5100097656 21.4833679199 21.3000183105 21.9599609375 9999.0000000000 9999.0000000000 9999.0000000000 9999.0000000000
9999.0000000000 9999.0000000000 9999.0000000000 9999.0000000000 9999.0000000000 9999.0000000000 20.3166809082 19.4233703613 18.8766784668 19.1266784668 18.7833557129 18.7999572754 18.2099914551 17.5333251953 17.4500122070 17.1633300781 17.6867065430 19.3199768066 18.2400512695 16.8666381836 15.9866943359 16.5200195312 16.6533203125 18.0433959961 20.8266601562 22.5866394043 9999.0000000000 9999.0000000000 9999.0000000000 9999.0000000000 9999.0000000000 9999.0000000000 9999.0000000000 9999.0000000000 9999.0000000000 9999.0000000000 9999.0000000000 9999.0000000000 9999.0000000000 9999.0000000000 21.5833435059 20.8933105469 19.0400085449 21.6933898926 9999.0000000000 9999.0000000000 9999.0000000000 9999.0000000000
9999.0000000000 9999.0000000000 9999.0000000000 9999.0000000000 9999.0000000000 9999.0000000000 20.7300109863 20.2433776855 18.5533752441 19.4400024414 19.7833251953 19.7100524902 17.5166931152 17.6499938965 18.2566528320 20.9700012207 21.2699890137 20.6066284180 19.2366638184 18.1699829102 15.9933166504 16.6233520508 16.0533752441 18.5499877930 22.4200439453 9999.0000000000 9999.0000000000 9999.0000000000 9999.0000000000 9999.0000000000 9999.0000000000 22.4233398438 22.3099975586 9999.0000000000 9999.0000000000 9999.0000000000 9999.0000000000 9999.0000000000 9999.0000000000 9999.0000000000 21.6033020020 20.6033325195 19.0899963379 22.0399169922 9999.0000000000 9999.0000000000 9999.0000000000 9999.0000000000
9999.0000000000 9999.0000000000 9999.0000000000 9999.0000000000 9999.0000000000 21.3466796875 20.5500183105 20.2866821289 20.5333557129 21.4333496094 22.0766296387 22.3033447266 22.0199890137 21.8400268555 20.8566589355 21.1766357422 20.8666992188 20.9800109863 20.1033325195 19.6366577148 18.9667053223 18.7900085449 20.4333496094 22.6333312988 9999.0000000000 9999.0000000000 9999.0000000000 9999.0000000000 22.7499694824 21.5467224121 22.6100158691 22.8333129883 22.7033081055 9999.0000000000 9999.0000000000 9999.0000000000 9999.0000000000 9999.0000000000 9999.0000000000 9999.0000000000 22.6500549316 21.5066223145 20.8033142090 21.9799804688 9999.0000000000 9999.0000000000 9999.0000000000 9999.0000000000
9999.0000000000 9999.0000000000 9999.0000000000 9999.0000000000 9999.0000000000 20.8866271973 21.1999511719 21.6933593750 21.9132995605 21.5032958984 22.5765991211 22.5033569336 22.3233337402 22.0466918945 21.4633178711 20.5432739258 20.9333496094 21.3533325195 20.8833618164 20.5133361816 20.3366699219 20.0666809082 21.7966308594 23.6099853516 9999.0000000000 9999.0000000000 23.4233398438 23.3933410645 9999.0000000000 23.3666992188 23.3433227539 9999.0000000000 9999.0000000000 9999.0000000000 9999.0000000000 9999.0000000000 9999.0000000000 9999.0000000000 9999.0000000000 9999.0000000000 22.6799926758 21.6600036621 22.2133483887 23.0299682617 9999.0000000000 9999.0000000000 9999.0000000000 9999.0000000000
9999.0000000000 9999.0000000000 9999.0000000000 9999.0000000000 9999.0000000000 21.5233154297 21.9299926758 21.8166809082 21.9933166504 22.4733276367 22.8633117676 23.0166931152 22.5299987793 22.4433593750 21.7666625977 21.3033447266 21.2166442871 21.0299682617 20.4566650391 19.5866699219 20.4066467285 20.0466003418 21.0699462891 22.0800170898 23.4833068848 9999.0000000000 23.7300415039 9999.0000000000 9999.0000000000 9999.0000000000 9999.0000000000 9999.0000000000 9999.0000000000 9999.0000000000 9999.0000000000 9999.0000000000 9999.0000000000 9999.0000000000 9999.0000000000 9999.0000000000 23.2100524902 23.0500183105 23.6032714844 9999.0000000000 9999.0000000000 9999.0000000000 9999.0000000000 9999.0000000000
9999.0000000000 9999.0000000000 9999.0000000000 9999.0000000000 9999.0000000000 21.8833007812 21.8733520508 21.9400024414 22.1666564941 22.5532836914 21.8399963379 21.9266662598 22.5366516113 22.1699829102 22.1133117676 22.0899658203 22.1966857910 22.0233459473 20.3333435059 19.6733398438 21.5899353027 21.9133605957 23.3433532715 23.4333496094 9999.0000000000 9999.0000000000 9999.0000000000 9999.0000000000 9999.0000000000 9999.0000000000 9999.0000000000 9999.0000000000 9999.0000000000 9999.0000000000 9999.0000000000 9999.0000000000 9999.0000000000 9999.0000000000 9999.0000000000 9999.0000000000 9999.0000000000 9999.0000000000 9999.0000000000 9999.0000000000 9999.0000000000 9999.0000000000 9999.0000000000 9999.0000000000
9999.0000000000 9999.0000000000 9999.0000000000 9999.0000000000 9999.0000000000 9999.0000000000 21.5332946777 21.5233154297 22.0900268555 22.2566528320 22.5366210938 22.8200073242 23.6466674805 23.6400451660 23.3633117676 23.1766357422 22.2800292969 21.6966857910 20.2099609375 19.6367187500 21.3666687012 22.2799682617 23.2033081055 9999.0000000000 9999.0000000000 9999.0000000000 9999.0000000000 9999.0000000000 9999.0000000000 9999.0000000000 9999.0000000000 9999.0000000000 9999.0000000000 9999.0000000000 9999.0000000000 9999.0000000000 9999.0000000000 9999.0000000000 9999.0000000000 9999.0000000000 9999.0000000000 24.5066528320 9999.0000000000 9999.0000000000 9999.0000000000 9999.0000000000 9999.0000000000 9999.0000000000
