model_inputs/inputs/tas9.asc
ncols 720
nrows 360
xllcorner -180
yllcorner -90
cellsize 0.500000
NODATA_value 9999.000000
[rows 21 to 41 of 360, columns 528 to 575 of 720]
9999.0000000000 9999.0000000000 9999.0000000000 9999.0000000000 9999.0000000000 9999.0000000000 9999.0000000000 9999.0000000000 9999.0000000000 9999.0000000000 9999.0000000000 9999.0000000000 9999.0000000000 9999.0000000000 -2.1300048828 9999.0000000000 9999.0000000000 9999.0000000000 -2.1600036621 -2.1633605957 -2.5700073242 -2.6766357422 -3.6866760254 -3.8900146484 -3.4067077637 -2.8066711426 -2.4333190918 -3.1366882324 -3.7466430664 -4.3667297363 -4.0700073242 -2.9733886719 9999.0000000000 9999.0000000000 -2.8033447266 -2.5133361816 -2.5166320801 -2.3300170898 -3.2366638184 -3.1400146484 9999.0000000000 9999.0000000000 9999.0000000000 9999.0000000000 9999.0000000000 9999.0000000000 9999.0000000000 9999.0000000000
9999.0000000000 9999.0000000000 9999.0000000000 9999.0000000000 9999.0000000000 9999.0000000000 9999.0000000000 9999.0000000000 9999.0000000000 9999.0000000000 9999.0000000000 9999.0000000000 9999.0000000000 9999.0000000000 9999.0000000000 9999.0000000000 9999.0000000000 9999.0000000000 9999.0000000000 9999.0000000000 9999.0000000000 9999.0000000000 9999.0000000000 -4.3833618164 -3.6000061035 -3.1200256348 -2.2266540527 -1.6366577148 -2.3500061035 -2.7599792480 -2.7633056641 -3.4767150879 -2.7766723633 -2.3933410645 -3.2999877930 -3.8066406250 -4.1166687012 -4.0200195312 -4.0199890137 -3.1533203125 -3.9533691406 -3.2633056641 -3.7699584961 9999.0000000000 9999.0000000000 9999.0000000000 9999.0000000000 9999.0000000000
9999.0000000000 9999.0000000000 9999.0000000000 9999.0000000000 9999.0000000000 9999.0000000000 9999.0000000000 9999.0000000000 9999.0000000000 9999.0000000000 9999.0000000000 9999.0000000000 9999.0000000000 9999.0000000000 9999.0000000000 9999.0000000000 9999.0000000000 9999.0000000000 9999.0000000000 9999.0000000000 9999.0000000000 9999.0000000000 9999.0000000000 9999.0000000000 9999.0000000000 9999.0000000000 9999.0000000000 9999.0000000000 9999.0000000000 9999.0000000000 9999.0000000000 -1.4700317383 -1.6833496094 -1.8900146484 -2.1966247559 -2.2099914551 -2.5133056641 -2.7133178711 -2.4333496094 -2.3433532715 -2.1433410645 -3.9533081055 -3.3666992188 9999.0000000000 -2.4966125488 -2.3999938965 -2.4100036621 -2.4299926758
9999.0000000000 9999.0000000000 9999.0000000000 9999.0000000000 9999.0000000000 9999.0000000000 9999.0000000000 9999.0000000000 9999.0000000000 9999.0000000000 9999.0000000000 9999.0000000000 9999.0000000000 9999.0000000000 9999.0000000000 9999.0000000000 9999.0000000000 9999.0000000000 9999.0000000000 9999.0000000000 9999.0000000000 9999.0000000000 9999.0000000000 9999.0000000000 9999.0000000000 9999.0000000000 9999.0000000000 9999.0000000000 9999.0000000000 9999.0000000000 -2.3843994141 -1.7699890137 -1.8866882324 9999.0000000000 9999.0000000000 9999.0000000000 9999.0000000000 9999.0000000000 -2.5299987793 -2.5433349609 -1.4466857910 -2.7633666992 9999.0000000000 9999.0000000000 9999.0000000000 9999.0000000000 9999.0000000000 9999.0000000000
9999.0000000000 9999.0000000000 9999.0000000000 9999.0000000000 9999.0000000000 9999.0000000000 9999.0000000000 9999.0000000000 9999.0000000000 9999.0000000000 -0.8899841309 -0.8867187500 9999.0000000000 9999.0000000000 9999.0000000000 9999.0000000000 9999.0000000000 9999.0000000000 9999.0000000000 9999.0000000000 9999.0000000000 9999.0000000000 9999.0000000000 -0.9833374023 -1.1000061035 9999.0000000000 9999.0000000000 9999.0000000000 9999.0000000000 9999.0000000000 9999.0000000000 9999.0000000000 9999.0000000000 9999.0000000000 -1.5966186523 -1.0000000000 -1.1166687012 -1.3266906738 -1.5333557129 -1.5466613770 -1.5566406250 -1.4633483887 -1.3733520508 -1.3000183105 9999.0000000000 9999.0000000000 9999.0000000000 9999.0000000000
9999.0000000000 9999.0000000000 9999.0000000000 9999.0000000000 9999.0000000000 9999.0000000000 9999.0000000000 9999.0000000000 9999.0000000000 9999.0000000000 9999.0000000000 9999.0000000000 9999.0000000000 9999.0000000000 9999.0000000000 9999.0000000000 9999.0000000000 9999.0000000000 9999.0000000000 9999.0000000000 9999.0000000000 -0.6699829102 -0.6800231934 -0.6900329590 -0.6999816895 9999.0000000000 -0.8266906738 9999.0000000000 9999.0000000000 9999.0000000000 9999.0000000000 9999.0000000000 9999.0000000000 -1.1066589355 -0.7166748047 -0.8199768066 -0.9366455078 -1.2366943359 -1.5333557129 -1.5567016602 -1.2600097656 -1.4632873535 -1.5966796875 -1.8966369629 -1.7133483887 -1.4233093262 -1.2300109863 -2.2366943359
9999.0000000000 9999.0000000000 9999.0000000000 9999.0000000000 9999.0000000000 9999.0000000000 9999.0000000000 9999.0000000000 9999.0000000000 9999.0000000000 9999.0000000000 9999.0000000000 9999.0000000000 9999.0000000000 9999.0000000000 9999.0000000000 9999.0000000000 9999.0000000000 -0.3333435059 -0.4467163086 -0.4566650391 -0.5633239746 -0.4733276367 -0.4900207520 0.0033264160 -0.5100097656 -0.5166320801 -0.5299682617 -0.6499938965 -0.4500732422 -0.2666625977 -0.2766418457 -0.3900146484 -0.3966674805 -0.5100097656 -0.5200500488 -0.6233215332 -0.9466857910 -1.0599670410 -1.2699584961 -1.2833557129 -1.7766418457 -2.3933410645 -2.3100280762 -1.9166564941 -1.6200256348 -2.1400146484 -2.4499816895
9999.0000000000 9999.0000000000 9999.0000000000 9999.0000000000 9999.0000000000 9999.0000000000 9999.0000000000 9999.0000000000 9999.0000000000 9999.0000000000 9999.0000000000 9999.0000000000 -0.0866394043 -0.0999755859 -0.7033386230 0.1799621582 0.1799621582 0.0733642578 -0.1433105469 -0.5466918945 -0.5567016602 -0.7766418457 -0.8766784668 -0.3933410645 -0.2100219727 -0.2133178711 -0.5300292969 -0.7467041016 -0.5533447266 -0.5633850098 -0.4666748047 -0.2866516113 -0.2900085449 -0.5066833496 -0.5199890137 -0.4266662598 -0.6466674805 -1.1500549316 -1.4632873535 -1.4766845703 -1.2000122070 -1.8066711426 -2.3099670410 -2.6100158691 -2.9200439453 -2.9433593750 -2.7366943359 -3.8600158691
9999.0000000000 9999.0000000000 9999.0000000000 9999.0000000000 9999.0000000000 9999.0000000000 0.3599853516 0.4500122070 0.2399597168 0.7300109863 0.4366760254 0.3199768066 0.1099853516 0.1066589355 -0.1133117676 -0.4166259766 -0.4266967773 -0.6299743652 -0.7466735840 -0.6599731445 -0.5667114258 -0.5767211914 -0.4933471680 -0.4000244141 -0.3066406250 -0.0233764648 -0.0300292969 -0.1499633789 -0.0733337402 -0.2767028809 -0.1899719238 -0.3033142090 -0.0099792480 -0.2233276367 -0.5332946777 -0.7433166504 -0.8500061035 -1.0533142090 -1.3766784668 -1.1866760254 -0.5933227539 -1.0000000000 -1.2133483887 -1.3233337402 -1.4333190918 -1.6433715820 -1.6499938965 -2.0633544922
9999.0000000000 9999.0000000000 0.6766662598 0.6766662598 1.1633300781 1.0733032227 0.8533325195 0.8466796875 0.6433715820 0.6300048828 0.3266296387 0.3199768066 0.3999938965 0.2966918945 -0.0100402832 -0.0267028809 -0.0266723633 -0.2433471680 -0.3533325195 -0.2600097656 -0.2666625977 -0.2866821289 -0.2967224121 -0.2033386230 -0.3200073242 -0.5433044434 -0.6466979980 -0.5633544922 -0.5766906738 -0.5833435059 -0.4067077637 -0.5166320801 -0.0233459473 0.1566772461 -0.4500122070 -0.6466369629 -0.7600097656 -0.6766662598 -0.9866333008 -0.3900146484 0.0966796875 -0.0066833496 -0.3166503906 -0.6333312988 -0.5433654785 -0.4466552734 -0.7533264160 -1.0633239746
9999.0000000000 1.0866699219 0.8766784668 1.0699768066 0.9500427246 1.3466186523 1.2399902344 1.1433410645 1.0300292969 0.9299926758 0.8200073242 0.5100402832 0.5032958984 0.4899902344 0.1833496094 0.2666625977 0.1499938965 0.0533447266 -0.0599975586 -0.0766601562 -0.1900024414 -0.5000000000 -0.5032958984 -0.5099792480 -0.6300048828 -0.8499755859 -0.5599975586 -0.1766967773 -0.0899963379 -0.1033325195 -0.0099792480 0.1799621582 0.4633178711 0.5566406250 0.5499877930 0.6400146484 0.4200134277 0.3099670410 0.2066345215 0.3066406250 0.1900329590 0.0833129883 -0.3333129883 -0.5433654785 -0.1466064453 -0.0667114258 -0.1666564941 -0.1700134277
1.6833496094 1.6799926758 1.6700134277 1.6633605957 1.5566711426 1.5466613770 1.6399841309 1.4366149902 1.1200256348 0.9233398438 0.9133300781 0.7100219727 0.8966674805 0.8933105469 0.9766845703 0.8566894531 0.9566650391 0.5566711426 0.3366699219 0.2133789062 0.3066711426 0.0899658203 0.1866455078 0.4666748047 0.5533752441 0.8400268555 0.9333190918 0.9233398438 0.9166564941 0.9133300781 0.7866516113 0.6733093262 0.8699951172 0.7466735840 0.9366760254 0.7199707031 0.5066528320 0.5033264160 0.4799804688 0.4800720215 0.4866638184 0.3733215332 0.4566650391 0.5533447266 0.4400024414 0.3299865723 0.4300231934 0.3233642578
1.2766723633 1.2733459473 1.4566345215 1.5599975586 1.6499633789 1.5433044434 1.6366271973 1.7266540527 1.7166442871 1.5099792480 1.5033264160 1.4899902344 1.6800231934 1.6733093262 1.4666442871 1.3566589355 1.4500122070 1.4333190918 1.4166564941 1.2999877930 1.2966918945 1.2933044434 1.2733459473 1.2633361816 1.3500061035 1.2366638184 1.1333312988 1.1133117676 1.2066650391 1.0867004395 1.0733642578 0.8633422852 1.0566406250 0.9433288574 0.9199829102 1.0166625977 0.8067016602 0.7933654785 0.8900451660 0.7733459473 0.8633117676 0.8599853516 0.8499755859 0.8300170898 0.9399719238 0.9266052246 0.9233093262 0.9100341797
1.8566894531 2.0466613770 1.9266662598 1.8333740234 1.9266662598 1.9200134277 1.8099975586 1.9166259766 1.9066772461 1.9967041016 1.9833374023 1.8800354004 1.9766235352 1.7733154297 1.9666442871 1.8433227539 1.7366638184 1.6333312988 1.6199951172 1.5066528320 1.5966796875 1.5699768066 1.7666931152 1.6566467285 1.5399475098 1.5299987793 1.4100036621 1.4933166504 1.3900146484 1.3799743652 1.2633361816 1.3599853516 1.4466552734 1.4333496094 1.4233093262 1.5100097656 1.4967041016 1.2899780273 1.2766723633 1.3633422852 1.2533264160 1.2533264160 1.2300415039 1.2266540527 1.1233215332 1.1166992188 1.0099792480 0.8999938965
2.3133544922 2.4066467285 2.3067016602 2.2933654785 2.1932983398 2.2866516113 2.0867004395 2.0833435059 2.0700378418 2.1666564941 2.3566589355 2.2466735840 2.2367248535 2.1366271973 2.1233520508 2.2200012207 2.2099914551 2.0933227539 2.0899963379 1.8800048828 1.8632812500 1.8533325195 1.8433227539 1.8266601562 1.8166503906 1.8099365234 1.9967041016 1.8899841309 1.8799743652 1.7766723633 1.6600341797 1.7433471680 1.7333068848 1.7166748047 1.7066955566 1.6033325195 1.6866455078 1.6766967773 1.6666870117 1.6600036621 1.3500366211 1.4433898926 1.2300415039 1.1233520508 1.0167236328 0.9033203125 0.5032958984 0.3899841309
2.6933593750 2.6766967773 2.5699768066 2.4700012207 2.5700073242 2.5600280762 2.4466857910 2.4566955566 2.6499938965 2.6266784668 2.6333618164 2.5266418457 2.4166564941 2.3066711426 2.2000122070 2.2866516113 2.3766784668 2.3700256348 2.1599731445 2.1433410645 2.1266479492 2.3333740234 2.3133544922 2.1033325195 2.2900085449 2.1866760254 2.1700134277 2.1600036621 2.1599731445 2.1466369629 2.1333312988 2.0233459473 1.9033508301 1.9067077637 1.9900207520 1.9800720215 1.9800109863 1.8732910156 1.5633544922 1.3566894531 0.8433532715 0.7333374023 0.7266845703 0.5099792480 0.6099853516 0.5966491699 0.5933227539 0.4833374023
2.8699951172 2.8600158691 2.8433532715 2.7433166504 2.6400146484 2.8266601562 2.7266540527 2.6233215332 2.9199523926 2.8133544922 2.8133239746 2.7000427246 2.4899902344 2.5733032227 2.5666503906 2.6566162109 2.7466430664 2.7366333008 2.6300048828 2.5100097656 2.5066528320 2.5999755859 2.5834045410 2.4733276367 2.4599914551 2.4500122070 2.4466857910 2.4299926758 2.4266357422 2.4132995605 2.3932800293 2.2933349609 2.1799926758 2.1699523926 2.1766357422 1.9766540527 1.5799865723 1.5766296387 1.3633422852 1.2600402832 1.1366271973 0.8366699219 0.6200561523 0.8033142090 0.6033020020 0.6866760254 0.5800170898 0.4733276367
2.9433288574 2.8367004395 3.0300292969 3.1166687012 3.1099548340 3.0033264160 2.9000244141 2.7933349609 2.8800048828 3.0832824707 2.9900207520 3.0766906738 2.8633728027 2.6533813477 2.5399780273 2.4299926758 2.4200439453 2.1033020020 2.0933227539 2.2900085449 2.2833557129 2.0666503906 2.4599914551 2.6533508301 2.4400024414 2.4233093262 2.6166687012 2.5999755859 2.4933166504 2.3866577148 2.1699829102 1.7533264160 1.5766906738 1.1799621582 0.9900207520 0.3999633789 0.7000122070 1.0899353027 1.1766662598 1.3566894531 1.2499694824 0.9333190918 0.8167114258 0.7100219727 0.4966430664 0.1766662598 0.1733703613 -0.1400146484
3.3166809082 3.4100036621 3.1966552734 3.3833312988 3.4833679199 3.2766723633 3.0699462891 3.0666503906 3.3533020020 3.2533874512 2.4466552734 2.4366455078 1.8367004395 1.3233032227 0.3066711426 0.5933227539 -0.0099792480 -0.4299926758 -0.0400085449 -0.2400207520 0.4433288574 0.6333312988 0.6333007812 0.9133300781 0.4033508301 0.5866699219 1.2767028809 1.2600402832 1.1499328613 1.0633544922 0.6699829102 0.6733093262 1.1799926758 1.1866760254 1.4899902344 0.9966735840 1.3066711426 1.3933715820 1.7833557129 1.7633666992 1.4533386230 1.3400268555 0.6366882324 0.3099670410 0.5933227539 0.2899780273 0.4766540527 0.0633239746
3.5866699219 3.4733581543 3.6699829102 3.6699829102 3.4533691406 3.3499755859 3.3399963379 3.6300048828 3.0333251953 1.9333190918 1.4233093262 1.8065795898 1.6000061035 0.8000183105 -0.1100158691 -1.1300048828 -2.5333251953 -2.1633300781 -1.4700012207 -1.3733215332 -0.6833190918 -0.8933105469 -1.2999572754 -1.1133728027 -0.7266540527 -0.3399658203 0.1500244141 -0.5433349609 -0.7333374023 0.0766601562 0.1700134277 0.3800048828 0.2866821289 0.5066528320 1.3033447266 1.5133056641 1.4100036621 1.8066406250 1.7966918945 1.2833557129 0.8633728027 0.6433410645 0.2333068848 -0.2866516113 -0.7933654785 -0.2199707031 -0.1233215332 -0.5333557129
3.8500061035 3.8300170898 3.8333129883 3.8366699219 3.8166503906 3.7233276367 3.4133605957 2.9000244141 2.4966735840 2.8966674805 3.5766906738 3.0699768066 0.8732910156 0.4599914551 -0.1566772461 -0.4599914551 -1.6667175293 -1.9833374023 -2.0033264160 -1.4100036621 -1.4099731445 -2.3332824707 -3.5332946777 -3.2466430664 -2.5533447266 -2.3466491699 -1.8299865723 -2.0433044434 -1.8233337402 -0.5199584961 0.5833435059 0.7900085449 1.0066833496 0.9066772461 1.2167358398 1.3199768066 1.8133544922 2.1066284180 2.2966613770 2.3866271973 1.6599731445 1.2500000000 0.9333190918 0.8333740234 0.3133544922 0.3000183105 0.6900024414 0.3700256348
