model_inputs/inputs/tas9.asc
ncols 720
nrows 360
xllcorner -180
yllcorner -90
cellsize 0.500000
NODATA_value 9999.000000
[rows 168 to 188 of 360, columns 240 to 287 of 720]
26.0933227539 26.8000183105 26.6966247559 26.8866577148 27.7866821289 27.5733337402 27.7733154297 27.8766479492 27.9732971191 27.9766235352 27.5866088867 27.6099853516 27.6133117676 9999.0000000000 9999.0000000000 9999.0000000000 9999.0000000000 9999.0000000000 9999.0000000000 9999.0000000000 9999.0000000000 9999.0000000000 9999.0000000000 9999.0000000000 9999.0000000000 9999.0000000000 9999.0000000000 9999.0000000000 9999.0000000000 9999.0000000000 9999.0000000000 9999.0000000000 9999.0000000000 9999.0000000000 9999.0000000000 9999.0000000000 9999.0000000000 9999.0000000000 9999.0000000000 9999.0000000000 9999.0000000000 9999.0000000000 9999.0000000000 9999.0000000000 9999.0000000000 9999.0000000000 9999.0000000000 9999.0000000000
23.9366149902 26.1366577148 26.8333435059 27.0266723633 27.7133483887 27.4099731445 27.4066467285 27.5032958984 27.7933959961 27.8933410645 27.3866882324 27.1832580566 26.7832946777 27.0966796875 27.4033508301 9999.0000000000 9999.0000000000 9999.0000000000 9999.0000000000 9999.0000000000 9999.0000000000 9999.0000000000 9999.0000000000 9999.0000000000 9999.0000000000 9999.0000000000 9999.0000000000 9999.0000000000 9999.0000000000 9999.0000000000 9999.0000000000 9999.0000000000 9999.0000000000 9999.0000000000 9999.0000000000 9999.0000000000 9999.0000000000 9999.0000000000 9999.0000000000 9999.0000000000 9999.0000000000 9999.0000000000 9999.0000000000 9999.0000000000 9999.0000000000 9999.0000000000 9999.0000000000 9999.0000000000
24.9733581543 25.7700195312 26.9599914551 26.8600158691 26.9600219727 26.8400573730 26.9466857910 27.0399780273 27.0333557129 27.2333068848 26.9300231934 26.7099914551 26.7033081055 26.6066589355 26.5899963379 26.5966796875 26.7966613770 9999.0000000000 9999.0000000000 9999.0000000000 9999.0000000000 9999.0000000000 9999.0000000000 9999.0000000000 9999.0000000000 9999.0000000000 9999.0000000000 9999.0000000000 9999.0000000000 9999.0000000000 9999.0000000000 9999.0000000000 9999.0000000000 9999.0000000000 9999.0000000000 9999.0000000000 9999.0000000000 9999.0000000000 9999.0000000000 9999.0000000000 9999.0000000000 9999.0000000000 9999.0000000000 9999.0000000000 9999.0000000000 9999.0000000000 9999.0000000000 9999.0000000000
25.9667053223 26.7599487305 26.8599853516 26.9500122070 26.8400268555 26.7366638184 26.2266540527 26.5200195312 26.8099670410 27.1066589355 26.4033508301 26.6033325195 26.6966552734 26.4899902344 26.1900024414 25.8200073242 26.5399780273 27.1367187500 9999.0000000000 9999.0000000000 9999.0000000000 9999.0000000000 9999.0000000000 9999.0000000000 9999.0000000000 9999.0000000000 9999.0000000000 9999.0000000000 9999.0000000000 9999.0000000000 9999.0000000000 9999.0000000000 9999.0000000000 9999.0000000000 9999.0000000000 9999.0000000000 9999.0000000000 9999.0000000000 9999.0000000000 9999.0000000000 9999.0000000000 9999.0000000000 9999.0000000000 9999.0000000000 9999.0000000000 9999.0000000000 9999.0000000000 9999.0000000000
27.6499633789 27.5399780273 27.2399902344 27.1299743652 26.7266540527 26.1199951172 25.0033264160 24.4033203125 26.3999938965 26.6933288574 26.8866577148 26.4833374023 26.4799804688 26.1966552734 26.1166687012 25.8466796875 25.9866943359 26.4766540527 9999.0000000000 9999.0000000000 9999.0000000000 9999.0000000000 9999.0000000000 9999.0000000000 9999.0000000000 9999.0000000000 9999.0000000000 9999.0000000000 9999.0000000000 9999.0000000000 9999.0000000000 9999.0000000000 9999.0000000000 9999.0000000000 9999.0000000000 9999.0000000000 9999.0000000000 9999.0000000000 9999.0000000000 9999.0000000000 9999.0000000000 9999.0000000000 9999.0000000000 9999.0000000000 9999.0000000000 9999.0000000000 9999.0000000000 9999.0000000000
26.9333190918 26.3266601562 26.9233703613 26.8200073242 26.6166381836 26.5999755859 25.6966552734 24.9900207520 26.7767028809 26.3799743652 26.2699890137 26.4532775879 26.5733032227 26.1966552734 26.0266723633 26.0533142090 26.0866088867 26.5099792480 9999.0000000000 9999.0000000000 9999.0000000000 9999.0000000000 9999.0000000000 9999.0000000000 9999.0000000000 9999.0000000000 9999.0000000000 9999.0000000000 9999.0000000000 9999.0000000000 9999.0000000000 9999.0000000000 9999.0000000000 9999.0000000000 9999.0000000000 9999.0000000000 9999.0000000000 9999.0000000000 9999.0000000000 9999.0000000000 9999.0000000000 9999.0000000000 9999.0000000000 9999.0000000000 9999.0000000000 9999.0000000000 9999.0000000000 9999.0000000000
27.0133361816 27.2033386230 26.9966430664 26.9966735840 26.8867187500 26.8766479492 26.7799987793 24.9700012207 25.9700012207 26.1499938965 25.2466735840 26.5532836914 26.6966857910 26.1133117676 26.3366699219 26.2699584961 26.2966613770 26.6433410645 27.1499938965 9999.0000000000 9999.0000000000 9999.0000000000 9999.0000000000 9999.0000000000 9999.0000000000 9999.0000000000 9999.0000000000 9999.0000000000 9999.0000000000 9999.0000000000 9999.0000000000 9999.0000000000 9999.0000000000 9999.0000000000 9999.0000000000 9999.0000000000 9999.0000000000 9999.0000000000 9999.0000000000 9999.0000000000 9999.0000000000 9999.0000000000 9999.0000000000 9999.0000000000 9999.0000000000 9999.0000000000 9999.0000000000 9999.0000000000
26.7999877930 26.8933715820 27.1799621582 27.0699768066 27.0667114258 26.9767150879 26.8565979004 25.9499816895 26.0500488281 26.3433227539 25.9500122070 26.3633117676 26.3033447266 26.3366699219 26.6733398438 26.1033325195 26.2266235352 26.8566589355 27.3733215332 27.4700012207 9999.0000000000 9999.0000000000 9999.0000000000 9999.0000000000 9999.0000000000 9999.0000000000 9999.0000000000 9999.0000000000 9999.0000000000 9999.0000000000 9999.0000000000 9999.0000000000 9999.0000000000 9999.0000000000 9999.0000000000 9999.0000000000 9999.0000000000 9999.0000000000 9999.0000000000 9999.0000000000 9999.0000000000 9999.0000000000 9999.0000000000 9999.0000000000 9999.0000000000 9999.0000000000 9999.0000000000 9999.0000000000
26.5800476074 26.5766601562 26.9733581543 26.5666503906 26.7599792480 26.6499938965 26.6399841309 26.3366699219 26.2366943359 26.3566589355 26.5633239746 26.7967224121 26.8333129883 26.0433044434 26.3933410645 26.7199401855 26.6266784668 26.8733520508 27.5967102051 27.6099853516 9999.0000000000 9999.0000000000 9999.0000000000 9999.0000000000 9999.0000000000 9999.0000000000 9999.0000000000 9999.0000000000 9999.0000000000 9999.0000000000 9999.0000000000 9999.0000000000 9999.0000000000 9999.0000000000 9999.0000000000 9999.0000000000 9999.0000000000 9999.0000000000 9999.0000000000 9999.0000000000 9999.0000000000 9999.0000000000 9999.0000000000 9999.0000000000 9999.0000000000 9999.0000000000 9999.0000000000 9999.0000000000
27.1566467285 25.6433105469 26.3466491699 26.3366088867 26.7266845703 26.8399353027 26.9299926758 26.7300109863 26.6300354004 26.4633178711 26.4899597168 26.6133422852 27.1433410645 27.0766601562 27.0966491699 27.1199951172 27.1632690430 27.2933654785 27.6166381836 27.5499877930 9999.0000000000 9999.0000000000 9999.0000000000 9999.0000000000 9999.0000000000 9999.0000000000 9999.0000000000 9999.0000000000 9999.0000000000 9999.0000000000 9999.0000000000 9999.0000000000 9999.0000000000 9999.0000000000 9999.0000000000 9999.0000000000 9999.0000000000 9999.0000000000 9999.0000000000 9999.0000000000 9999.0000000000 9999.0000000000 9999.0000000000 9999.0000000000 9999.0000000000 9999.0000000000 9999.0000000000 9999.0000000000
27.1433105469 26.9400024414 27.3366699219 27.2233581543 27.0233459473 27.0100402832 27.2099914551 27.2166442871 26.6466369629 26.5700073242 26.5032653809 26.5333557129 26.5599670410 26.9899902344 27.2133483887 27.3366699219 27.6900634766 27.5133361816 27.7300109863 27.9699401855 9999.0000000000 9999.0000000000 9999.0000000000 9999.0000000000 9999.0000000000 9999.0000000000 9999.0000000000 9999.0000000000 9999.0000000000 9999.0000000000 9999.0000000000 9999.0000000000 9999.0000000000 9999.0000000000 9999.0000000000 9999.0000000000 9999.0000000000 9999.0000000000 9999.0000000000 9999.0000000000 9999.0000000000 9999.0000000000 9999.0000000000 9999.0000000000 9999.0000000000 9999.0000000000 9999.0000000000 9999.0000000000
27.1200256348 27.2166442871 27.3199768066 27.4033508301 27.3099365234 27.3000488281 27.4033203125 27.3267211914 26.7666625977 26.6900024414 26.7199707031 26.6499938965 26.7766723633 27.1166687012 27.3266906738 27.4599609375 27.7833251953 27.9166259766 28.0500183105 28.0766906738 27.5033569336 9999.0000000000 9999.0000000000 9999.0000000000 9999.0000000000 9999.0000000000 9999.0000000000 9999.0000000000 9999.0000000000 9999.0000000000 9999.0000000000 9999.0000000000 9999.0000000000 9999.0000000000 9999.0000000000 9999.0000000000 9999.0000000000 9999.0000000000 9999.0000000000 9999.0000000000 9999.0000000000 9999.0000000000 9999.0000000000 9999.0000000000 9999.0000000000 9999.0000000000 9999.0000000000 9999.0000000000
27.0067443848 27.1099853516 27.5933227539 27.5899658203 27.4933471680 27.5933532715 27.6266784668 27.4566345215 27.2733459473 27.3133239746 27.1499938965 27.0700378418 27.2933349609 27.3267211914 27.5366516113 27.4833068848 27.8099670410 28.1333618164 28.1700134277 28.0900268555 28.1266174316 28.1533203125 28.0533447266 27.6566467285 9999.0000000000 9999.0000000000 9999.0000000000 9999.0000000000 9999.0000000000 9999.0000000000 9999.0000000000 9999.0000000000 9999.0000000000 9999.0000000000 9999.0000000000 9999.0000000000 9999.0000000000 9999.0000000000 9999.0000000000 9999.0000000000 9999.0000000000 9999.0000000000 9999.0000000000 9999.0000000000 9999.0000000000 9999.0000000000 9999.0000000000 9999.0000000000
27.1832885742 27.5932922363 27.6799926758 27.7832946777 27.7866516113 27.8200378418 27.7366943359 27.7600097656 27.4967041016 27.4166564941 27.3599853516 27.3833618164 27.4133605957 27.4366760254 27.4733276367 27.5932922363 27.9299926758 28.0599670410 28.0866699219 28.0133361816 28.0533142090 28.0766296387 28.0867004395 27.6866455078 27.7900085449 27.5700073242 27.8599548340 9999.0000000000 9999.0000000000 9999.0000000000 9999.0000000000 9999.0000000000 9999.0000000000 9999.0000000000 9999.0000000000 9999.0000000000 9999.0000000000 9999.0000000000 9999.0000000000 9999.0000000000 9999.0000000000 9999.0000000000 9999.0000000000 9999.0000000000 9999.0000000000 9999.0000000000 9999.0000000000 9999.0000000000
27.3700256348 27.5733337402 27.6734008789 27.8766174316 28.0033264160 28.0400390625 28.0599975586 27.9899902344 27.7200012207 27.6433410645 27.2833251953 27.5066833496 27.6266784668 27.6600341797 27.6899719238 28.0166625977 28.0500183105 27.9732971191 27.8899841309 27.8300170898 27.9666442871 27.9932861328 28.0333251953 27.7433166504 27.5066223145 27.2933654785 27.4700012207 27.6533203125 27.8300476074 27.9033203125 9999.0000000000 9999.0000000000 9999.0000000000 9999.0000000000 9999.0000000000 9999.0000000000 9999.0000000000 9999.0000000000 9999.0000000000 9999.0000000000 9999.0000000000 9999.0000000000 9999.0000000000 9999.0000000000 9999.0000000000 9999.0000000000 9999.0000000000 9999.0000000000
27.4599609375 27.5667419434 27.7666931152 27.8899841309 28.0200500488 28.1566772461 28.1766662598 28.1000061035 27.9399719238 27.7767028809 27.7900390625 27.8266906738 28.1566467285 27.9799804688 28.2099914551 28.1300048828 28.0599975586 27.8866577148 27.7167053223 27.7500305176 27.8733520508 27.9066772461 27.8366699219 27.6366271973 27.4766540527 27.4966735840 27.4733276367 27.5666503906 27.8432922363 28.0333557129 28.0033264160 9999.0000000000 9999.0000000000 9999.0000000000 9999.0000000000 9999.0000000000 9999.0000000000 9999.0000000000 9999.0000000000 9999.0000000000 9999.0000000000 9999.0000000000 9999.0000000000 9999.0000000000 9999.0000000000 9999.0000000000 9999.0000000000 9999.0000000000
27.7466430664 27.6499938965 27.6800231934 28.0033264160 28.2366638184 28.3633422852 28.5866699219 28.3199768066 27.8467102051 27.5766906738 27.9033508301 27.9300231934 27.9633483887 27.8900146484 27.8200378418 27.8433227539 27.9566955566 27.9066467285 27.7233581543 27.6533203125 27.8733215332 27.9067077637 27.7366638184 27.7232971191 27.4666748047 27.4233703613 27.3699951172 27.5633239746 27.7900085449 27.9233093262 28.0299987793 28.1065979004 9999.0000000000 28.3566589355 9999.0000000000 9999.0000000000 9999.0000000000 9999.0000000000 9999.0000000000 9999.0000000000 9999.0000000000 9999.0000000000 9999.0000000000 9999.0000000000 9999.0000000000 9999.0000000000 9999.0000000000 9999.0000000000
28.0433044434 27.9700317383 27.7966308594 27.9233398438 28.1567077637 28.3732910156 28.7133178711 28.2433166504 27.8599853516 27.3833312988 27.3167114258 27.6400451660 27.7766723633 27.8000183105 27.7266845703 27.7500000000 27.9800109863 27.9133605957 27.8367004395 27.8666687012 27.8866882324 27.9166564941 27.8400573730 27.8166503906 27.5700683594 27.5266418457 27.5666809082 27.3200378418 27.7633361816 27.7333068848 27.8633422852 27.9832763672 28.1166381836 28.2333679199 28.2666931152 28.2433776855 28.7333068848 28.7266845703 28.2066345215 28.4000244141 28.3766479492 9999.0000000000 9999.0000000000 9999.0000000000 9999.0000000000 9999.0000000000 9999.0000000000 9999.0000000000
28.0499877930 27.8866577148 27.7133483887 27.8299560547 28.0533447266 28.1900329590 28.2132873535 28.1400146484 27.8633728027 27.5932922363 27.5166625977 27.5399780273 27.5700378418 27.5933227539 27.5200195312 27.6499938965 27.6766357422 27.7033386230 27.7333068848 27.8599548340 27.9900207520 27.9199829102 27.8399963379 27.8133239746 27.4566650391 27.3099975586 27.3666687012 27.3066406250 27.7633666992 28.0166625977 28.0632934570 28.0099792480 28.0133972168 28.1466369629 28.1733398438 28.1966857910 28.1266479492 27.4600219727 28.0066528320 27.8033142090 27.7899475098 27.4699707031 9999.0000000000 9999.0000000000 9999.0000000000 9999.0000000000 9999.0000000000 9999.0000000000
27.9400329590 27.8800048828 27.8133544922 27.8366699219 27.8733825684 27.9866638184 28.1099853516 28.0466613770 27.9566345215 27.7966308594 27.5166931152 27.5466613770 27.4733276367 27.5033264160 27.5400390625 27.5566711426 27.5833435059 27.6199951172 27.8466186523 27.8666381836 28.0900268555 28.1233215332 28.0466918945 27.8066406250 27.4533081055 27.5099792480 27.0533142090 27.5166625977 27.7500610352 28.1133117676 28.2533264160 28.0033264160 27.7566528320 27.9132690430 28.1799926758 28.2999572754 28.1300354004 26.6566162109 26.9000244141 27.8333435059 27.3633422852 27.1099853516 26.8567199707 28.2666931152 9999.0000000000 9999.0000000000 9999.0000000000 9999.0000000000
27.8200378418 27.6799621582 27.6999816895 27.7333068848 27.8633728027 27.7966918945 27.9133300781 27.9467163086 27.9666442871 27.6967163086 27.4200439453 27.3466796875 27.5699768066 27.5099792480 27.4300231934 27.2599487305 27.3966369629 27.2166748047 27.3366699219 27.6567077637 28.0933532715 28.1233520508 28.0500183105 27.8033447266 27.6500244141 27.6000366211 27.6533508301 27.5065917969 27.8567199707 28.1033325195 28.3633728027 28.2033386230 28.2566528320 28.5032958984 28.3599853516 28.3132934570 28.1666564941 26.8666381836 26.5899658203 28.0266723633 27.0566711426 26.8966979980 26.5566711426 27.3066711426 28.1533203125 9999.0000000000 9999.0000000000 9999.0000000000
