model_inputs/inputs/tas9.asc
ncols 720
nrows 360
xllcorner -180
yllcorner -90
cellsize 0.500000
NODATA_value 9999.000000
[rows 84 to 104 of 360, columns 480 to 527 of 720]
16.1800231934 16.6066894531 16.8499755859 16.8933410645 17.0299987793 16.9766540527 17.0433044434 16.9033203125 16.7700500488 16.8033447266 16.3300170898 15.8466491699 14.9600219727 14.5867309570 15.3865966797 15.2900085449 15.3999328613 15.4832763672 15.3800354004 15.2533264160 15.0600585938 14.9866638184 15.0033874512 14.8367004395 14.1433105469 13.3467102051 13.2532958984 13.4533386230 14.2666931152 14.5466613770 14.7466735840 14.7667236328 14.7799987793 14.6665954590 13.9566345215 13.9399719238 14.1233215332 14.2032775879 14.4899902344 14.6700134277 14.1533203125 13.3399963379 12.1066589355 11.8766784668 12.6399841309 13.7100524902 15.1799926758 15.3566589355
16.8400268555 16.9766540527 17.0966491699 17.3399963379 17.4166870117 17.2200012207 17.1733398438 17.1600341797 17.1833496094 17.1166687012 16.8566894531 16.4600219727 15.9666442871 15.7900085449 16.1000061035 16.0066833496 16.1233520508 16.1033020020 15.8933410645 15.7666320801 15.5766906738 15.3966369629 15.6133422852 15.5466918945 14.9599609375 13.7733764648 13.8932800293 14.2066650391 15.2232971191 15.0200500488 15.2133483887 15.3133239746 15.2100219727 15.1899719238 14.8699645996 14.6499633789 14.6299743652 14.6066284180 15.1999816895 15.1833496094 15.4566955566 14.7499694824 13.5199890137 12.5866699219 10.3633422852 9.9299926758 10.2000122070 11.1666870117
17.4100341797 17.7333679199 17.8466491699 18.0567016602 17.5366210938 17.5499877930 17.4200439453 17.3566284180 17.4966430664 17.5300292969 17.4533386230 17.4666748047 16.9866638184 16.6066589355 16.6166381836 16.6199951172 16.8367309570 16.7099609375 16.4033508301 16.2933349609 16.1000061035 15.9100341797 15.9200134277 15.4433288574 15.5566711426 15.4800109863 15.8999938965 16.1032714844 16.4299621582 16.6433410645 16.6566467285 16.6300048828 16.5199890137 16.4933166504 16.2799987793 16.3666992188 16.4466552734 16.4333190918 16.4166564941 16.0000000000 16.0766296387 16.0566711426 16.1433410645 16.2033691406 15.9800415039 15.1499938965 15.3233032227 13.9100036621
18.1433715820 18.1500244141 18.3766784668 18.0633239746 17.7300109863 17.7033386230 17.8366699219 17.7567138672 17.6900024414 17.8266906738 17.7566223145 17.9833068848 17.9000244141 17.5233459473 17.4400024414 17.4266357422 17.4566955566 17.4333190918 17.2100219727 16.8233642578 16.5233154297 16.6333312988 16.6266479492 16.4433288574 16.1599731445 16.1866760254 16.6033325195 17.0066528320 16.7300415039 16.6533203125 17.2000122070 17.1766357422 17.1333312988 17.2133483887 17.1966857910 17.1766662598 17.1633300781 17.1466674805 16.8299255371 16.3999938965 16.5932922363 16.2733459473 16.7566223145 15.1299438477 16.7166442871 15.7833557129 15.6699523926 17.2566833496
18.4466247559 18.5533447266 18.7399902344 18.2833557129 18.1600341797 18.3099670410 18.3367004395 18.2599792480 18.3099975586 18.3299560547 18.2767028809 18.3899841309 18.5166320801 18.3233032227 18.1433105469 17.8533020020 17.7733154297 17.7566528320 17.7366333008 17.5466918945 17.1433410645 17.0567016602 17.1567077637 17.1533508301 16.9633178711 16.7766723633 17.2966308594 17.2033691406 17.7333374023 17.8566589355 17.9133300781 17.9533386230 17.8166503906 17.6699829102 17.7366638184 17.6099548340 17.1866760254 16.9633483887 16.8599853516 16.3366699219 15.4099731445 13.1966857910 9.4033508301 11.9866638184 16.2533264160 9.0333251953 18.3133239746 18.9599914551
18.7400512695 18.7566833496 18.8599548340 18.9166564941 18.5632934570 18.5799865723 18.7266540527 18.7733154297 18.8033142090 18.8366699219 18.8599548340 18.8899536133 18.8200378418 18.8366394043 18.8499450684 18.7700195312 18.4966735840 18.2766418457 18.2566833496 18.2833557129 18.2600097656 17.9766540527 17.7733459473 17.6766967773 17.4599914551 17.1766662598 17.2933044434 18.0133361816 18.2399597168 18.3566589355 18.4234008789 18.6000061035 18.4933166504 18.3533020020 18.2066955566 17.9466552734 16.4266967773 16.4933166504 11.6800537109 9.0600280762 9.0366821289 6.8333435059 6.9533386230 8.7333374023 14.1966247559 15.8833007812 7.7233581543 11.0867004395
18.9333496094 19.0299682617 19.0733337402 19.0166931152 18.8733520508 18.8333129883 18.8899841309 18.9400024414 19.0933837891 19.0400085449 19.1766662598 19.2033386230 19.2333068848 19.1633300781 18.6733398438 19.0899963379 19.3099975586 19.1933593750 18.8866882324 18.8899841309 18.7866516113 18.7833557129 18.7832946777 18.5799865723 18.6799621582 18.1733398438 17.8900146484 18.2266540527 18.5466918945 18.9666442871 19.1366577148 19.1099853516 18.8566284180 18.7233581543 18.2833251953 17.4266662598 15.0833129883 11.6433410645 5.6033325195 3.9799804688 -0.2333374023 4.2766418457 9.2000122070 10.9699707031 15.9400024414 18.5867004395 18.9800720215 19.6966857910
19.2499694824 19.3400268555 19.2699890137 19.2266540527 19.2833251953 19.2533264160 19.1333312988 19.2966918945 19.2399902344 19.3899841309 19.4433593750 19.5000000000 19.6233215332 19.5633239746 18.5966491699 17.8133239746 18.3166809082 19.0066528320 18.6000061035 18.5066528320 18.9099731445 18.9066772461 19.0966796875 19.0000000000 19.0833129883 18.8966979980 19.0000305176 18.2266235352 17.4433288574 17.9733581543 18.5433654785 18.7200012207 18.9033508301 19.0899963379 18.1466369629 16.4066772461 14.3566589355 12.7133483887 12.4699707031 14.8299865723 12.3066711426 13.9299621582 10.6333618164 7.3066406250 8.1933288574 9.4866638184 8.5067138672 12.7966613770
19.6200561523 19.5333557129 19.3866577148 19.4433288574 19.4066467285 19.4632873535 19.4233093262 19.5500183105 19.8033447266 19.7466430664 19.8066711426 19.8500366211 19.9066772461 19.8467407227 19.8099975586 18.8233642578 16.9333190918 16.2367553711 18.2166442871 18.6233520508 18.5166625977 18.6133422852 18.5133361816 18.6100158691 18.6033630371 18.5133972168 18.6233520508 18.7233276367 17.7499694824 16.9967041016 17.3433532715 18.2233276367 18.9033508301 19.2733459473 19.2166748047 18.9766540527 18.7333374023 17.3699951172 18.7566223145 18.7233886719 18.1466674805 16.5499877930 15.7600097656 15.1500244141 14.7400512695 13.4499511719 12.2567138672 10.5599670410
19.3933410645 19.3433227539 19.5000000000 19.5567016602 19.7132873535 19.8666687012 19.6366577148 19.7033081055 19.9599914551 20.0066833496 19.9433593750 20.1033020020 20.4500122070 20.2133483887 20.2633361816 20.2133178711 20.0533447266 19.3366699219 18.7433166504 17.3333129883 17.2399597168 18.8233337402 18.8233032227 18.9266662598 18.3400268555 17.9499816895 18.2533264160 18.4566650391 18.8566894531 17.7033386230 15.9633178711 16.2332458496 17.6267089844 17.0066528320 13.8533020020 11.0266723633 13.1000061035 14.4899902344 14.4133300781 12.2266845703 10.2533264160 9.5633239746 10.3699951172 13.4299926758 13.8966674805 15.1933593750 11.9000244141 10.4033508301
19.4932861328 19.5500183105 19.7200622559 19.8666687012 20.1333923340 20.1900024414 19.7399902344 19.8066711426 20.1166687012 20.2666320801 20.3199768066 20.4666137695 20.5233459473 20.5600280762 20.4400024414 20.5200195312 20.5666503906 20.5433349609 20.0499572754 18.6466674805 15.3400268555 15.8367004395 15.7467041016 13.4400024414 11.0699768066 12.1666870117 9.5700683594 11.8700561523 11.5899658203 12.4733581543 12.4099426270 12.0499877930 8.6900329590 7.7266845703 10.1500244141 10.6166687012 11.0766601562 9.3033142090 9.2199707031 9.4500122070 11.0599975586 10.6867065430 10.4699707031 8.5400390625 6.8933715820 6.1666259766 4.3500061035 8.4532775879
19.7066955566 19.6133422852 19.9800109863 20.2666931152 20.4299926758 20.8066406250 20.8700561523 20.3432922363 20.5833435059 20.6333923340 20.7767028809 20.8333129883 20.8934020996 20.8933105469 20.9766540527 20.8700561523 20.8766784668 20.4566345215 19.9532775879 18.0500183105 13.0466613770 9.0566711426 8.2566833496 8.4699707031 8.9699707031 7.9899902344 7.1933288574 6.9000244141 7.9366455078 6.2899780273 7.9300231934 9.7900085449 11.1266174316 13.0967712402 13.4166870117 12.7633361816 7.8966369629 7.0133361816 6.1399841309 2.3599853516 -3.2299804688 2.1000061035 4.7766723633 5.8366699219 10.0099487305 15.2700195312 9.7366943359 10.3999633789
20.4500122070 20.4166564941 20.3466186523 20.5133056641 20.6932983398 20.9499816895 21.4300231934 21.4166564941 21.2966308594 21.4800109863 21.5699768066 21.3599853516 21.2566833496 21.2333374023 21.0233154297 21.0933532715 20.9733276367 20.2666320801 19.5567016602 15.6599426270 8.9733581543 8.3766784668 9.0866699219 10.3933105469 12.8033142090 14.2933654785 12.8933410645 11.8466796875 10.5799865723 9.2200622559 8.1600036621 8.7199707031 8.2366638184 6.4333190918 4.4200439453 3.5833435059 2.4066772461 3.5266723633 6.2500000000 6.4733581543 6.9866638184 10.9066772461 14.9767150879 17.9500122070 18.1066589355 19.4732971191 18.8333435059 19.0966796875
20.8833312988 20.8899841309 20.7366943359 20.6733398438 20.8333435059 21.0100097656 20.8700256348 20.6700134277 21.0499877930 21.6099853516 21.6166687012 21.5966796875 21.5000305176 21.4700012207 21.2700500488 21.3000183105 21.3933715820 21.1766662598 20.7666931152 16.6766662598 9.4700012207 8.9833374023 15.8833007812 17.6000061035 16.6900329590 14.3000488281 13.2366638184 10.4733886719 11.7000122070 12.8399963379 11.4899902344 11.4400024414 8.4466857910 6.3099975586 3.4933166504 3.1766967773 4.9166870117 11.1433105469 15.5600585938 17.5932922363 18.7066955566 18.8166503906 18.8800354004 19.1500244141 19.7100219727 21.0666809082 21.7399902344 21.5000000000
21.1166381836 21.1466369629 21.0099792480 20.9633178711 20.9866333008 21.1600036621 21.2300109863 20.9266357422 21.5133361816 21.9199829102 21.4233703613 20.9433288574 20.3332824707 21.1166992188 21.5099792480 21.8033752441 21.6932983398 21.7500000000 21.1099853516 17.4599914551 15.9733276367 20.2933654785 21.0733947754 21.0066528320 19.7799682617 18.6267395020 14.5533752441 11.5066833496 5.5699768066 4.1266174316 6.1766357422 7.2333374023 6.0266418457 6.5033264160 6.7866210938 7.5600280762 9.9366760254 12.1499633789 15.0733032227 15.5966796875 19.7233581543 19.7200012207 19.6866760254 20.2433166504 20.7099609375 21.7700195312 21.8333129883 21.7000122070
21.4400329590 21.3833312988 21.2700195312 21.2366638184 21.1866760254 21.2133178711 21.3933715820 21.4766540527 21.6033630371 21.5133666992 20.8299560547 19.9432983398 19.1633605957 18.6466674805 18.5133666992 20.9800109863 21.7366638184 21.6866455078 21.2566528320 20.1999816895 19.6166687012 20.3666687012 18.2799987793 20.4933776855 16.7500000000 15.9966430664 12.6433410645 10.4999694824 8.7533264160 2.9066467285 6.0499877930 6.6033325195 8.4200134277 12.3933410645 13.4666442871 13.5467224121 14.9266662598 14.6666259766 18.7799987793 18.8100280762 20.1333312988 20.0299987793 19.9900207520 20.4533386230 20.9133605957 21.7833557129 21.8433227539 21.7066650391
21.9766540527 21.9133300781 21.8433227539 21.8067016602 21.6633300781 21.5299682617 21.5466918945 21.6366577148 21.6100463867 21.7167053223 21.5299682617 20.5332946777 20.4433593750 20.2366333008 19.3733215332 15.1333007812 15.9932861328 14.4800109863 14.0700378418 12.1199951172 10.2000122070 11.0366516113 8.7399902344 6.7266845703 9.2832641602 6.6466674805 7.9133911133 5.9733276367 10.7333374023 11.0834045410 12.1399536133 15.8833312988 18.4066467285 18.9799804688 18.9600219727 18.9299926758 19.6133422852 20.0834045410 20.0033264160 19.9200134277 19.8466796875 19.7199707031 19.5933532715 20.3533020020 21.0100097656 21.0766601562 21.0499572754 20.9066467285
22.7333068848 22.4566955566 22.2833251953 22.1899719238 21.9400024414 21.6033020020 21.4599609375 21.6000061035 21.8233337402 21.8066711426 21.8067016602 21.6000061035 20.6867065430 19.6933593750 16.1466979980 10.9499816895 9.6066589355 9.4966430664 7.8799438477 7.5899963379 11.2832946777 11.2766418457 8.6833190918 3.4533996582 4.0333251953 1.4800415039 2.5500183105 1.7100219727 5.3733215332 7.2332458496 13.7900390625 17.9633483887 19.6966857910 19.6766662598 19.6566467285 19.9233703613 20.1966247559 20.3766479492 20.4099731445 20.3367004395 20.1466979980 20.0299682617 19.8999633789 20.6533203125 20.8199768066 20.5899963379 21.0466003418 20.9200134277
23.0633850098 22.9100341797 22.5400085449 22.2699890137 22.0333251953 21.9032897949 21.6766662598 21.7133178711 21.8633728027 22.0567016602 22.1499938965 22.0366821289 21.0367126465 19.3333435059 12.8066101074 12.5066528320 13.8233947754 15.4100036621 14.2700195312 14.3566589355 14.0766296387 11.2167053223 7.9966430664 5.3933410645 1.6566772461 3.5366516113 5.2899475098 3.8399963379 6.0100097656 6.8833618164 5.0533142090 11.2466430664 17.3000183105 18.9700317383 19.0333251953 19.6033325195 19.5800170898 19.8700256348 20.0266418457 20.1533508301 20.2666931152 20.3399963379 20.1900634766 20.7599792480 20.4266357422 19.6799926758 19.6466674805 19.8200378418
23.6399841309 23.4032897949 23.0500183105 22.9066772461 22.6099853516 22.4666442871 22.3067016602 22.2266540527 22.2566528320 22.3900146484 22.3966674805 21.7966613770 19.9866027832 17.5766601562 15.9599914551 19.5566406250 20.6866149902 20.6266784668 20.1066284180 19.7066650391 14.9767150879 10.3033447266 8.4399719238 7.8200073242 6.1867065430 8.3733520508 4.8266906738 5.5066223145 6.3666687012 5.6533203125 2.9500427246 8.3500061035 12.9066772461 16.8633422852 19.3399963379 19.5033569336 19.7699890137 20.1499938965 20.3266906738 20.4633178711 20.5665893555 20.6400451660 20.5000000000 20.4599609375 20.1333618164 19.8866577148 19.5599975586 19.3133239746
23.8966674805 23.6433410645 23.4899902344 23.2333374023 23.0699768066 22.6033020020 22.5200195312 22.5567016602 22.7867126465 22.9067077637 22.9233093262 22.7066650391 20.7366638184 20.5333557129 22.5199890137 21.5266723633 20.7366638184 21.6532897949 21.5999755859 21.7099609375 17.2467041016 11.1666564941 11.3966674805 7.4466552734 2.9300537109 4.1133422852 3.6965942383 4.7733154297 4.2466430664 3.6433105469 6.9400329590 7.5466613770 10.2166442871 14.3800048828 18.2399902344 19.0166625977 19.5799865723 19.5299987793 19.7165832520 20.1767272949 21.1733093262 21.0333557129 20.8166809082 20.5599975586 20.3199768066 20.0933532715 19.7500000000 19.4066772461
