model_inputs/inputs_caete3/tas/tas_LAYER9.asc
ncols 720
nrows 360
xllcorner -180
yllcorner -90
cellsize 0.500000
NODATA_value -9999.000000
[rows 60 to 79 of 360, columns 141 to 187 of 720]
7.6066284180 7.5933227539 7.2066345215 7.0032958984 6.6966552734 6.4833374023 6.3800048828 6.0799865723 6.0833435059 6.0766906738 6.0766601562 5.9900207520 5.8067016602 5.7400207520 5.6666870117 5.4766235352 5.3900451660 5.4033508301 5.6166992188 5.6366577148 5.4533386230 5.2599792480 5.1699829102 5.1733398438 5.0666809082 5.2899780273 5.3266601562 5.5500183105 5.7733459473 6.0000305176 -9999.0000000000 -9999.0000000000 -9999.0000000000 -9999.0000000000 -9999.0000000000 -9999.0000000000 -9999.0000000000 -9999.0000000000 -9999.0000000000 -9999.0000000000 -9999.0000000000 -9999.0000000000 -9999.0000000000 -9999.0000000000 -9999.0000000000 -9999.0000000000 -9999.0000000000
9.0366821289 8.5133666992 8.3966369629 8.1200256348 7.9199523926 7.6133728027 7.4166870117 7.1066589355 7.0966491699 6.9933166504 6.6866760254 6.4866943359 6.2900085449 6.2199707031 6.0433349609 5.9566955566 5.7766113281 5.5933227539 5.9066772461 5.9133300781 5.8266296387 5.6400146484 5.4433593750 5.4366760254 5.4500122070 5.5766906738 5.7033386230 5.8266601562 6.0499877930 6.2733459473 -9999.0000000000 -9999.0000000000 -9999.0000000000 -9999.0000000000 -9999.0000000000 -9999.0000000000 -9999.0000000000 -9999.0000000000 -9999.0000000000 -9999.0000000000 -9999.0000000000 -9999.0000000000 -9999.0000000000 -9999.0000000000 -9999.0000000000 -9999.0000000000 -9999.0000000000
8.5366821289 7.9233398438 7.7099914551 7.5033264160 7.3099670410 7.3033447266 7.4099731445 7.8099975586 7.3066711426 7.1133728027 7.0133056641 6.8966674805 6.6900024414 6.6033020020 6.5233764648 6.5466613770 6.2533569336 6.2633361816 6.1866760254 6.3966064453 6.3066711426 6.1099853516 5.9166870117 5.7133483887 5.5133361816 5.7633666992 5.9800109863 6.1066589355 6.2300109863 6.3400268555 6.4633178711 6.4666442871 6.3466491699 -9999.0000000000 -9999.0000000000 -9999.0000000000 -9999.0000000000 -9999.0000000000 -9999.0000000000 -9999.0000000000 -9999.0000000000 -9999.0000000000 -9999.0000000000 -9999.0000000000 -9999.0000000000 -9999.0000000000 -9999.0000000000
8.4466552734 8.0299682617 7.8300170898 7.7199707031 7.4233398438 7.7033081055 7.8166809082 7.8133544922 7.5100097656 7.3099670410 7.2166748047 7.3066711426 7.1133422852 7.0133361816 6.9166870117 6.8233642578 6.7300109863 6.5499572754 6.4599914551 6.4766845703 6.3800048828 6.2833251953 6.2833251953 5.9900207520 5.8066711426 5.8366699219 5.9633178711 6.0899963379 6.2033081055 6.4366455078 6.5633239746 6.6599731445 6.8733215332 6.6600036621 -9999.0000000000 -9999.0000000000 -9999.0000000000 -9999.0000000000 -9999.0000000000 -9999.0000000000 -9999.0000000000 -9999.0000000000 -9999.0000000000 -9999.0000000000 -9999.0000000000 -9999.0000000000 -9999.0000000000
8.0733032227 7.8633422852 7.8533630371 7.8333435059 7.9466857910 8.2399902344 8.1466979980 7.8333740234 7.5366516113 7.6299438477 7.5233154297 7.5266418457 7.3266601562 7.5333251953 7.5366821289 7.4299926758 7.2400207520 7.0433044434 6.8533020020 6.8599853516 6.7766723633 6.7733154297 6.5799865723 6.3833312988 6.3033447266 6.2300109863 6.2533264160 6.3799743652 6.3033142090 6.3367004395 6.5633239746 6.9599609375 7.0533142090 7.1600341797 -9999.0000000000 -9999.0000000000 -9999.0000000000 -9999.0000000000 -9999.0000000000 -9999.0000000000 -9999.0000000000 -9999.0000000000 -9999.0000000000 -9999.0000000000 -9999.0000000000 -9999.0000000000 -9999.0000000000
8.5799865723 8.3766784668 8.3666687012 8.2633666992 8.2700195312 8.6633300781 8.4533081055 8.0566101074 7.8666381836 7.9666442871 7.8566894531 7.8533630371 7.6466369629 7.9466552734 7.8599548340 7.6600036621 7.5566406250 7.3533630371 7.2566528320 7.3533325195 7.2733154297 7.2666931152 7.0599975586 6.7733154297 6.6999816895 6.6132812500 6.7466735840 6.6799926758 6.6033020020 6.6333312988 6.8566589355 7.2700195312 7.3566284180 7.4599914551 7.3500366211 7.2699584961 7.4700012207 7.4633178711 7.1633300781 -9999.0000000000 -9999.0000000000 -9999.0000000000 -9999.0000000000 -9999.0000000000 -9999.0000000000 -9999.0000000000 -9999.0000000000
9.0899658203 9.0766601562 9.0799865723 8.8666687012 8.7566833496 8.5699768066 8.4800720215 8.2833251953 8.3799438477 8.3900146484 8.2799682617 8.0799865723 8.0733642578 7.8767089844 7.8733520508 7.6799926758 7.7800292969 7.8699645996 7.9666442871 7.9667053223 7.8566589355 7.5567016602 7.2733459473 7.0633239746 6.9999694824 6.9100036621 7.0433654785 7.0766906738 7.1133728027 7.1499938965 7.1566467285 7.4700317383 7.7633361816 7.7566528320 7.6499938965 7.6466064453 7.4566650391 7.3533020020 7.4533081055 7.6633300781 7.6533813477 7.6567382812 7.2633666992 -9999.0000000000 -9999.0000000000 -9999.0000000000 -9999.0000000000
9.3733215332 9.2933654785 9.2866210938 9.2766418457 9.2732849121 9.1733703613 8.9766845703 8.7867126465 8.8999938965 8.8066711426 8.6033020020 8.3066101074 8.3066711426 8.1999816895 8.3099365234 8.1133422852 8.4066772461 8.5000305176 8.3933410645 8.2799987793 8.0733947754 7.8499755859 7.6400146484 7.5633239746 7.4866333008 7.5099792480 7.5499877930 7.5766601562 7.6266784668 7.6500244141 7.5633239746 7.8666076660 8.1666564941 8.1600036621 8.0666503906 7.9566650391 7.7533569336 7.6499938965 7.6566467285 7.8666687012 7.8566589355 7.9733581543 7.9700317383 7.9466552734 -9999.0000000000 -9999.0000000000 -9999.0000000000
9.1566467285 9.6766967773 9.7833557129 9.5833435059 9.6866455078 9.5833435059 9.6899719238 9.3932800293 9.2966308594 9.0066223145 8.8033142090 8.6200256348 8.4232788086 8.8333435059 8.8333435059 8.9266662598 8.8166809082 9.0099792480 8.7999877930 8.7933349609 8.5866699219 8.3633422852 8.0533142090 8.2500000000 8.2833557129 7.9033203125 7.9400024414 8.2666625977 8.2866821289 8.2200317383 8.2500000000 8.1666870117 8.1600036621 8.2533264160 8.3466491699 8.5466613770 8.4400024414 8.0499877930 8.0533447266 7.8533325195 7.8633422852 7.9666748047 7.8633422852 7.5400085449 7.4433288574 7.4333801270 7.6299743652
9.1733398438 9.5633239746 9.8433532715 9.8500061035 9.7633056641 9.8566589355 9.9666748047 9.6699829102 9.5766296387 9.2866516113 9.1866455078 8.9967041016 8.8966064453 9.3165893555 9.4200134277 9.5266723633 9.3200073242 9.3999938965 9.1999816895 9.0900268555 8.9766540527 8.7633361816 8.5533447266 8.8333435059 8.7466430664 8.3733215332 8.4066772461 8.8433227539 8.7599792480 8.7033081055 8.7533569336 8.7533264160 8.6533813477 8.7566833496 8.6466369629 8.9500427246 8.9466247559 8.5566406250 8.4533691406 8.2566833496 8.2566528320 8.3633117676 8.2499694824 7.9500427246 7.8367004395 7.7199707031 7.7333374023
9.4732971191 9.1666870117 9.7200317383 9.7099914551 9.9366455078 9.6300048828 9.3299865723 9.3400268555 9.0433349609 9.2566833496 8.8633422852 9.7700195312 9.6633300781 9.9633178711 10.0866088867 10.3166809082 9.9166870117 9.7999572754 9.7900085449 9.6800231934 9.4700317383 9.6699523926 9.4433288574 9.3200073242 9.1033020020 8.9400024414 8.8633728027 8.7966918945 8.8266906738 9.0733032227 9.1133422852 8.9333496094 8.8466796875 8.9533081055 8.8533020020 8.9400024414 8.8433532715 8.8400573730 8.7500305176 8.6500244141 8.6566772461 8.5433349609 8.5433349609 8.6333312988 8.5333251953 8.4466552734 8.4566650391
9.9833068848 10.0733337402 10.0033264160 10.0766601562 10.0833129883 9.8099670410 9.5066223145 9.5132751465 9.3166503906 9.2366943359 9.1433105469 10.0166625977 9.9066772461 10.2266540527 10.1366882324 10.3733520508 10.2099914551 10.2966918945 10.1800231934 10.0766906738 9.9733886719 10.1566467285 10.0266723633 9.9066467285 9.6833190918 9.4967041016 9.4333801270 9.3600463867 9.3899841309 9.6566162109 9.5833435059 9.4067077637 9.3199768066 9.2366638184 9.3367004395 9.3333740234 9.3366699219 9.2466735840 9.1533508301 9.0599975586 9.0433349609 8.9299926758 8.9366760254 9.0533447266 8.9566345215 8.8633117676 8.7800292969
9.9033203125 9.7600097656 9.5966491699 10.0599975586 10.1399841309 9.9500427246 9.5766296387 10.0733337402 10.0833435059 10.1799926758 10.1466674805 10.4466552734 10.4566650391 10.6699829102 10.6066589355 10.2400207520 10.2766113281 10.4933166504 10.4899597168 10.6866455078 10.5700073242 10.0533447266 10.0266723633 10.2966613770 10.1666564941 9.9599914551 9.8933410645 9.8433837891 9.8499755859 9.8266296387 9.7532958984 9.6766357422 9.7066345215 9.6199645996 9.5299987793 9.4299926758 9.2199707031 9.1299743652 9.0433044434 9.6432800293 9.5399780273 9.3333129883 9.4299621582 9.2366638184 9.3499450684 9.0632934570 8.9733276367
10.6933593750 10.4366760254 9.9933471680 10.0466613770 10.1066894531 10.2133178711 10.2299804688 10.2333068848 10.3066406250 10.4933471680 10.3866882324 10.8033447266 10.6166992188 9.9399719238 9.4533386230 10.4033203125 10.5066833496 10.8033447266 10.4966735840 11.0833435059 11.0666809082 10.4433288574 10.2999877930 10.2833251953 10.5566711426 10.3467102051 10.2500305176 10.1833190918 10.2299804688 10.1866760254 10.2233581543 10.1633300781 10.0800170898 9.9899902344 9.8900146484 9.8066406250 9.7033081055 9.5166931152 9.4333190918 9.8966674805 9.9166564941 9.7333679199 9.7300109863 9.6333007812 9.6366882324 9.4533386230 9.3699951172
11.3066101074 11.1466674805 11.0799560547 10.9599914551 10.8033447266 10.8933410645 10.8033447266 10.4566650391 10.6166687012 10.8000183105 10.6300354004 10.5466613770 10.2633361816 9.9933166504 9.9366760254 9.7033691406 10.2366638184 11.2100219727 11.3900146484 10.7732849121 11.2566833496 11.4266662598 10.6933288574 10.6733093262 10.5599975586 10.9066772461 10.6299743652 10.7466430664 10.7100219727 10.5633239746 10.6100158691 10.3333740234 9.8600158691 10.3733215332 10.3900146484 9.6967163086 9.5933227539 9.9033203125 9.7900085449 9.6633300781 9.5800170898 9.6066894531 9.5266723633 9.2267150879 9.1266784668 9.7433471680 9.6533203125
11.5900268555 11.2799682617 11.1200256348 11.3599853516 11.6200256348 11.5665893555 11.3366699219 11.2832946777 11.1566772461 10.9499816895 10.7833251953 10.6100158691 10.2533264160 9.9700012207 9.8166809082 9.8366699219 10.5666503906 11.2300109863 11.6833190918 11.6699829102 11.5433349609 11.6266174316 11.3900146484 10.9666748047 10.9299926758 11.3033447266 11.1000061035 11.1133422852 11.0533447266 11.0166931152 10.9699707031 10.8032836914 10.3367004395 10.8466491699 10.7766723633 9.8700256348 9.7866821289 10.2867126465 10.1532897949 9.9200134277 9.8333435059 9.7767028809 9.7800292969 9.4966735840 9.3166503906 9.9200134277 9.8233337402
11.7666320801 11.6133422852 11.6532897949 11.8799743652 12.1300048828 12.0800170898 11.5399780273 11.5032958984 11.4734191895 11.0633544922 10.8766784668 10.4000244141 10.3266296387 10.6666564941 10.5333862305 10.4667053223 9.8499755859 10.4467163086 11.0833435059 11.8600158691 11.8333129883 11.8133239746 11.4800415039 11.4600219727 11.4266662598 11.4900207520 11.3700256348 10.9766540527 10.9233093262 10.9866638184 11.0300292969 11.1800231934 11.3166198730 10.5366821289 10.3633422852 10.9700012207 10.8800048828 10.7500000000 10.5133056641 9.6966552734 9.5833129883 9.6233520508 9.7733459473 9.7932739258 9.7033386230 9.9066467285 10.0233154297
12.2399902344 11.9833374023 12.1766967773 12.4966735840 12.4100036621 12.3866882324 11.8566284180 11.6233520508 12.0000000000 11.7099914551 11.2700195312 10.7866821289 10.8133544922 11.2666625977 11.1333007812 10.9299926758 10.4133605957 10.9966430664 10.9866638184 12.1500244141 12.2266540527 12.0999755859 11.6699829102 11.5366516113 11.4033508301 11.5766906738 11.6466674805 11.1700134277 11.2033386230 11.2332763672 11.2900390625 11.5466918945 11.6866760254 10.9233398438 10.7500305176 11.3533325195 11.1566162109 11.0100097656 10.7866821289 9.7666625977 9.5633544922 9.5000000000 9.7433471680 9.7699584961 9.7900390625 9.9833068848 10.1000366211
12.5066223145 12.7666625977 12.9066162109 12.5700073242 12.1966857910 12.2766113281 12.0500183105 12.2333374023 12.2333068848 12.4666748047 11.9033813477 11.9933776855 12.0366516113 11.9933166504 11.8500061035 11.3266906738 11.1799926758 11.1533508301 10.4433593750 10.7434082031 12.4132995605 12.4833068848 12.0666503906 11.7399902344 11.6999816895 12.0667114258 12.0466918945 12.0366516113 11.8766784668 11.9166564941 11.9766845703 11.4199829102 11.5700073242 11.3999633789 11.3433532715 10.9666442871 10.7533264160 10.1133422852 9.6966552734 9.8699340820 9.5466613770 9.5633239746 9.6099853516 9.7333679199 9.7500305176 9.8633728027 9.7633361816
12.5899963379 12.6600341797 12.3800048828 12.2466430664 12.1999816895 12.2833557129 11.9566955566 12.2566833496 12.5466613770 12.7866516113 12.3500061035 11.8367004395 11.8666381836 11.7266845703 11.8000183105 11.9700012207 11.6800231934 11.7233276367 10.7733459473 11.0333251953 12.1900329590 12.7633361816 12.5466613770 12.3265991211 12.2933044434 12.3599853516 12.4499816895 12.3533630371 12.1833190918 12.2233886719 12.3633422852 11.6132812500 11.8333435059 11.6867065430 11.6566467285 11.3866271973 10.9633178711 10.2366943359 9.7966613770 9.9699707031 9.6366271973 9.5166320801 9.7699890137 9.8899841309 9.8166503906 9.8400268555 9.9333496094
