model_inputs/inputs_caete3/tas/tas_LAYER8.asc
ncols 720
nrows 360
xllcorner -180
yllcorner -90
cellsize 0.500000
NODATA_value -9999.000000
[rows 180 to 199 of 360, columns 235 to 281 of 720]
26.9633483887 27.0266418457 26.9166259766 26.4899902344 26.4866943359 26.7132873535 26.8166503906 27.2400207520 27.2533264160 27.1166381836 27.1900024414 27.2066345215 27.0267028809 26.9566650391 26.8833007812 26.6933288574 26.6199951172 26.9399719238 26.9599609375 27.1833496094 27.0932922363 27.5199890137 27.7433471680 27.7600097656 27.6733703613 27.6000061035 27.6066589355 27.5133666992 27.4166564941 -9999.0000000000 -9999.0000000000 -9999.0000000000 -9999.0000000000 -9999.0000000000 -9999.0000000000 -9999.0000000000 -9999.0000000000 -9999.0000000000 -9999.0000000000 -9999.0000000000 -9999.0000000000 -9999.0000000000 -9999.0000000000 -9999.0000000000 -9999.0000000000 -9999.0000000000 -9999.0000000000
27.0700073242 27.1433410645 27.0199890137 26.6933288574 26.6832885742 26.8934020996 27.2199707031 27.3332824707 27.5166015625 27.3966674805 27.4200439453 27.4432983398 27.3633422852 27.0800170898 27.1033325195 26.9099731445 27.0433044434 27.0699768066 27.0833129883 27.1066284180 27.3233337402 27.6400146484 27.7633666992 27.6833801270 27.7066955566 27.6200561523 27.6300048828 27.6466979980 27.4433288574 27.3499755859 27.1267089844 27.4132995605 -9999.0000000000 -9999.0000000000 -9999.0000000000 -9999.0000000000 -9999.0000000000 -9999.0000000000 -9999.0000000000 -9999.0000000000 -9999.0000000000 -9999.0000000000 -9999.0000000000 -9999.0000000000 -9999.0000000000 -9999.0000000000 -9999.0000000000
27.1700134277 27.2533264160 27.1266784668 27.0099792480 27.0899658203 27.1033020020 27.2333374023 27.3266601562 27.5033264160 27.6199951172 27.6400451660 27.6600341797 27.6799926758 27.3000183105 27.2266235352 26.8399658203 27.0666809082 27.1899719238 27.1966247559 27.3300170898 27.7433471680 27.7766418457 27.6900329590 27.6066894531 27.5233154297 27.6366577148 27.6566162109 27.5833129883 27.3900146484 27.1566772461 26.9433288574 27.1300659180 27.2100524902 27.3966979980 27.2767028809 -9999.0000000000 -9999.0000000000 -9999.0000000000 -9999.0000000000 -9999.0000000000 -9999.0000000000 -9999.0000000000 -9999.0000000000 -9999.0000000000 -9999.0000000000 -9999.0000000000 -9999.0000000000
27.2899780273 27.3566284180 27.3366699219 27.3100280762 27.2966918945 27.2133178711 27.3367004395 27.4066467285 27.5233459473 27.7400207520 27.8566589355 27.8866577148 27.7032775879 27.5166320801 27.3400268555 27.3533325195 27.3833618164 27.7033081055 27.6200256348 27.8533325195 27.8733215332 27.7833251953 27.6099853516 27.5232849121 27.5499877930 27.6600036621 27.5766601562 27.4866943359 27.3866577148 27.1333007812 27.1533813477 27.1400451660 27.2333679199 27.4166259766 27.4966735840 27.4866638184 -9999.0000000000 -9999.0000000000 -9999.0000000000 -9999.0000000000 -9999.0000000000 -9999.0000000000 -9999.0000000000 -9999.0000000000 -9999.0000000000 -9999.0000000000 -9999.0000000000
27.4000244141 27.4666748047 27.5533142090 27.6233215332 27.4933166504 27.5166931152 27.4033508301 27.4233703613 27.6399841309 27.8600158691 27.9766235352 28.2033691406 27.9233093262 27.3366699219 27.0666198730 27.3800354004 27.4932861328 27.5266723633 27.5433654785 27.4666442871 27.5799560547 27.7066650391 27.6199951172 27.4433593750 27.4599914551 27.5833740234 27.5900573730 27.3966369629 27.3833618164 27.1433410645 26.9899597168 26.9566345215 27.1400451660 27.3699951172 27.3900146484 27.5032958984 27.4799804688 -9999.0000000000 27.6466979980 -9999.0000000000 -9999.0000000000 -9999.0000000000 -9999.0000000000 -9999.0000000000 -9999.0000000000 -9999.0000000000 -9999.0000000000
27.4500122070 27.5099792480 27.6699829102 27.7400207520 27.8100585938 27.8099975586 27.6299743652 27.5533447266 27.5633544922 27.7933654785 28.0066528320 28.3166503906 27.8400268555 27.3633422852 26.8800354004 26.7933654785 27.2200012207 27.3333435059 27.3600158691 27.2766723633 27.3966979980 27.6099853516 27.6333007812 27.5567016602 27.5733337402 27.5866699219 27.6066589355 27.5166625977 27.5000000000 27.2399902344 27.1100158691 27.1466369629 26.8133850098 27.2566528320 27.2300415039 27.3399963379 27.4800109863 27.6033325195 27.6333618164 27.7566833496 27.8299865723 27.8100585938 27.7066955566 27.3799743652 27.5733642578 27.5500183105 -9999.0000000000
27.5033569336 27.5633239746 27.7333068848 27.7767028809 27.8299865723 27.8166503906 27.6366577148 27.4533386230 27.4833068848 27.6933593750 27.8233642578 27.8367004395 27.6633300781 27.3833618164 27.1066284180 27.0166931152 27.1366577148 27.1500244141 27.1666564941 27.0867309570 27.2066345215 27.3400573730 27.2466430664 27.3733520508 27.5832824707 27.6099853516 27.6233215332 27.5433349609 27.4099426270 27.0499877930 26.9066467285 26.9633483887 26.8233642578 27.1733398438 27.4233398438 27.3833312988 27.3300476074 27.3333740234 27.4633178711 27.5933227539 27.6199951172 27.5466613770 26.9633483887 27.4900207520 27.2899780273 27.2733154297 26.9499206543
27.5566711426 27.5799865723 27.5933227539 27.7000122070 27.5466613770 27.7100524902 27.6400146484 27.5733337402 27.4933471680 27.6166381836 27.7300109863 27.7600097656 27.6699523926 27.4933776855 27.3133544922 27.0300292969 27.0466918945 27.0700073242 27.1866760254 27.2066955566 27.1233215332 27.2466735840 27.2633361816 27.4732971191 27.5966186523 27.8066406250 27.7299804688 27.7500305176 27.4066772461 27.0700073242 27.0100097656 26.4733581543 26.9366455078 27.1799926758 27.4266357422 27.4866943359 27.2466735840 26.9933471680 27.0600280762 27.4200134277 27.4500122070 27.3733825684 25.8033447266 26.1233520508 27.1500244141 26.6833496094 26.5000000000
27.3599853516 27.4700012207 27.4633483887 27.4766845703 27.5300292969 27.7000427246 27.5233764648 27.5599975586 27.5900268555 27.6199645996 27.5467224121 27.6666259766 27.6866760254 27.5966796875 27.3199462891 27.0399475098 27.0599975586 27.1833496094 27.1033020020 27.1166076660 26.9300231934 27.0566711426 26.8733215332 26.9967346191 27.4200134277 27.7366638184 27.8467102051 27.7566833496 27.4166870117 27.2700195312 27.1333007812 27.0867004395 26.8333435059 26.9866638184 27.2432861328 27.4033203125 27.2566528320 27.3066101074 27.3600463867 27.2133178711 27.1666870117 27.0167236328 25.7266845703 25.3533325195 26.9799499512 26.2033691406 26.1333618164
27.2433166504 27.2466735840 27.2533569336 27.3200073242 27.4966125488 27.5667114258 27.4300537109 27.4466857910 27.4866638184 27.6133422852 27.5500183105 27.5766906738 27.5999755859 27.4200439453 27.1400146484 27.0499877930 27.0700073242 26.8899841309 26.8033142090 26.8332824707 26.8500061035 26.8732910156 26.6933288574 26.5100402832 27.1233825684 27.6433410645 27.7633361816 27.5766296387 27.2266540527 26.8833312988 26.8433227539 26.8933715820 26.4399719238 26.8933715820 27.1566772461 27.3000183105 27.1600036621 27.3199768066 27.4633483887 27.3199768066 27.1666870117 26.7266845703 25.8833312988 25.8399963379 25.9132690430 25.6400146484 26.0633544922
27.1233215332 27.1333007812 27.0499572754 27.2067260742 27.3699645996 27.4499816895 27.5100097656 27.4366760254 27.4666748047 27.4066772461 27.4332885742 27.4600219727 27.4033203125 27.3266601562 27.0567016602 27.0733337402 26.8833618164 26.5099792480 26.4266357422 26.6466674805 26.2666625977 26.3800048828 26.2999877930 26.4200744629 27.1466979980 27.6533508301 27.9700317383 27.9766845703 27.8466796875 27.2900085449 26.6566772461 26.4933471680 26.4499511719 26.8132934570 26.8666687012 27.2233276367 27.0599975586 27.3266601562 27.3733215332 27.3299865723 27.2799987793 26.9366760254 25.6867370605 25.5466918945 25.6999816895 26.0533142090 27.0999755859
26.8933410645 26.9167175293 27.0066528320 27.0666198730 27.2500610352 27.3166809082 27.3899841309 27.3233337402 27.2600097656 27.2900085449 27.3166503906 27.2500305176 27.1833190918 27.3166809082 26.9466552734 26.9633178711 26.9033508301 26.3133239746 26.2433166504 26.5599670410 26.0799865723 25.9966430664 26.2200012207 26.6300048828 27.2532653809 27.5733032227 27.7866210938 27.6899719238 27.9433593750 27.3067321777 27.1567077637 26.4066467285 26.5599975586 26.5200500488 26.9600219727 27.0233764648 27.3866882324 27.8299560547 27.6900024414 27.5333557129 27.5933532715 26.9432678223 25.4033508301 25.7633361816 25.8266601562 26.0733642578 26.7133178711
26.7899780273 26.7233581543 26.8800354004 27.0466613770 27.1166687012 27.1900024414 27.2733154297 27.1133728027 26.9466247559 27.2800292969 27.1066589355 27.0366516113 26.9700317383 27.1100463867 26.8299560547 26.6600036621 26.6966552734 26.2232971191 26.0500488281 26.2666931152 26.1833496094 25.7000122070 25.8299865723 26.5566101074 26.6633300781 27.0899963379 27.3066711426 27.4032897949 27.7600097656 27.2100219727 27.4600219727 26.5166931152 26.2700195312 26.3367004395 26.6799926758 27.2333374023 27.3899841309 27.4366760254 27.9866638184 28.0466613770 27.4200134277 26.8966674805 26.0699768066 25.4100341797 25.8500061035 25.7866821289 26.5400085449
26.4866333008 26.5866394043 26.7533569336 26.9300231934 26.9967041016 26.9700012207 27.0433349609 27.0099792480 26.9266357422 27.0666503906 26.8032836914 26.6300048828 26.5600280762 26.8966979980 26.8133239746 26.6499633789 26.4933471680 26.3099670410 25.9399414062 25.8766479492 26.1033630371 26.0200195312 26.1433410645 26.3732604980 26.6800231934 26.7933044434 27.2133483887 27.6033630371 27.4666442871 27.5166625977 27.4633483887 26.3299865723 26.2900085449 26.6266479492 26.9899597168 27.2366027832 27.6000061035 28.0733642578 28.4500122070 28.5166625977 27.8999938965 26.7567138672 26.3932800293 25.4266662598 25.2699279785 25.8099975586 25.8600158691
26.2999572754 26.3633422852 26.4299621582 26.6066894531 26.7733459473 26.6499938965 26.7166748047 27.0966491699 27.0333557129 26.8599548340 26.0867004395 26.1166687012 26.2466125488 26.2833251953 26.3233642578 26.2433776855 26.0666809082 26.2033081055 26.0300292969 25.9632873535 26.0000000000 26.1233520508 26.2599792480 26.2767028809 26.4966735840 26.8166809082 27.4299621582 27.2133178711 27.3665771484 27.9299926758 27.7799682617 27.2399902344 27.1933288574 27.4500122070 27.8266601562 28.0033264160 27.9699707031 28.3566284180 28.5232849121 28.3866271973 28.0200500488 27.2633361816 26.6100158691 25.2467041016 24.2866516113 24.2366638184 24.5700073242
26.1666870117 26.2467041016 26.3033447266 26.5833129883 26.6533508301 26.4233398438 26.4966430664 26.8699951172 26.7166748047 26.8399658203 26.1766662598 25.5100402832 25.9299621582 26.0700378418 26.2066955566 26.2200012207 26.0499877930 25.9833068848 26.1066589355 26.1532897949 26.0867004395 26.1132812500 26.1432800293 26.3733520508 26.4033813477 26.9333801270 27.4433288574 27.3266296387 27.4833374023 27.9366455078 27.8099670410 27.4766845703 27.3632812500 27.5232849121 27.9100036621 27.8766479492 27.3567199707 28.0266113281 27.9633483887 28.0033569336 27.5466918945 26.8833312988 26.4299926758 24.8599548340 24.5967102051 24.3399963379 23.9800109863
26.0366210938 26.0066223145 26.0799255371 26.1533508301 26.3265991211 26.3999633789 26.4699707031 26.6433105469 26.7033386230 26.7433471680 26.1666870117 25.5033264160 25.2299804688 25.4566955566 25.6966552734 25.9099731445 25.7366333008 26.1833190918 26.2033386230 26.3333740234 26.1666564941 26.2066955566 26.3333129883 25.9633178711 26.3866882324 26.8333435059 27.5633239746 27.1532897949 27.8366394043 27.5066223145 27.4833374023 27.0600280762 26.9333496094 27.4133300781 27.0833435059 27.6466674805 27.6966552734 27.8467102051 27.6766967773 27.5199890137 27.2633361816 26.3033752441 25.3366699219 24.7833251953 24.9166870117 24.8666687012 24.4033508301
25.8199768066 25.7833251953 25.9599609375 26.1366882324 26.2033996582 26.2733764648 26.4567260742 26.5266723633 26.5900268555 26.6300354004 26.4533691406 25.9899902344 25.5233154297 25.3433227539 25.3733825684 25.5100097656 25.6366577148 25.9533081055 26.2066955566 26.2300109863 26.3633422852 25.8000488281 26.1033630371 26.0466918945 26.7900390625 27.2066345215 27.6099548340 27.0233459473 27.8066711426 27.4833374023 27.1600036621 26.5366821289 26.9066772461 27.3899841309 26.9333190918 27.5766906738 27.9066772461 27.4566650391 26.7899475098 26.5366821289 26.9766540527 25.8232727051 25.0600585938 24.9933166504 24.9466247559 24.7833557129 24.5233459473
25.5900268555 25.7500000000 25.6333618164 26.0033569336 25.8800048828 25.8466491699 26.1199645996 26.2999572754 26.2733459473 26.0132751465 26.4466247559 26.2833251953 26.0033569336 25.6300048828 25.3633117676 25.3933105469 25.7300109863 26.0466918945 25.9966125488 25.8133239746 26.4499511719 26.1833496094 25.8099975586 26.4366455078 27.1666870117 27.4533081055 27.5666503906 27.3800048828 27.8566894531 27.6433410645 27.3299560547 26.3066101074 26.9600219727 26.9133605957 26.6533508301 26.8866577148 27.5299682617 26.8833618164 26.0066528320 26.3466491699 26.0967102051 25.5433044434 25.1766662598 25.1100463867 24.7599792480 24.2000427246 23.7367248535
25.6766967773 25.7433471680 25.4100646973 25.7866821289 25.6433410645 25.7132873535 25.8000183105 25.7766418457 26.1400146484 25.8033752441 25.9400024414 25.9566650391 26.1866149902 26.1266479492 25.6499633789 25.3833007812 25.6133728027 25.9466857910 26.0700073242 26.5100097656 26.6366882324 26.4666748047 26.1866760254 26.7233276367 27.3999938965 27.6200561523 27.5233459473 27.4400024414 27.7199707031 27.4033508301 27.2766723633 26.3199768066 26.6733093262 26.5066223145 26.3699951172 26.6965942383 26.2533264160 26.1866760254 26.2333068848 26.0700073242 25.9199829102 25.4566345215 24.3900146484 23.9300231934 23.8799743652 23.2233886719 22.8533630371
