model_inputs/inputs_caete3/tas/tas_LAYER8.asc
ncols 720
nrows 360
xllcorner -180
yllcorner -90
cellsize 0.500000
NODATA_value -9999.000000
[rows 120 to 139 of 360, columns 564 to 610 of 720]
18.6733398438 20.4566650391 23.2399597168 26.5100402832 26.2566223145 26.9066467285 27.5533447266 27.7999877930 28.1567077637 28.0333251953 26.9266967773 24.8399353027 24.1499938965 23.4566345215 25.1667175293 24.0766296387 24.0600280762 24.7366638184 27.0533447266 27.8833618164 28.3200073242 28.4300231934 28.7467041016 28.4732971191 28.0599670410 27.7399902344 27.7299804688 28.6166076660 28.3933410645 28.0832824707 26.5933227539 26.4799804688 26.4866638184 25.6800231934 26.3666687012 26.5733337402 27.3999938965 27.2599487305 26.9200134277 27.5366516113 26.9599914551 -9999.0000000000 -9999.0000000000 -9999.0000000000 -9999.0000000000 -9999.0000000000 -9999.0000000000
16.8899841309 19.1766662598 20.8599548340 25.2000122070 26.8533630371 27.3966979980 27.7500000000 28.0032958984 28.3634033203 27.4366455078 25.1500244141 25.9533386230 24.9699707031 23.6799926758 24.9966735840 24.9833679199 25.2866821289 25.1800231934 27.4133300781 28.1333618164 28.5499877930 28.7666015625 28.6566467285 27.2500000000 27.1200256348 27.2933349609 27.6899719238 28.5699462891 29.0532836914 28.9600219727 27.7633361816 27.2633361816 26.2733459473 25.9700012207 27.9800109863 27.5033569336 27.2433166504 27.2966308594 26.4533691406 27.5800170898 -9999.0000000000 -9999.0000000000 -9999.0000000000 -9999.0000000000 -9999.0000000000 -9999.0000000000 -9999.0000000000
12.6033325195 18.9833068848 18.6466674805 21.9032592773 25.5466613770 27.5066833496 27.2699890137 27.0299987793 25.8933105469 25.1633605957 24.1733398438 26.0733337402 24.6766662598 23.9999694824 25.1066284180 26.0099792480 26.5000000000 26.5133056641 27.2399902344 27.6533203125 28.4666442871 28.9799804688 28.2833251953 27.0634155273 26.6266174316 26.2899475098 27.5599670410 28.8367004395 29.3233337402 28.9433593750 28.3399963379 27.1599426270 27.4633178711 27.4866638184 26.3099670410 27.3466796875 26.1799926758 26.1300354004 26.7899475098 27.0100097656 -9999.0000000000 -9999.0000000000 -9999.0000000000 -9999.0000000000 -9999.0000000000 -9999.0000000000 -9999.0000000000
19.2200012207 19.2033386230 21.3466491699 19.6033325195 24.0699768066 25.6266479492 24.9966735840 25.1733703613 25.3299865723 24.8000183105 24.5966186523 24.5032653809 25.0066833496 24.8167724609 25.1233215332 26.0299377441 26.8300170898 25.9566345215 26.3633422852 26.6666870117 27.6833496094 28.4899902344 28.6933898926 27.3666076660 26.2333374023 28.0066833496 28.7733764648 29.2433166504 28.9766845703 28.6866149902 28.3000183105 27.5100097656 26.9299926758 24.3533325195 25.9799804688 26.9933471680 25.9233093262 26.1600341797 27.0199890137 -9999.0000000000 -9999.0000000000 -9999.0000000000 -9999.0000000000 -9999.0000000000 -9999.0000000000 -9999.0000000000 -9999.0000000000
18.8666381836 16.7399902344 18.6966552734 19.0467224121 21.1100158691 21.9700317383 22.0300292969 22.5899963379 23.3600158691 24.6266479492 24.0366210938 23.6333312988 24.2399597168 23.3367004395 26.3500671387 27.1533203125 26.2565917969 25.6699829102 25.8833007812 26.9899902344 27.9899902344 28.2966613770 28.8000183105 28.0832824707 27.5699768066 28.7266540527 29.3100280762 28.8133239746 28.7599792480 28.1866760254 26.1700134277 24.6733093262 26.0933532715 26.6199951172 23.4466857910 24.5499877930 26.8700256348 27.6700134277 -9999.0000000000 -9999.0000000000 -9999.0000000000 -9999.0000000000 -9999.0000000000 -9999.0000000000 -9999.0000000000 -9999.0000000000 -9999.0000000000
17.4866333008 17.8533325195 17.5300292969 19.2933654785 19.4400329590 20.4032897949 20.5632934570 20.7233276367 22.0800476074 23.9433288574 24.2366943359 23.7399902344 24.0333557129 24.9366760254 25.9166564941 27.1932983398 25.3833312988 26.0800476074 27.2899475098 27.5866699219 28.0933227539 27.9066772461 28.5199890137 27.1166687012 27.2999572754 28.9699707031 29.2399902344 28.3766784668 28.0233459473 28.4599609375 26.2666625977 26.5766601562 26.8499450684 26.0899963379 23.6366271973 26.0367126465 27.0299987793 27.3733520508 -9999.0000000000 -9999.0000000000 -9999.0000000000 -9999.0000000000 -9999.0000000000 -9999.0000000000 -9999.0000000000 -9999.0000000000 -9999.0000000000
20.4033813477 20.0900268555 19.7566833496 19.4199829102 17.9800109863 18.1400146484 19.6966552734 21.4599914551 21.7133789062 22.2766723633 23.0766906738 24.7599792480 24.5233459473 24.5965881348 25.8699645996 26.3399963379 26.0566711426 27.4467468262 27.9333496094 28.6166381836 28.4166564941 28.7199707031 28.5233459473 26.8333435059 26.7367248535 28.8999633789 28.5799865723 27.6300048828 27.8800354004 25.0299987793 25.7633666992 26.3633422852 26.3999938965 24.7966918945 25.9033813477 28.1166381836 26.9533386230 -9999.0000000000 -9999.0000000000 -9999.0000000000 -9999.0000000000 -9999.0000000000 -9999.0000000000 -9999.0000000000 -9999.0000000000 -9999.0000000000 -9999.0000000000
22.1133117676 18.2200012207 19.1799926758 19.2433471680 19.1933593750 20.2666931152 23.3199768066 23.1766662598 23.6233215332 23.0633239746 23.3467102051 25.0100097656 23.4766540527 24.8566894531 25.9233703613 25.5033569336 22.6033630371 24.8099975586 28.0066528320 28.3967285156 26.6867065430 28.1633300781 28.5500183105 26.0266418457 25.7333374023 28.2300109863 28.5299682617 28.3966674805 27.7500000000 26.3966674805 26.7300415039 26.4599914551 26.0866088867 25.9166870117 26.8366699219 27.2466735840 28.2833557129 -9999.0000000000 -9999.0000000000 -9999.0000000000 -9999.0000000000 -9999.0000000000 -9999.0000000000 -9999.0000000000 -9999.0000000000 -9999.0000000000 -9999.0000000000
19.1333312988 19.2533874512 19.1199951172 20.1766357422 19.1399841309 20.5833435059 23.6099853516 24.0299682617 24.8733215332 23.8999938965 25.2666931152 24.3600463867 24.8366699219 25.7933349609 26.2633056641 25.7399902344 26.0533142090 26.6666870117 26.9833374023 27.6766662598 28.0532836914 27.9366455078 26.8266906738 26.0099792480 26.6900329590 28.7700195312 27.3899536133 27.8499755859 27.4033508301 25.7500000000 26.2900085449 26.7133483887 25.6400146484 25.8500366211 28.0766906738 28.3599853516 27.9825134277 -9999.0000000000 -9999.0000000000 -9999.0000000000 -9999.0000000000 -9999.0000000000 -9999.0000000000 -9999.0000000000 -9999.0000000000 -9999.0000000000 -9999.0000000000
20.3399963379 19.6866760254 20.1400756836 19.9700012207 20.0833435059 20.8166503906 21.9400024414 24.0700378418 25.6133117676 26.0433654785 26.1800231934 25.5833435059 26.8733215332 25.5433654785 27.0299987793 27.2066650391 28.6099853516 26.1033020020 27.5433349609 27.2566833496 26.6433410645 26.9166870117 26.6033325195 27.1866760254 27.3699951172 28.3432922363 27.6699829102 27.6166992188 26.4500122070 25.4966735840 25.7200317383 25.1966857910 27.7399597168 28.6499938965 28.3699951172 28.7600097656 -9999.0000000000 -9999.0000000000 27.5466613770 26.8599853516 -9999.0000000000 -9999.0000000000 -9999.0000000000 -9999.0000000000 -9999.0000000000 -9999.0000000000 -9999.0000000000
20.7366943359 20.1900024414 21.0633544922 20.0933227539 21.8199768066 22.8533325195 24.2833251953 24.3166809082 24.8500671387 25.2833251953 26.9233093262 27.2833557129 28.0899963379 27.6832580566 28.1766357422 27.4600219727 27.1600036621 27.4466857910 27.2866821289 26.2133789062 26.7199707031 26.5966491699 26.6867065430 28.1567077637 26.8433532715 27.0466918945 27.7500000000 27.3666992188 27.3099670410 26.7399902344 26.4299316406 27.7066345215 28.6133117676 29.1366882324 28.5667114258 28.0113525391 -9999.0000000000 28.1000061035 23.6733398438 26.9599914551 -9999.0000000000 -9999.0000000000 -9999.0000000000 -9999.0000000000 -9999.0000000000 -9999.0000000000 28.8466491699
21.8300170898 20.6866455078 22.1000061035 21.3599853516 22.4200134277 22.4833679199 23.7200012207 24.8599853516 25.5899963379 26.2333068848 27.1566772461 26.6933593750 27.2933044434 27.8000488281 28.4066772461 28.5266723633 26.7166748047 26.5132751465 26.8199462891 26.9500122070 26.5766296387 27.2799987793 27.9466857910 28.0332946777 27.2133178711 27.1200256348 27.7399902344 28.2599792480 27.1900024414 27.0266418457 26.3933105469 28.0299987793 28.7999572754 28.2152099609 -9999.0000000000 -9999.0000000000 28.5133361816 26.0767211914 15.1333312988 25.6600036621 -9999.0000000000 -9999.0000000000 28.7666625977 28.2566833496 28.7699890137 -9999.0000000000 -9999.0000000000
22.4266052246 21.4833374023 20.9366455078 21.1867370605 21.6632995605 22.4299621582 22.6099548340 24.2833251953 26.3266601562 28.4599914551 28.2000427246 27.9366149902 27.9100036621 28.4166259766 28.2400207520 28.3366699219 27.9433288574 28.2666625977 28.2599792480 28.2866821289 28.2233276367 28.1333312988 28.7232971191 27.9000549316 28.1900939941 28.1099853516 27.6233520508 27.4400329590 27.8633422852 27.9866638184 28.4466552734 28.0133056641 -9999.0000000000 -9999.0000000000 -9999.0000000000 28.8399963379 28.3966674805 20.9467163086 19.1633300781 23.6133422852 -9999.0000000000 -9999.0000000000 -9999.0000000000 -9999.0000000000 -9999.0000000000 -9999.0000000000 -9999.0000000000
22.2000122070 22.7366638184 22.2566833496 20.6466674805 22.4166870117 23.4733276367 24.1499938965 25.2300415039 25.0000000000 26.5699768066 27.5366516113 28.5733032227 28.4200134277 28.2300415039 28.0366821289 28.4600219727 28.7599792480 28.7866516113 28.3000183105 28.1233520508 28.1466369629 28.5600280762 29.0966491699 28.6733398438 28.6766967773 28.2033081055 27.2933044434 27.6033630371 28.5066528320 29.1400146484 28.9200439453 -9999.0000000000 -9999.0000000000 -9999.0000000000 -9999.0000000000 28.8733215332 27.9566955566 21.1166687012 23.1466979980 -9999.0000000000 -9999.0000000000 -9999.0000000000 -9999.0000000000 -9999.0000000000 -9999.0000000000 -9999.0000000000 -9999.0000000000
22.9633178711 22.4833374023 24.6233215332 27.1100158691 26.8733215332 27.1366271973 27.3166503906 26.1800231934 26.9566345215 27.7266845703 28.3800048828 28.6633605957 28.4332885742 28.4532775879 28.3766174316 27.9866943359 27.8099975586 27.8199462891 27.4499816895 27.7633666992 27.7800292969 28.4133300781 28.8367004395 28.8466491699 28.3332824707 28.0233764648 28.3533325195 28.7900390625 28.9466247559 29.1766357422 -9999.0000000000 -9999.0000000000 -9999.0000000000 -9999.0000000000 -9999.0000000000 -9999.0000000000 27.8299865723 21.8300170898 21.3666992188 -9999.0000000000 -9999.0000000000 -9999.0000000000 -9999.0000000000 -9999.0000000000 -9999.0000000000 -9999.0000000000 -9999.0000000000
24.7199707031 25.9566955566 26.2866821289 27.3567199707 29.8367004395 30.0100097656 28.9766845703 27.9533386230 26.8200073242 28.1866760254 28.5633544922 28.4399719238 28.1533508301 28.0866394043 27.9100036621 27.8366699219 27.9432678223 28.1666870117 27.0866699219 27.3999938965 27.8133544922 28.2533264160 28.4067077637 28.7099609375 28.6032714844 28.5599670410 -9999.0000000000 -9999.0000000000 -9999.0000000000 -9999.0000000000 -9999.0000000000 -9999.0000000000 -9999.0000000000 -9999.0000000000 -9999.0000000000 -9999.0000000000 28.4266662598 26.3999938965 -9999.0000000000 -9999.0000000000 -9999.0000000000 -9999.0000000000 -9999.0000000000 -9999.0000000000 -9999.0000000000 -9999.0000000000 -9999.0000000000
24.4833068848 25.3266601562 26.3432922363 27.5199890137 25.6866760254 29.3766784668 29.8399963379 29.1166992188 27.7666625977 27.6499938965 27.7200012207 27.5599975586 28.0800170898 28.8099975586 28.6366577148 28.4666748047 28.6799621582 28.7933654785 28.0300292969 28.2366943359 28.4700012207 28.3199768066 -9999.0000000000 -9999.0000000000 -9999.0000000000 -9999.0000000000 -9999.0000000000 -9999.0000000000 -9999.0000000000 -9999.0000000000 -9999.0000000000 -9999.0000000000 -9999.0000000000 -9999.0000000000 -9999.0000000000 -9999.0000000000 -9999.0000000000 27.2633666992 -9999.0000000000 -9999.0000000000 -9999.0000000000 -9999.0000000000 -9999.0000000000 -9999.0000000000 -9999.0000000000 -9999.0000000000 -9999.0000000000
24.5632934570 25.2899780273 26.2100219727 26.8899841309 26.9533386230 27.7266845703 29.6033020020 29.5666503906 29.0400085449 28.4099731445 28.0499877930 28.8733825684 29.1066589355 -9999.0000000000 29.1700439453 29.0066833496 29.0199584961 29.1433105469 28.6533508301 -9999.0000000000 -9999.0000000000 -9999.0000000000 -9999.0000000000 -9999.0000000000 -9999.0000000000 -9999.0000000000 -9999.0000000000 -9999.0000000000 -9999.0000000000 -9999.0000000000 -9999.0000000000 -9999.0000000000 -9999.0000000000 -9999.0000000000 -9999.0000000000 -9999.0000000000 -9999.0000000000 -9999.0000000000 -9999.0000000000 -9999.0000000000 -9999.0000000000 -9999.0000000000 -9999.0000000000 -9999.0000000000 -9999.0000000000 -9999.0000000000 -9999.0000000000
24.7333068848 25.8567199707 24.8733215332 25.9466857910 26.4199523926 26.3899841309 27.2600708008 28.6200256348 28.8000183105 29.0233154297 28.7700195312 29.0033569336 -9999.0000000000 -9999.0000000000 -9999.0000000000 28.9300231934 28.9466857910 -9999.0000000000 -9999.0000000000 -9999.0000000000 -9999.0000000000 -9999.0000000000 -9999.0000000000 -9999.0000000000 -9999.0000000000 -9999.0000000000 -9999.0000000000 -9999.0000000000 -9999.0000000000 -9999.0000000000 -9999.0000000000 -9999.0000000000 -9999.0000000000 -9999.0000000000 -9999.0000000000 -9999.0000000000 -9999.0000000000 -9999.0000000000 -9999.0000000000 -9999.0000000000 -9999.0000000000 -9999.0000000000 -9999.0000000000 -9999.0000000000 -9999.0000000000 -9999.0000000000 -9999.0000000000
24.8999938965 24.7233276367 24.2333068848 24.3166809082 26.0766296387 27.4466247559 27.6267089844 28.4966735840 28.9299926758 29.0632934570 -9999.0000000000 -9999.0000000000 -9999.0000000000 -9999.0000000000 -9999.0000000000 29.0533142090 28.9833068848 29.1633300781 -9999.0000000000 -9999.0000000000 -9999.0000000000 -9999.0000000000 -9999.0000000000 -9999.0000000000 -9999.0000000000 -9999.0000000000 -9999.0000000000 -9999.0000000000 -9999.0000000000 -9999.0000000000 -9999.0000000000 -9999.0000000000 -9999.0000000000 -9999.0000000000 -9999.0000000000 -9999.0000000000 -9999.0000000000 -9999.0000000000 -9999.0000000000 28.8433532715 28.9499816895 -9999.0000000000 -9999.0000000000 -9999.0000000000 -9999.0000000000 -9999.0000000000 -9999.0000000000
