model_inputs/inputs_caete3/tas/tas_LAYER9.asc
ncols 720
nrows 360
xllcorner -180
yllcorner -90
cellsize 0.500000
NODATA_value -9999.000000
[rows 20 to 39 of 360, columns 235 to 281 of 720]
-8.0966491699 -9.1333312988 -9.6533508301 -10.2866516113 -10.7066345215 -11.2199707031 -11.6266784668 -12.0366210938 -12.1433410645 -12.2500000000 -12.4699707031 -13.0000000000 -13.3166503906 -13.6233215332 -14.0366821289 -14.4566955566 -14.8733215332 -15.2866821289 -15.7033386230 -16.3233337402 -16.5433349609 -16.8599853516 -17.2699890137 -17.6833038330 -18.1066284180 -18.6199951172 -19.0299987793 -19.3866729736 -19.6566619873 -20.0100250244 -20.2699737549 -20.6433105469 -20.8967132568 -21.2533569336 -21.5199890137 -21.8233489990 -22.1166534424 -22.4166412354 -22.7233581543 -23.1133422852 -23.3199920654 -23.6166992188 -23.8199615479 -24.0366668701 -24.1266632080 -24.0266113281 -24.3300323486
-9.5466613770 -10.1866760254 -10.8200378418 -11.1400146484 -11.4666442871 -11.8800048828 -12.2866821289 -12.6999816895 -12.9100341797 -13.3233337402 -13.4367065430 -13.8533020020 -14.1700134277 -14.4866638184 -14.6966857910 -15.0266418457 -15.5466613770 -15.9466857910 -16.2666320801 -16.5866699219 -16.9033508301 -17.3299865723 -17.6466979980 -17.9600067139 -18.3700256348 -18.7633514404 -19.0300140381 -19.4900054932 -19.7533416748 -20.1066589355 -20.4666748047 -20.7400207520 -21.1033477783 -21.4566650391 -21.7466735840 -22.1433105469 -22.4433441162 -22.7433471680 -22.9599609375 -23.1632995605 -23.3533477783 -23.5433349609 -23.6633453369 -23.8599548340 -24.0666656494 -23.9633789062 -24.0433197021
-11.6199645996 -11.8467102051 -12.1733398438 -12.3899841309 -12.5233154297 -12.8499755859 -13.2700195312 -13.3800048828 -13.8766479492 -13.9999694824 -14.4066772461 -14.7267150879 -15.0499877930 -15.3500061035 -15.5700378418 -16.0933227539 -16.3033447266 -16.6200256348 -16.9300231934 -17.1466979980 -17.4700164795 -17.7833251953 -18.0033264160 -18.3133392334 -18.8066711426 -18.9700012207 -19.3266906738 -19.6799774170 -19.9566802979 -20.3200225830 -20.5833129883 -20.8433532715 -21.1033477783 -21.4833221436 -21.7699890137 -22.0833282471 -22.3733215332 -22.6799774170 -22.8833465576 -23.1699676514 -23.3799896240 -23.5766296387 -23.7766876221 -23.9933471680 -24.1933288574 -24.1799926758 -24.3732910156
-12.9699707031 -13.1066589355 -13.4299926758 -13.5633850098 -13.6933288574 -13.7199401855 -13.9333190918 -14.2599792480 -14.6666870117 -14.8699951172 -15.0800170898 -15.1900329590 -15.4033508301 -15.6199645996 -15.8366394043 -16.0433044434 -16.2566833496 -16.5866699219 -16.8966979980 -17.0100097656 -17.3300476074 -17.5599975586 -17.8733367920 -18.3333129883 -18.6033630371 -18.9633026123 -19.3166809082 -19.5833435059 -19.8533477783 -20.0099792480 -20.3733520508 -20.6400146484 -20.7999877930 -21.0966186523 -21.5099792480 -21.7999877930 -22.1000061035 -22.3100128174 -22.6066589355 -22.9067077637 -23.2032775879 -23.4099731445 -23.7200012207 -23.8100280762 -24.0199737549 -23.8100128174 -24.1100463867
-12.2366943359 -12.8533325195 -13.3833312988 -13.6200256348 -13.7500000000 -13.6900024414 -13.8066406250 -14.3233337402 -14.4366760254 -14.7433471680 -14.8533020020 -14.9699707031 -15.1700134277 -15.1900024414 -15.5999755859 -16.0233459473 -16.1366882324 -16.2432861328 -16.4666442871 -16.6733093262 -16.9933166504 -17.3099822998 -17.5733337402 -18.1399536133 -18.3066558838 -18.6533203125 -18.9233398438 -19.1799926758 -19.4466094971 -19.7066497803 -19.9666442871 -20.2366485596 -20.4133148193 -20.8300018311 -21.1333160400 -21.5366363525 -21.8300018311 -22.1333312988 -22.4333801270 -22.7333221436 -22.9466705322 -23.0466918945 -23.3433227539 -23.6299743652 -23.9400024414 -24.0333557129 -24.1300048828
-11.5899963379 -12.4266662598 -12.7532958984 -12.9866943359 -13.1066589355 -13.0333557129 -13.1666870117 -13.5899963379 -13.8066711426 -14.1166687012 -14.2300109863 -14.4333496094 -14.5499877930 -14.6567077637 -14.8733215332 -15.2800598145 -15.5000000000 -15.8099975586 -15.9199829102 -16.1499938965 -16.4533081055 -16.8033752441 -17.0633239746 -17.6200103760 -17.7866821289 -18.1633300781 -18.5266876221 -18.6800079346 -18.9433288574 -19.3133697510 -19.5799865723 -19.8466949463 -20.0533447266 -20.5433349609 -20.9533233643 -21.2500000000 -21.6533203125 -21.9599914551 -22.3600006104 -22.6633605957 -22.8600158691 -22.9599761963 -23.0633697510 -23.3666534424 -23.5666809082 -23.8766632080 -24.0800323486
-9.2533569336 -9.8933105469 -10.1100158691 -10.5400085449 -10.7833251953 -10.9966430664 -11.3333129883 -11.6666259766 -11.9666442871 -12.2799682617 -12.6099853516 -12.9066772461 -13.2133483887 -13.5267028809 -13.8366394043 -14.0499877930 -14.2633361816 -14.5766601562 -14.9900207520 -15.1933288574 -15.6533813477 -15.8099670410 -16.1699829102 -16.6366577148 -17.0933227539 -17.4599761963 -17.8233032227 -18.1800231934 -18.4399871826 -18.8066253662 -19.0733642578 -19.4733428955 -19.8733062744 -20.2832794189 -20.7766876221 -21.2800140381 -21.7799682617 -22.1899566650 -22.5933074951 -22.8966217041 -23.0900115967 -23.1866760254 -23.2799987793 -23.2866821289 -23.4866790771 -23.7900085449 -23.8899688721
-3.7166442871 -4.5400085449 -5.0700073242 -6.4933471680 -6.6266479492 -7.5666198730 -8.0933227539 -9.1233215332 -9.8500061035 -10.4533081055 -10.9699707031 -11.3932800293 -11.4966735840 -11.7966918945 -12.2099914551 -12.5234069824 -12.9366760254 -13.3433532715 -13.8233337402 -14.1800231934 -14.5433349609 -14.8066101074 -15.1666564941 -15.6299743652 -15.8966369629 -16.6566772461 -17.0166931152 -17.4766693115 -17.8500213623 -18.2166748047 -18.5033111572 -18.9066925049 -19.3033294678 -19.7966766357 -20.1067047119 -21.1066436768 -21.5033416748 -21.8999938965 -22.2100067139 -22.6133575439 -22.8066253662 -23.0099639893 -23.2166290283 -23.3200073242 -23.5166931152 -23.6033477783 -23.7133178711
-9999.0000000000 -9999.0000000000 -9999.0000000000 -9999.0000000000 -4.7933349609 -3.7200012207 -3.1533203125 -3.9800109863 -4.5966796875 -6.3266601562 -7.5299987793 -8.6566772461 -9.4667053223 -9.9699707031 -10.5866394043 -10.8033447266 -11.2066955566 -11.6733398438 -12.1266479492 -12.8833007812 -13.3500061035 -13.8166809082 -14.2700195312 -14.6266784668 -15.0966796875 -15.6599731445 -15.8166503906 -16.5733642578 -17.2533264160 -17.7266845703 -18.1199951172 -18.6266479492 -18.9266662598 -19.3299865723 -19.9299621582 -20.4333343506 -21.1333312988 -21.4233398438 -21.7333374023 -21.9266662598 -22.2333526611 -22.6433258057 -22.9400177002 -23.1333618164 -23.3433380127 -23.6466979980 -23.5400085449
-9999.0000000000 -9999.0000000000 -9999.0000000000 -9999.0000000000 -9999.0000000000 -9999.0000000000 -9999.0000000000 -9999.0000000000 -1.8666992188 -3.4966735840 -4.3166503906 -5.8233337402 -6.8533020020 -7.8499755859 -8.4633483887 -9.1733398438 -9.6300048828 -10.1800231934 -10.7366333008 -11.6899719238 -12.4533386230 -12.9099731445 -13.5700378418 -14.1266784668 -14.4966735840 -15.0566711426 -15.3166809082 -16.2733459473 -16.7433166504 -17.2433319092 -17.6499786377 -18.1432952881 -18.3533630371 -18.8533325195 -19.4700164795 -20.0666198730 -20.5466613770 -20.8566741943 -21.1599884033 -21.4566497803 -21.6666717529 -22.0599975586 -22.2666778564 -22.5566864014 -22.6599884033 -23.0666351318 -23.0666809082
-9999.0000000000 -9999.0000000000 -9999.0000000000 -9999.0000000000 -9999.0000000000 -9999.0000000000 -9999.0000000000 -9999.0000000000 -9999.0000000000 -1.8633422852 -1.3899841309 -2.5933532715 -4.2099914551 -5.7233886719 -7.0233154297 -7.6732788086 -8.2266235352 -9.3899841309 -9.9400024414 -11.1033020020 -11.7599792480 -12.8066711426 -13.2600097656 -13.6233215332 -13.7900085449 -15.1566772461 -15.5266723633 -16.0833435059 -16.6733093262 -17.1733245850 -17.7766418457 -18.0699920654 -18.5700073242 -19.1833648682 -19.8766937256 -20.3766784668 -20.6766967773 -20.9733428955 -21.1833038330 -21.4866638184 -21.6866455078 -21.8966827393 -22.1866760254 -22.3933563232 -22.5033569336 -22.4933166504 -22.5899810791
-9999.0000000000 -9999.0000000000 -9999.0000000000 -9999.0000000000 -9999.0000000000 -9999.0000000000 -9999.0000000000 -9999.0000000000 -9999.0000000000 -9999.0000000000 -0.7399902344 -1.1666259766 -2.5833435059 -4.1600036621 -5.9200134277 -6.9866333008 -7.8433532715 -8.8066711426 -9.5599975586 -10.8066406250 -11.5766601562 -12.5299682617 -12.7800292969 -13.3366088867 -13.4766540527 -14.9533386230 -15.4199829102 -15.6900329590 -16.1933288574 -16.6966552734 -17.2966766357 -17.7999877930 -18.4000396729 -18.7966461182 -19.4033355713 -19.9033508301 -20.1100616455 -20.4166564941 -20.6066284180 -20.9066772461 -21.1133270264 -21.3100128174 -21.5167236328 -21.7199707031 -21.8133544922 -21.8066711426 -21.9033508301
-9999.0000000000 -9999.0000000000 -9999.0000000000 -9999.0000000000 -9999.0000000000 -9999.0000000000 -9999.0000000000 -9999.0000000000 -9999.0000000000 -9999.0000000000 -9999.0000000000 -0.1366882324 -0.3099975586 -1.7666625977 -3.0299682617 -5.1832885742 -6.5466613770 -7.5966491699 -8.7600097656 -10.0133361816 -10.7733459473 -11.7333068848 -12.2700195312 -13.0433044434 -13.5000305176 -14.3533325195 -14.7200317383 -15.2200317383 -15.8299865723 -16.2266540527 -16.7266845703 -17.3233489990 -17.6199951172 -18.0199737549 -18.4200134277 -18.7166748047 -19.2233428955 -19.5199890137 -19.8266601562 -20.3233795166 -20.6166687012 -21.0133209229 -21.2133331299 -21.3100128174 -21.4133453369 -21.8066406250 -21.9100341797
-9999.0000000000 -9999.0000000000 -9999.0000000000 -9999.0000000000 -9999.0000000000 -9999.0000000000 -9999.0000000000 -9999.0000000000 -9999.0000000000 -9999.0000000000 -9999.0000000000 -9999.0000000000 0.5833129883 0.3233337402 -1.3399963379 -2.8000488281 -4.4599914551 -6.2100219727 -7.6666564941 -8.7299804688 -9.7833251953 -10.5333251953 -11.5966186523 -12.1566772461 -12.7999572754 -13.7566528320 -14.1266479492 -14.6366577148 -15.1366882324 -15.6333618164 -16.1299743652 -16.7266540527 -17.1199951172 -17.5233306885 -17.8267059326 -18.2299804688 -18.6166534424 -18.9166717529 -19.2233581543 -19.7200164795 -20.0266723633 -20.3266448975 -20.6233367920 -21.0233306885 -21.2233428955 -21.6166839600 -21.7099914551
-9999.0000000000 -9999.0000000000 -9999.0000000000 -9999.0000000000 -9999.0000000000 -9999.0000000000 -9999.0000000000 -9999.0000000000 -9999.0000000000 -9999.0000000000 -9999.0000000000 -9999.0000000000 0.1733398438 -0.4766845703 -0.8366699219 -0.0933532715 -1.5500183105 -3.9166870117 -5.9633483887 -8.0133056641 -8.8600158691 -9.4233093262 -10.2833251953 -11.1333312988 -11.6900024414 -12.5532836914 -13.1499938965 -13.7366943359 -14.3366394043 -14.6366882324 -15.2266845703 -15.9300231934 -16.4266967773 -16.8333435059 -17.1333618164 -17.6267089844 -17.9399871826 -18.3366851807 -18.6199798584 -19.0233459473 -19.4333343506 -19.8266906738 -20.1266784668 -20.5233764648 -20.6233215332 -21.0166931152 -21.0199584961
-9999.0000000000 -9999.0000000000 -9999.0000000000 -9999.0000000000 -9999.0000000000 -9999.0000000000 -9999.0000000000 -9999.0000000000 -9999.0000000000 -9999.0000000000 -9999.0000000000 -9999.0000000000 -9999.0000000000 0.2300109863 -0.0233459473 -1.6733703613 -2.6399841309 -3.0900268555 -5.2433471680 -6.6900329590 -5.4533081055 -8.2100219727 -8.9599609375 -9.6233825684 -10.4733581543 -11.1766662598 -11.8633422852 -12.4666442871 -13.4466247559 -13.9466552734 -14.4399719238 -14.9333190918 -15.5333251953 -16.2366638184 -16.5333557129 -16.9299621582 -17.3332824707 -17.5366516113 -17.9333343506 -18.3299865723 -18.7300262451 -19.1299896240 -19.3200073242 -19.8299713135 -19.9266510010 -20.3166656494 -20.4166564941
-9999.0000000000 -9999.0000000000 -9999.0000000000 -9999.0000000000 -9999.0000000000 -9999.0000000000 -9999.0000000000 -9999.0000000000 -9999.0000000000 -9999.0000000000 -9999.0000000000 -9999.0000000000 -9999.0000000000 0.8399963379 -0.6266479492 -2.4833679199 -3.4333496094 -1.0800170898 -1.8333435059 -2.6866760254 -4.0400085449 -4.3999938965 -4.8500061035 -6.4033203125 -8.1900024414 -9.5799560547 -10.4700012207 -11.4667053223 -12.0699768066 -12.8533630371 -13.4433288574 -13.9466552734 -14.3432922363 -14.9299926758 -15.4500427246 -16.0399780273 -16.4400329590 -16.7366943359 -17.1333312988 -17.4366455078 -17.8433227539 -18.2300262451 -18.5333251953 -18.9300079346 -19.2366638184 -18.7233123779 -18.8200073242
-9999.0000000000 -9999.0000000000 -9999.0000000000 -9999.0000000000 -9999.0000000000 -9999.0000000000 -9999.0000000000 -9999.0000000000 -9999.0000000000 -9999.0000000000 -9999.0000000000 -9999.0000000000 -9999.0000000000 -9999.0000000000 0.8899841309 -0.8666992188 -0.9166259766 -0.3732910156 -0.1333618164 -1.3733520508 -2.0133361816 -2.1766967773 -3.7299804688 -3.9066467285 -6.9033203125 -8.4033508301 -9.2899780273 -10.4833374023 -10.9799804688 -11.4600219727 -12.1666870117 -12.7600097656 -13.3433532715 -13.7500000000 -14.3400268555 -14.9466552734 -15.3467102051 -15.9466552734 -16.2499694824 -16.6333007812 -17.0267028809 -17.4267120361 -17.7299804688 -18.2266845703 -18.4166412354 -18.1166534424 -18.1099700928
-9999.0000000000 -9999.0000000000 -9999.0000000000 -9999.0000000000 -9999.0000000000 -9999.0000000000 -9999.0000000000 -9999.0000000000 -9999.0000000000 -9999.0000000000 -9999.0000000000 -9999.0000000000 -9999.0000000000 -9999.0000000000 -9999.0000000000 2.0400085449 0.0800170898 -1.5766296387 -1.4233398438 -1.2733154297 -0.8299865723 -0.2833251953 -0.5267028809 -0.9266967773 -3.8166809082 -5.8000183105 -7.3966674805 -8.3966674805 -9.4933471680 -10.3833312988 -10.9700012207 -11.6666564941 -12.2633361816 -12.8533325195 -13.4466247559 -13.9333190918 -14.5400390625 -14.9433288574 -15.3433227539 -15.8299865723 -16.1233825684 -16.5299987793 -16.7166442871 -17.3032989502 -17.5133361816 -17.7066497803 -18.0000152588
-9999.0000000000 -9999.0000000000 -9999.0000000000 -9999.0000000000 -9999.0000000000 -9999.0000000000 -9999.0000000000 -9999.0000000000 -9999.0000000000 -9999.0000000000 -9999.0000000000 -9999.0000000000 -9999.0000000000 -9999.0000000000 -9999.0000000000 0.8433227539 1.0933532715 -2.8566589355 -2.3166809082 -1.2799987793 -1.5266113281 -2.1833496094 -0.2633056641 -0.2600097656 -1.6366271973 -3.9199829102 -5.9166564941 -7.4033508301 -8.2900085449 -9.1900329590 -9.9899902344 -10.6866760254 -11.2766113281 -11.9600219727 -12.5566406250 -13.1332702637 -13.7366638184 -14.0266723633 -14.5199279785 -14.9199829102 -15.3266906738 -15.7166442871 -15.9133300781 -16.4100036621 -16.7066955566 -16.6966857910 -16.9033508301
