model_inputs/inputs_caete3/tas/tas_LAYER8.asc
ncols 720
nrows 360
xllcorner -180
yllcorner -90
cellsize 0.500000
NODATA_value -9999.000000
[rows 20 to 39 of 360, columns 282 to 328 of 720]
-14.5466918945 -14.5500488281 -14.4533386230 -14.1567077637 -13.4499816895 -12.9466247559 -12.9466552734 -12.5533447266 -11.7500000000 -11.2433471680 -11.1333312988 -10.6333312988 -9.9267272949 -9.3233032227 -8.7166748047 -8.2099914551 -7.5999450684 -6.7966613770 -5.9000244141 -5.0966491699 -3.1933593750 -3.0899658203 -2.7833557129 -2.3833312988 -1.4766845703 -0.6766967773 -0.3633422852 0.0299987793 0.5333251953 1.3333129883 2.0400390625 2.0466918945 2.2400512695 2.4433288574 2.0566406250 1.4500427246 2.7500305176 2.8499755859 1.2500000000 1.9566650391 1.7533569336 1.8600158691 2.3699951172 -9999.0000000000 -9999.0000000000 -9999.0000000000 -9999.0000000000
-14.6500244141 -14.5499877930 -14.4533081055 -14.1499938965 -13.5433349609 -12.8433532715 -12.8366394043 -12.4366760254 -11.5333251953 -11.0266723633 -10.9299621582 -10.4233398438 -9.8199768066 -9.1199645996 -8.6266479492 -8.0266418457 -7.4133300781 -6.8033447266 -6.0966796875 -4.7966613770 -3.5899963379 -3.1833190918 -3.1800231934 -2.0833435059 -1.3766784668 -1.1666870117 -0.3500061035 -0.0533447266 0.4433593750 1.1499633789 1.9433593750 2.4466857910 3.0500183105 3.1499938965 3.2533569336 2.9533386230 2.3566894531 1.4633178711 2.5633239746 3.5633239746 -9999.0000000000 0.1999206543 3.0766906738 -9999.0000000000 -9999.0000000000 -9999.0000000000 -9999.0000000000
-15.3333129883 -15.3399963379 -15.0366210938 -14.7399597168 -14.3366394043 -14.0333251953 -13.3300170898 -12.9299926758 -12.4300231934 -12.1333312988 -11.4266662598 -10.9200134277 -10.1166687012 -9.8099670410 -9.3999938965 -8.7933349609 -7.8933410645 -7.1866760254 -6.5866699219 -5.9866638184 -5.4800109863 -4.8700256348 -4.0500183105 -3.5466918945 -3.0466613770 -2.6433715820 -2.2433471680 -1.8466796875 -1.3500061035 -1.0433044434 -0.2433166504 0.6600341797 1.8566589355 2.0566711426 3.0633239746 3.7566833496 4.4566650391 4.0566711426 4.0600585938 3.8633422852 3.8666076660 3.7733459473 -9999.0000000000 -9999.0000000000 -9999.0000000000 -9999.0000000000 -9999.0000000000
-15.3299865723 -15.3300170898 -14.9266357422 -14.6166687012 -14.1166687012 -13.8166503906 -13.1199951172 -12.7233276367 -12.3166198730 -11.9100036621 -11.2066650391 -10.7099914551 -9.9033203125 -9.6033325195 -9.1900329590 -8.6932983398 -7.7900085449 -6.9866638184 -6.6733398438 -6.2732849121 -5.6766357422 -5.0599975586 -4.2566528320 -3.5533142090 -3.0466308594 -2.5499877930 -1.9466552734 -1.6466979980 -1.1499633789 -0.7466430664 0.2566528320 1.3566589355 2.4666748047 3.0633239746 3.9700012207 4.5633544922 4.5666809082 4.2767028809 4.0800476074 2.9833374023 -9999.0000000000 -9999.0000000000 -9999.0000000000 -9999.0000000000 -9999.0000000000 -9999.0000000000 -9999.0000000000
-15.4233398438 -15.2199707031 -14.8200073242 -14.5200195312 -14.2166748047 -13.9199829102 -13.3200073242 -12.9166564941 -12.2199707031 -11.6166992188 -11.1066894531 -10.6033935547 -10.2000122070 -9.7999572754 -9.1833190918 -8.6799926758 -7.9799804688 -7.3733215332 -6.6700134277 -6.1633300781 -5.6633300781 -5.1600036621 -4.4566650391 -3.8533630371 -3.1400146484 -2.6400146484 -1.3333129883 -0.3300170898 0.5666198730 1.5733337402 2.4633483887 3.1733093262 3.6700134277 4.1666259766 4.3833007812 3.5866699219 2.7833557129 3.0766601562 2.6933288574 2.7899780273 -9999.0000000000 3.3900146484 3.0000610352 -9999.0000000000 -9999.0000000000 -9999.0000000000 -9999.0000000000
-15.3066711426 -15.1000061035 -14.7099914551 -14.4166870117 -13.9133300781 -13.6066894531 -13.2033386230 -12.7999877930 -12.3033447266 -11.8099975586 -11.2966613770 -10.6899719238 -10.3899841309 -9.8833312988 -9.3766479492 -8.8733215332 -8.2633361816 -7.6600341797 -7.1632995605 -6.6533203125 -6.1600341797 -5.6600036621 -5.1466674805 -4.4433288574 -3.8367004395 -3.1300048828 -2.3233642578 -0.8266601562 0.8800354004 2.3766479492 3.6833496094 4.8966979980 4.8900451660 4.7866516113 3.8867187500 3.1832885742 2.3799743652 2.6800231934 2.4866333008 2.4899902344 2.7000427246 2.8966674805 -9999.0000000000 -9999.0000000000 -9999.0000000000 -9999.0000000000 -9999.0000000000
-15.3066711426 -15.2100524902 -14.9099731445 -14.7066650391 -14.2999877930 -13.8966369629 -13.6000061035 -13.3033142090 -12.6966857910 -12.2900085449 -11.9833679199 -11.4833068848 -11.0766601562 -10.5699768066 -10.2699584961 -10.1633300781 -9.3600158691 -9.0633544922 -8.4566650391 -7.9466552734 -7.4466552734 -7.0466613770 -6.5433349609 -5.9400024414 -5.2232971191 -4.7233581543 -4.1166381836 -2.3099975586 0.6966552734 1.7966308594 3.8033142090 5.0933532715 5.1866760254 5.0866394043 4.4899902344 4.4966430664 3.6000061035 3.1999511719 2.8999938965 2.7066040039 2.1000061035 2.7033386230 -9999.0000000000 -9999.0000000000 -9999.0000000000 -9999.0000000000 -9999.0000000000
-15.2000122070 -15.0999755859 -14.8933410645 -14.6900329590 -14.3933105469 -14.1966552734 -13.7900390625 -13.5833435059 -13.0832824707 -12.7833251953 -12.4633483887 -12.0700378418 -11.7666931152 -11.2666625977 -10.8633117676 -10.7566528320 -10.2600097656 -9.8500061035 -9.1466674805 -8.8400268555 -8.3333740234 -7.9233398438 -7.4233398438 -6.9199829102 -6.7133178711 -6.0100097656 -4.1066589355 -2.7033386230 -0.5999450684 0.3033752441 1.7999572754 2.2999877930 2.3033752441 3.2033386230 4.0066833496 2.8166503906 2.9100036621 3.3066406250 3.1099853516 3.3200073242 2.2199707031 -9999.0000000000 -9999.0000000000 -9999.0000000000 -9999.0000000000 -9999.0000000000 -9999.0000000000
-15.3699951172 -15.2666625977 -15.2666625977 -15.0632934570 -14.6733398438 -14.5699768066 -13.8666381836 -13.6666259766 -13.2633361816 -12.9566955566 -12.5600280762 -12.2633056641 -12.0566711426 -11.8533325195 -11.2500000000 -10.9433288574 -10.6434020996 -10.3299865723 -9.8233337402 -9.2266540527 -8.4199829102 -8.0099792480 -7.4100036621 -6.9133605957 -6.3066406250 -5.6966857910 -4.3000183105 -3.4899902344 -2.3899841309 -1.5899963379 -1.2899780273 -0.4866333008 0.9232788086 2.1232910156 1.5133056641 1.8233337402 1.4266357422 2.0299987793 2.9400024414 -9999.0000000000 -9999.0000000000 -9999.0000000000 -9999.0000000000 -9999.0000000000 -9999.0000000000 -9999.0000000000 -9999.0000000000
-15.0733337402 -14.9700317383 -14.8666687012 -14.6599731445 -14.6599731445 -14.4633483887 -14.2566528320 -13.8533935547 -13.5499877930 -13.2533264160 -12.8533325195 -12.4432983398 -11.9366760254 -11.7399902344 -11.2333679199 -10.7233276367 -10.5200195312 -10.1166381836 -9.7167053223 -9.1166687012 -8.4100036621 -7.9166259766 -7.3166809082 -6.8032836914 -6.2000122070 -5.5933532715 -4.8900146484 -4.3866577148 -4.0899963379 -3.6766662598 -2.8766784668 -2.0666503906 0.7233276367 1.0233459473 1.2333374023 1.9366760254 2.3366394043 2.6366882324 3.3666687012 3.7633056641 3.6466979980 3.5500793457 3.5767211914 -9999.0000000000 -9999.0000000000 -9999.0000000000 -9999.0000000000
-14.9633483887 -14.9666748047 -14.9633789062 -14.7633666992 -14.5600280762 -14.4533081055 -14.1566467285 -13.8566284180 -13.6466674805 -13.4400024414 -13.2366943359 -12.8300170898 -12.2332763672 -11.9266662598 -11.2199707031 -10.7266235352 -10.3133239746 -9.9032897949 -9.6033325195 -8.9100036621 -7.9000549316 -7.3966674805 -6.7900085449 -5.9832763672 -5.2966613770 -4.6899719238 -4.2799987793 -4.2733459473 -3.7633361816 -3.2633056641 -2.9566955566 -2.3500366211 -0.4600219727 0.4433288574 2.0466003418 2.1500244141 3.1666259766 3.0766601562 3.3866577148 3.2699890137 3.5566101074 3.5666198730 -9999.0000000000 -9999.0000000000 -9999.0000000000 -9999.0000000000 -9999.0000000000
-14.5433044434 -14.5466613770 -14.4400024414 -14.3333435059 -14.1366271973 -14.0399780273 -13.8433227539 -13.6400146484 -13.3333129883 -13.2333374023 -12.9300231934 -12.6199645996 -12.2166442871 -11.9166259766 -11.0066833496 -10.5033569336 -10.2033386230 -9.6966857910 -9.3033752441 -8.1933288574 -7.0933227539 -6.1866455078 -5.1833190918 -4.0766601562 -3.0700073242 -2.3666687012 -0.9733886719 -0.9733581543 -0.5633850098 -0.1666564941 0.0433349609 0.7466430664 2.3533630371 3.0599670410 3.7766723633 2.7866821289 3.2866516113 3.8933410645 3.2000122070 2.7799682617 -9999.0000000000 -9999.0000000000 -9999.0000000000 -9999.0000000000 -9999.0000000000 -9999.0000000000 -9999.0000000000
-14.6399841309 -14.6333618164 -14.5333862305 -14.4299926758 -14.2333068848 -14.0299682617 -13.9266662598 -13.8266601562 -13.6266784668 -13.4233398438 -12.7166442871 -12.4999694824 -12.4033508301 -12.0033264160 -11.2966613770 -10.6900329590 -9.3833312988 -8.6799926758 -7.2733154297 -5.9799804688 -4.1866455078 -4.1733398438 -2.1733398438 -1.5699768066 -1.3666687012 -0.6533203125 0.8566589355 1.6566467285 1.4466857910 3.4533081055 2.1532897949 1.4833374023 1.0866699219 2.6900024414 3.9066467285 3.1066894531 3.6199951172 4.0233459473 -9999.0000000000 -9999.0000000000 -9999.0000000000 -9999.0000000000 -9999.0000000000 -9999.0000000000 -9999.0000000000 -9999.0000000000 -9999.0000000000
-14.5299987793 -14.6366577148 -14.6366882324 -14.5333557129 -14.4266662598 -14.2266540527 -14.0266418457 -13.8166503906 -13.5067138672 -13.2033386230 -12.4000244141 -12.1966552734 -12.0966186523 -11.6900024414 -11.1933593750 -10.3899841309 -9.5767211914 -8.8733215332 -7.2699890137 -6.4633789062 -4.4633483887 -2.9599914551 -1.5533142090 -2.4466552734 -0.0466613770 -0.0400085449 1.1733093262 0.9666748047 1.5799865723 2.8833312988 2.5966491699 2.9066772461 4.0199890137 4.0200195312 3.5233764648 3.9400329590 4.1500244141 -9999.0000000000 -9999.0000000000 -9999.0000000000 -9999.0000000000 -9999.0000000000 -9999.0000000000 -9999.0000000000 -9999.0000000000 -9999.0000000000 -9999.0000000000
-14.2200317383 -14.4199829102 -14.4199829102 -14.4199829102 -14.1199951172 -14.1233825684 -13.7033386230 -13.7033386230 -13.4000244141 -13.2999877930 -12.9000244141 -12.6933288574 -11.7799987793 -11.4866638184 -10.7866821289 -9.9733276367 -9.6699829102 -8.7666320801 -7.7600097656 -6.6566772461 -5.6499938965 -3.8466491699 -0.7433166504 -1.4366760254 -0.3333435059 -0.8333435059 -1.0299987793 0.6799926758 2.7933349609 0.9066467285 3.1200256348 3.3266601562 4.0433349609 4.1533508301 -9999.0000000000 -9999.0000000000 -9999.0000000000 -9999.0000000000 -9999.0000000000 -9999.0000000000 -9999.0000000000 -9999.0000000000 -9999.0000000000 -9999.0000000000 -9999.0000000000 -9999.0000000000 -9999.0000000000
-13.8033142090 -13.9066467285 -14.0067138672 -14.0066223145 -13.7066345215 -13.7033691406 -13.3999938965 -13.2933654785 -13.0932922363 -12.9899902344 -12.5866394043 -12.3766784668 -11.5666198730 -11.1600036621 -10.0533752441 -9.0599670410 -8.3533630371 -7.4466857910 -5.8466491699 -3.9433593750 -2.9500122070 -4.3299865723 -2.2299499512 -1.7266540527 -0.1266479492 -0.8200073242 -1.6000061035 -0.8933410645 -0.9966735840 1.6299743652 4.2399597168 4.3499755859 4.4733276367 3.5799560547 -9999.0000000000 -9999.0000000000 -9999.0000000000 -9999.0000000000 -9999.0000000000 -9999.0000000000 -9999.0000000000 -9999.0000000000 -9999.0000000000 -9999.0000000000 -9999.0000000000 -9999.0000000000 -9999.0000000000
-12.7933349609 -12.9000244141 -13.1966247559 -13.1832885742 -13.4866638184 -13.4866943359 -13.3866577148 -13.0866699219 -12.9766540527 -12.6799926758 -12.4733581543 -12.1699523926 -11.8666992188 -11.0533447266 -10.2499694824 -9.0433349609 -7.6399841309 -6.4366455078 -4.8366699219 -2.2333374023 -0.9233398438 0.7799987793 -0.6199645996 -0.7166748047 -1.3100280762 -2.3800354004 -1.2833251953 -2.4700012207 0.7466735840 1.5566406250 3.0700073242 3.6799621582 4.0899963379 4.3133239746 4.4099731445 -9999.0000000000 -9999.0000000000 -9999.0000000000 -9999.0000000000 -9999.0000000000 -9999.0000000000 -9999.0000000000 -9999.0000000000 -9999.0000000000 -9999.0000000000 -9999.0000000000 -9999.0000000000
-12.3799743652 -12.3833618164 -12.6799926758 -12.8799438477 -13.0766906738 -13.0733337402 -12.9733581543 -12.6633911133 -12.6633605957 -12.3566284180 -12.1599731445 -11.8533630371 -11.6399841309 -11.0433349609 -10.3333129883 -9.0332946777 -7.5433349609 -6.7299804688 -6.3133239746 -3.8133239746 -1.3133239746 0.9866638184 -0.1066589355 -2.0899963379 -1.4733276367 -0.9666748047 2.6433410645 3.3599853516 4.3732910156 3.6866455078 3.6000671387 3.6133117676 3.1166381836 3.6299438477 4.4333190918 -9999.0000000000 -9999.0000000000 -9999.0000000000 -9999.0000000000 -9999.0000000000 -9999.0000000000 -9999.0000000000 -9999.0000000000 -9999.0000000000 -9999.0000000000 -9999.0000000000 -9999.0000000000
-12.3699645996 -12.6699829102 -12.5800170898 -12.6800231934 -12.6733703613 -12.6733093262 -12.6666870117 -12.5599975586 -12.3533325195 -11.8466491699 -11.4400024414 -11.3300170898 -11.0299987793 -10.5266723633 -9.7233276367 -8.5233459473 -6.6233215332 -4.5100402832 -3.6133422852 -1.7066650391 -1.2000122070 1.0100097656 0.1233520508 0.0299682617 0.8366699219 1.5599975586 1.9800109863 3.7867126465 -9999.0000000000 4.9200744629 4.6199951172 3.8233337402 4.0499877930 3.2600402832 4.0599975586 -9999.0000000000 -9999.0000000000 -9999.0000000000 -9999.0000000000 -9999.0000000000 -9999.0000000000 -9999.0000000000 -9999.0000000000 -9999.0000000000 -9999.0000000000 -9999.0000000000 -9999.0000000000
-11.8599853516 -12.1633300781 -12.1533203125 -12.2500305176 -12.2533874512 -12.3500061035 -12.2500305176 -12.1499938965 -11.9466552734 -11.7366638184 -11.1333007812 -11.1266784668 -10.8333435059 -10.4233398438 -9.4166564941 -8.5066833496 -6.4999694824 -3.7033386230 -2.2999877930 -1.3833312988 -0.2733459473 -0.0600280762 -0.3533630371 -1.0332946777 0.7733154297 3.0900268555 1.9999694824 3.0100097656 2.5133361816 2.2333068848 5.4466552734 5.2633056641 4.2733154297 4.7500000000 3.1733398438 -9999.0000000000 -9999.0000000000 -9999.0000000000 -9999.0000000000 -9999.0000000000 -9999.0000000000 -9999.0000000000 -9999.0000000000 -9999.0000000000 -9999.0000000000 -9999.0000000000 -9999.0000000000
