model_inputs/inputs_caete3/tas/tas_LAYER8.asc
ncols 720
nrows 360
xllcorner -180
yllcorner -90
cellsize 0.500000
NODATA_value -9999.000000
[rows 60 to 79 of 360, columns 376 to 422 of 720]
10.2500000000 10.2000122070 12.8999633789 13.5933227539 15.2866516113 15.5499877930 15.3266601562 14.8034057617 14.7733459473 14.6533508301 14.9299621582 14.7333068848 14.3600158691 14.2633666992 14.2833251953 14.6499938965 15.1099853516 15.4365844727 15.8466796875 16.1533508301 16.2566528320 16.2433776855 15.7200012207 -9999.0000000000 -9999.0000000000 -9999.0000000000 -9999.0000000000 -9999.0000000000 16.0199890137 16.0299682617 16.0200195312 16.0066528320 16.0866699219 -9999.0000000000 -9999.0000000000 16.0666198730 16.0666198730 16.2566833496 -9999.0000000000 -9999.0000000000 16.3566894531 16.3433532715 16.1266784668 16.2066650391 16.4800109863 16.3633117676 16.2100219727
11.5832824707 12.3266906738 14.7166442871 15.0066833496 16.1033630371 16.2466125488 15.8667297363 15.3433227539 15.1267089844 15.2166748047 15.5200500488 15.5000610352 15.2066345215 14.9966735840 15.1433410645 15.3233032227 15.6066284180 15.8500061035 16.1733093262 16.3766174316 16.4400024414 15.8432922363 16.6065368652 16.6356506348 -9999.0000000000 -9999.0000000000 -9999.0000000000 -9999.0000000000 -9999.0000000000 16.2733459473 16.2633666992 16.4633178711 16.4499816895 16.4200134277 16.3100280762 16.1999816895 16.0867004395 16.0899963379 16.3833618164 16.3899841309 16.2733154297 16.2733459473 16.2699584961 16.2400512695 16.4066772461 16.3733215332 16.3433532715
14.1333007812 14.2466735840 16.0399475098 16.1333312988 -9999.0000000000 16.3499755859 16.2366638184 15.4833679199 15.3733215332 15.7733154297 15.7666625977 15.4566650391 15.0700378418 15.2000122070 15.2966308594 15.7866210938 16.0800170898 16.2333374023 16.4733276367 16.0000305176 15.9866943359 -9999.0000000000 -9999.0000000000 -9999.0000000000 -9999.0000000000 -9999.0000000000 -9999.0000000000 -9999.0000000000 16.3699645996 16.8099975586 16.5200500488 16.7066955566 16.6966247559 16.6699523926 16.5499877930 16.4433288574 16.3266601562 16.2033386230 16.5933227539 16.4000244141 16.2966308594 16.3866882324 16.4933471680 16.4732971191 16.5133666992 16.4800109863 16.4666748047
15.6766662598 16.1766357422 -9999.0000000000 -9999.0000000000 -9999.0000000000 -9999.0000000000 16.2366943359 16.1333618164 15.8233337402 15.8133239746 15.5033569336 14.8733215332 15.2066955566 15.1966857910 15.5066528320 15.8033752441 16.1999816895 16.5932922363 -9999.0000000000 -9999.0000000000 -9999.0000000000 -9999.0000000000 16.3833007812 -9999.0000000000 -9999.0000000000 -9999.0000000000 -9999.0000000000 16.6066894531 16.9166870117 16.9366760254 16.7500000000 16.7400207520 17.0199584961 16.8933410645 16.6733398438 16.4732971191 16.4667053223 16.3466796875 16.5332946777 16.6199951172 16.4166870117 16.3167114258 16.5066833496 16.5866699219 16.6366577148 16.6099853516 16.5766906738
-9999.0000000000 -9999.0000000000 -9999.0000000000 16.5299682617 16.5766601562 16.5899963379 -9999.0000000000 16.3099975586 16.0666198730 15.8800354004 15.5466613770 14.7200622559 14.7799682617 14.5866699219 14.9933776855 15.4899902344 16.1033630371 16.2000122070 -9999.0000000000 -9999.0000000000 16.2399597168 16.8833007812 16.5533142090 -9999.0000000000 -9999.0000000000 -9999.0000000000 -9999.0000000000 16.8366699219 17.0533752441 16.8699951172 -9999.0000000000 -9999.0000000000 16.9800109863 16.8466491699 16.7166748047 16.7233581543 16.6033325195 16.3866882324 16.1799926758 16.5566711426 16.6333923340 16.6266479492 16.5267028809 16.6033325195 16.5633544922 16.5267028809 16.6033325195
-9999.0000000000 16.5466613770 16.6233215332 16.4099426270 16.2500000000 16.6933593750 16.6532897949 16.5866699219 16.3966369629 16.1867065430 15.6266174316 15.2066650391 15.1633300781 15.1099853516 15.2866516113 15.6800231934 16.2532958984 16.4366760254 16.5633239746 -9999.0000000000 17.0799560547 16.6099853516 -9999.0000000000 -9999.0000000000 -9999.0000000000 -9999.0000000000 17.0500183105 17.1833496094 17.1833190918 16.8133544922 17.2167053223 -9999.0000000000 17.3266296387 16.9833984375 16.6599731445 16.3567199707 16.4333496094 16.5033264160 16.3866882324 16.5666198730 16.8533325195 16.8500671387 16.4199829102 16.6099548340 16.5800170898 16.5533447266 16.5233459473
16.7432861328 16.5233764648 16.4199523926 16.2166442871 16.5266418457 16.8999938965 -9999.0000000000 -9999.0000000000 16.7500610352 16.5033264160 15.9533386230 16.0000000000 15.7300109863 15.9366455078 15.8200073242 16.1000061035 16.6000366211 16.9133605957 -9999.0000000000 -9999.0000000000 16.9400329590 -9999.0000000000 -9999.0000000000 -9999.0000000000 -9999.0000000000 -9999.0000000000 17.4033508301 17.0100097656 17.1233520508 16.9299926758 17.1532897949 17.2566833496 17.3399963379 17.1833190918 16.8500061035 16.6499633789 16.6433410645 16.7132873535 16.6866455078 16.5766296387 16.6866455078 16.6699523926 16.3466796875 16.3266601562 16.5933532715 16.5666809082 16.4433593750
16.6266784668 16.4233703613 16.3133544922 16.2700195312 16.4700317383 16.6599731445 -9999.0000000000 -9999.0000000000 16.9033508301 16.7399902344 16.4133300781 16.4800109863 16.2900390625 16.4799804688 16.6666564941 16.6533203125 17.0133361816 17.0267028809 -9999.0000000000 -9999.0000000000 -9999.0000000000 -9999.0000000000 -9999.0000000000 -9999.0000000000 -9999.0000000000 -9999.0000000000 17.5766296387 17.3099975586 17.2266845703 17.1366882324 17.3333129883 17.3599853516 17.5100097656 17.2466735840 17.0066528320 16.7999877930 16.9066162109 16.8966674805 16.7799682617 16.6800231934 16.8733520508 16.8632812500 16.6466979980 16.5199890137 16.3999938965 16.4800415039 16.4633178711
16.8266601562 16.6166381836 16.2700195312 16.5066528320 17.0966796875 17.2666625977 17.1333618164 17.0866699219 17.0366516113 17.1900024414 17.0999755859 16.8433532715 16.8466491699 -9999.0000000000 -9999.0000000000 -9999.0000000000 -9999.0000000000 -9999.0000000000 -9999.0000000000 -9999.0000000000 -9999.0000000000 -9999.0000000000 -9999.0000000000 -9999.0000000000 -9999.0000000000 -9999.0000000000 17.6499938965 17.3533020020 17.2066955566 17.2399902344 17.4467468262 17.4533691406 17.5100402832 17.2099914551 16.9733886719 16.8666992188 16.7666320801 16.8733215332 16.8800048828 16.8699951172 16.8833312988 16.8500061035 16.8566589355 16.7466125488 16.7200622559 16.6900024414 16.6799926758
17.1200256348 16.8433837891 16.4667053223 16.8899841309 16.9833679199 17.1699829102 17.3500366211 17.3366699219 17.4200134277 17.5133056641 17.3533325195 17.2999877930 17.2933044434 17.1699829102 17.3166809082 -9999.0000000000 -9999.0000000000 -9999.0000000000 -9999.0000000000 -9999.0000000000 -9999.0000000000 -9999.0000000000 -9999.0000000000 -9999.0000000000 -9999.0000000000 -9999.0000000000 17.8333435059 17.5099792480 17.5533447266 17.5966186523 17.5432739258 17.6499938965 17.5900573730 17.3899536133 17.0232849121 17.0233459473 17.0366821289 17.1666870117 17.0733337402 17.0867004395 17.0966796875 17.0966491699 17.0933227539 17.0566406250 16.9199829102 16.9033508301 16.8866577148
17.1933898926 17.0233154297 16.9566345215 17.1733398438 17.4733581543 17.5099792480 17.6566467285 17.7633361816 17.7566528320 17.6566772461 17.6766357422 17.4066467285 -9999.0000000000 -9999.0000000000 17.5793457031 -9999.0000000000 -9999.0000000000 18.0500183105 17.4333496094 17.4500122070 17.5767211914 18.1066589355 -9999.0000000000 18.2166748047 17.8099670410 17.5167236328 17.7066345215 17.6900024414 17.4900207520 17.5232849121 17.5733032227 17.7100219727 17.5599975586 17.3766479492 17.2833251953 17.1066894531 17.3466796875 17.3866271973 17.4166259766 17.3466491699 17.4366455078 17.3266601562 17.2933349609 17.2633361816 17.1266784668 17.1166381836 17.2000122070
-9999.0000000000 17.4033813477 17.1466674805 17.4033508301 17.5433044434 17.6866760254 17.8266906738 17.7499694824 18.1699523926 18.1833190918 18.1066589355 17.9299926758 17.9466552734 18.0433044434 18.0366516113 17.7633361816 17.7166748047 17.2433471680 17.3533325195 17.1766967773 17.0966491699 17.9066772461 18.0000000000 17.8966979980 17.5833435059 17.3766479492 17.4567260742 17.4467163086 17.3332824707 17.3533935547 17.5900573730 17.7200012207 17.5366516113 17.3733215332 17.5366821289 17.4700012207 17.3900146484 17.5299987793 17.6666564941 17.4867248535 17.7733154297 17.6433715820 17.4933776855 17.4633178711 17.3300170898 17.4067077637 17.3866577148
17.5766906738 17.4299926758 17.4833374023 17.7433166504 17.7033081055 17.8266601562 17.9399719238 18.0633544922 18.0500488281 17.9600524902 18.0899963379 18.1366577148 18.2033386230 18.0599975586 17.7733154297 17.5733642578 17.4066772461 17.3533325195 17.4600219727 17.4833679199 17.6999511719 17.7900085449 17.8833923340 17.7699890137 17.5466613770 17.4200134277 17.5166931152 17.5066528320 17.3966674805 17.4733581543 17.5267028809 17.4933166504 17.3700256348 17.4533386230 17.8000183105 17.7300109863 17.8500061035 17.8933410645 17.8233337402 18.0033569336 17.8566894531 17.8299560547 17.6833190918 17.6499938965 17.6232910156 17.6066284180 17.6866455078
17.4899902344 17.6566467285 17.6933288574 17.6733398438 17.7967224121 17.9100036621 18.1300048828 18.2466430664 18.2299804688 18.2299804688 18.1466674805 18.2299499512 18.2933654785 18.3033447266 18.1033020020 18.0033264160 17.8100280762 17.8599853516 17.8733215332 17.8900146484 17.9933471680 18.0699768066 18.1366271973 17.8233337402 17.7100219727 17.5867004395 17.7733459473 17.7666320801 17.5500488281 17.5333251953 17.4400024414 17.6866455078 17.7767028809 17.8233337402 17.9566040039 18.0800170898 18.1066589355 18.0932922363 18.0766601562 18.0599670410 18.0499267578 17.9299621582 17.8866577148 17.8500366211 17.9133300781 17.8999328613 17.9866943359
17.5232849121 17.6633605957 17.9166564941 17.8666687012 17.8999938965 17.9933471680 18.3166809082 18.5333557129 18.7099609375 18.7000427246 18.6266784668 18.4900512695 18.6367187500 18.6732788086 18.5566406250 18.4433288574 18.4366455078 18.3699645996 18.3899841309 18.2600097656 18.1366882324 18.2300109863 18.2066650391 18.0765991211 18.0599670410 18.1366577148 18.1300048828 18.0099792480 17.9966735840 17.7466735840 17.9066162109 18.1933593750 18.2566833496 18.2867126465 18.3099975586 18.1899108887 18.1800231934 18.2699890137 18.3466796875 18.2266845703 18.2333374023 18.2066650391 18.1666259766 18.1399841309 18.3099975586 18.3999938965 18.3833312988
17.5500183105 17.5932922363 17.6433105469 17.7033081055 17.7766723633 17.8966369629 18.1933288574 18.6232910156 18.8066711426 18.8866882324 18.9233398438 18.9633483887 19.1100158691 18.9367065430 18.7299499512 18.8167114258 18.8132934570 18.7133483887 18.6166992188 18.5133361816 18.3900146484 18.3766479492 18.2633361816 18.2399902344 18.3133544922 18.2966613770 18.2966613770 18.0500183105 18.2200317383 18.2734069824 18.3300170898 18.6066589355 18.6099853516 18.4833679199 18.3733215332 18.2566528320 18.1434020996 18.4299621582 18.5100097656 18.4966735840 18.4900207520 18.3833618164 18.4633178711 18.4200134277 18.6200256348 18.8133239746 18.7967224121
17.9066467285 17.4033203125 16.9866638184 17.0866699219 17.1799926758 16.9800109863 17.7933349609 18.6066589355 19.0000000000 18.8866577148 19.0267028809 19.1599731445 19.2366638184 19.1033935547 18.8999938965 18.8799743652 18.9066467285 19.0466613770 18.6933288574 18.3200378418 18.1933593750 18.1800231934 18.0699768066 17.9499511719 18.0333557129 18.1099853516 18.1099853516 18.1733703613 18.1233215332 18.1833496094 18.3533325195 18.5000000000 18.5667114258 18.4533691406 18.3366699219 18.3199768066 18.3032836914 18.4933471680 18.5666809082 18.5666503906 18.5533142090 18.5500488281 18.7566223145 18.8466796875 19.0533142090 19.0166931152 19.1000671387
17.0067138672 17.1166687012 17.3000183105 17.2733459473 17.1733093262 17.6699829102 18.0832824707 18.4899597168 18.9833679199 18.8733825684 19.0200195312 19.0866699219 18.8699951172 18.6466979980 18.6833496094 18.7066040039 19.0366516113 19.2566833496 18.8299865723 18.5199890137 18.2199401855 18.1899719238 17.9733276367 17.9633483887 17.8400573730 17.7099914551 18.1166687012 18.2633666992 18.0100097656 18.1799926758 18.3266296387 18.4500427246 18.6200256348 18.6099548340 18.5066528320 18.4833068848 18.6699829102 18.8533325195 18.8533325195 18.9333190918 18.7200012207 18.7133483887 18.9133300781 19.2933044434 19.5466308594 19.5733032227 19.5066528320
17.6932983398 17.7866210938 17.3666381836 17.1600036621 17.0700683594 16.9999389648 17.2633361816 17.5533447266 17.6600646973 17.5600280762 17.7233276367 18.2066955566 18.2466430664 17.7900085449 17.2932739258 16.9500427246 17.4766540527 17.7166748047 18.8399963379 18.6632995605 18.2699890137 17.7599792480 17.5733947754 17.6699829102 17.5766296387 17.8066101074 17.8000183105 18.2733154297 18.2033386230 17.9566955566 18.0100097656 18.3066406250 18.2966613770 18.2766723633 18.2600097656 18.3499755859 18.5399780273 19.1266479492 19.0966491699 19.1033325195 18.7866821289 18.6799926758 18.7999877930 19.4033508301 19.9000244141 20.0633239746 19.8000183105
18.0765991211 18.7666931152 18.1399841309 17.4200134277 17.8433532715 17.6999816895 17.3633728027 16.7533569336 16.9333496094 16.6533508301 17.4166259766 18.4066772461 18.7432861328 18.8266601562 18.8433532715 18.7500610352 17.2933349609 16.8400268555 16.2433166504 18.1433105469 18.4666748047 17.9833679199 17.7033081055 17.2666931152 17.9766540527 18.2866821289 18.2966613770 18.3699951172 18.2100219727 18.2666320801 18.1733398438 18.3633117676 18.3533020020 18.3399963379 18.2299804688 18.4199829102 19.1066284180 19.7932739258 19.8833312988 19.5567016602 18.9500122070 18.6533508301 18.9233703613 19.6267089844 20.1466064453 20.2433471680 20.0899963379
