model_inputs/inputs_caete3/tas/tas_LAYER5.asc
ncols 720
nrows 360
xllcorner -180
yllcorner -90
cellsize 0.500000
NODATA_value -9999.000000
[rows 200 to 219 of 360, columns 188 to 234 of 720]
-9999.0000000000 -9999.0000000000 -9999.0000000000 -9999.0000000000 -9999.0000000000 -9999.0000000000 -9999.0000000000 -9999.0000000000 -9999.0000000000 -9999.0000000000 -9999.0000000000 -9999.0000000000 -9999.0000000000 -9999.0000000000 -9999.0000000000 19.1300048828 17.4600219727 8.7833557129 5.5000000000 10.6900329590 14.5699768066 22.3532714844 24.5966796875 24.1932983398 25.1800537109 25.1966857910 25.0733337402 25.0533142090 25.0499877930 25.0499877930 24.9300231934 24.9400329590 25.3466491699 25.4500427246 25.5799560547 25.6900329590 25.8533630371 26.0066223145 26.1566772461 26.2200317383 26.0799560547 25.9332885742 25.6033630371 25.4532775879 25.1533203125 25.3966979980 25.2533569336
-9999.0000000000 -9999.0000000000 -9999.0000000000 -9999.0000000000 -9999.0000000000 -9999.0000000000 -9999.0000000000 -9999.0000000000 -9999.0000000000 -9999.0000000000 -9999.0000000000 -9999.0000000000 -9999.0000000000 -9999.0000000000 -9999.0000000000 -9999.0000000000 18.3467102051 13.4800415039 5.2933044434 6.0700378418 11.0533447266 19.2466430664 22.3033447266 21.5032958984 24.1900024414 24.9466552734 24.9366455078 24.8099975586 24.9000244141 24.7800292969 24.5766906738 24.5633850098 24.6565856934 24.8632812500 25.3799743652 25.4400024414 25.7000427246 25.9733581543 26.2332763672 26.3899841309 26.1366882324 25.8932800293 25.3633728027 24.4233093262 24.5333251953 24.7866516113 25.0399780273
-9999.0000000000 -9999.0000000000 -9999.0000000000 -9999.0000000000 -9999.0000000000 -9999.0000000000 -9999.0000000000 -9999.0000000000 -9999.0000000000 -9999.0000000000 -9999.0000000000 -9999.0000000000 -9999.0000000000 -9999.0000000000 -9999.0000000000 -9999.0000000000 18.9600219727 17.4666137695 7.1799926758 3.6499938965 7.9366760254 16.4299926758 19.1900634766 23.3000183105 23.2966613770 23.0799865723 24.5899963379 24.6633300781 24.5566406250 24.5267028809 24.2066345215 24.1066284180 24.2033081055 24.4033508301 24.8566589355 25.2232971191 25.5867004395 25.8233642578 26.0833129883 26.2466735840 26.2966918945 26.0633544922 25.5133056641 24.7899780273 24.3133544922 24.5766296387 24.6333312988
-9999.0000000000 -9999.0000000000 -9999.0000000000 -9999.0000000000 -9999.0000000000 -9999.0000000000 -9999.0000000000 -9999.0000000000 -9999.0000000000 -9999.0000000000 -9999.0000000000 -9999.0000000000 -9999.0000000000 -9999.0000000000 -9999.0000000000 -9999.0000000000 -9999.0000000000 18.3532714844 12.6533508301 2.2266235352 5.0233459473 10.6133728027 15.6066894531 22.1866760254 20.6832885742 20.6799926758 23.5366821289 23.5266723633 23.8166503906 24.2966918945 24.1733093262 24.0433654785 24.2433471680 24.3733215332 24.7533569336 25.0866394043 25.5300292969 25.7833251953 25.9499816895 26.0033264160 26.1599731445 26.0133056641 25.5833129883 25.3600769043 25.4000549316 25.1766967773 24.7267150879
-9999.0000000000 -9999.0000000000 -9999.0000000000 -9999.0000000000 -9999.0000000000 -9999.0000000000 -9999.0000000000 -9999.0000000000 -9999.0000000000 -9999.0000000000 -9999.0000000000 -9999.0000000000 -9999.0000000000 -9999.0000000000 -9999.0000000000 -9999.0000000000 -9999.0000000000 18.8733825684 16.4566345215 8.3133239746 3.4932861328 7.0966796875 15.1966857910 18.2799987793 21.2699584961 18.3866882324 20.1766662598 18.7833557129 19.8733215332 23.2466735840 23.9166564941 24.0766601562 24.2966918945 24.4299926758 24.7000122070 24.9766845703 25.1133728027 25.3599853516 25.6966857910 25.7600402832 25.9166870117 25.8833618164 25.8533020020 25.6466979980 25.4933776855 25.4633178711 25.2233886719
-9999.0000000000 -9999.0000000000 -9999.0000000000 -9999.0000000000 -9999.0000000000 -9999.0000000000 -9999.0000000000 -9999.0000000000 -9999.0000000000 -9999.0000000000 -9999.0000000000 -9999.0000000000 -9999.0000000000 -9999.0000000000 -9999.0000000000 -9999.0000000000 -9999.0000000000 -9999.0000000000 18.2066955566 14.2233581543 6.4700317383 3.3199768066 7.6799926758 11.4632568359 17.6799926758 17.4700012207 18.3800048828 14.8433227539 14.9033508301 21.7833557129 22.4367370605 23.8433227539 24.1600341797 24.3700561523 24.6599731445 24.7733459473 24.8932800293 25.2233276367 25.4599914551 25.6166687012 25.7800292969 25.7466430664 25.7233276367 25.7266235352 25.4866638184 25.4566955566 25.3200073242
-9999.0000000000 -9999.0000000000 -9999.0000000000 -9999.0000000000 -9999.0000000000 -9999.0000000000 -9999.0000000000 -9999.0000000000 -9999.0000000000 -9999.0000000000 -9999.0000000000 -9999.0000000000 -9999.0000000000 -9999.0000000000 -9999.0000000000 -9999.0000000000 -9999.0000000000 -9999.0000000000 -9999.0000000000 17.9467163086 10.9999694824 3.8433227539 3.8899841309 10.3466491699 14.5866699219 13.0766601562 8.8599853516 7.9633483887 10.7566528320 14.1933288574 18.2899780273 21.8966369629 22.8933410645 23.4432983398 24.4200134277 24.7399291992 24.9800720215 25.3167114258 25.4433288574 25.4799804688 25.4400329590 25.5366516113 25.4999694824 25.5266723633 25.3866882324 25.1567077637 25.2166748047
-9999.0000000000 -9999.0000000000 -9999.0000000000 -9999.0000000000 -9999.0000000000 -9999.0000000000 -9999.0000000000 -9999.0000000000 -9999.0000000000 -9999.0000000000 -9999.0000000000 -9999.0000000000 -9999.0000000000 -9999.0000000000 -9999.0000000000 -9999.0000000000 -9999.0000000000 -9999.0000000000 -9999.0000000000 18.7899475098 15.9199829102 7.6533508301 6.1966552734 7.4600219727 11.1066284180 9.0633544922 8.5199890137 8.4566955566 8.9266357422 5.1199951172 7.1232910156 14.5300292969 19.0499877930 20.0166320801 22.5933227539 23.5033264160 24.8699645996 25.2033081055 25.3299865723 25.2699890137 25.3233337402 25.3000488281 25.3599853516 25.3200073242 25.1800231934 24.9500122070 25.0065917969
-9999.0000000000 -9999.0000000000 -9999.0000000000 -9999.0000000000 -9999.0000000000 -9999.0000000000 -9999.0000000000 -9999.0000000000 -9999.0000000000 -9999.0000000000 -9999.0000000000 -9999.0000000000 -9999.0000000000 -9999.0000000000 -9999.0000000000 -9999.0000000000 -9999.0000000000 -9999.0000000000 -9999.0000000000 18.6900024414 17.9466857910 15.1366577148 8.4566345215 6.2966613770 7.5266418457 6.6632995605 5.9466552734 6.7166442871 6.8899841309 6.3266601562 4.1499938965 5.2566528320 6.8200073242 14.6799926758 19.0466613770 21.3833312988 23.9633178711 25.0999450684 25.1299743652 25.1600341797 25.2200012207 25.1800231934 25.0433044434 24.9066772461 24.8732910156 24.8332824707 24.6899414062
-9999.0000000000 -9999.0000000000 -9999.0000000000 -9999.0000000000 -9999.0000000000 -9999.0000000000 -9999.0000000000 -9999.0000000000 -9999.0000000000 -9999.0000000000 -9999.0000000000 -9999.0000000000 -9999.0000000000 -9999.0000000000 -9999.0000000000 -9999.0000000000 -9999.0000000000 -9999.0000000000 -9999.0000000000 -9999.0000000000 18.2832946777 18.1933288574 13.9966125488 7.8033142090 5.1966552734 4.6433105469 2.8900146484 3.4500122070 5.0166320801 6.1966552734 6.9400634766 7.1033020020 5.8633422852 4.5399475098 16.3066711426 19.6300048828 23.3099975586 24.2100219727 24.9466857910 24.9767150879 24.9233398438 24.9733581543 24.8533935547 24.6066589355 24.4566955566 24.4366760254 24.2833557129
-9999.0000000000 -9999.0000000000 -9999.0000000000 -9999.0000000000 -9999.0000000000 -9999.0000000000 -9999.0000000000 -9999.0000000000 -9999.0000000000 -9999.0000000000 -9999.0000000000 -9999.0000000000 -9999.0000000000 -9999.0000000000 -9999.0000000000 -9999.0000000000 -9999.0000000000 -9999.0000000000 -9999.0000000000 -9999.0000000000 -9999.0000000000 18.0666809082 16.6833496094 13.0800170898 8.0733642578 7.7066345215 3.5533447266 3.0000305176 2.7733459473 3.2666625977 3.5133056641 7.9166564941 8.1333007812 6.3866882324 13.7666931152 20.2899780273 21.9466552734 22.2966613770 24.1599731445 24.5033569336 24.5466613770 24.5067138672 24.2766113281 24.1234130859 23.8666381836 23.8233337402 23.6833190918
-9999.0000000000 -9999.0000000000 -9999.0000000000 -9999.0000000000 -9999.0000000000 -9999.0000000000 -9999.0000000000 -9999.0000000000 -9999.0000000000 -9999.0000000000 -9999.0000000000 -9999.0000000000 -9999.0000000000 -9999.0000000000 -9999.0000000000 -9999.0000000000 -9999.0000000000 -9999.0000000000 -9999.0000000000 -9999.0000000000 -9999.0000000000 -9999.0000000000 19.7100219727 16.5933227539 12.4367065430 13.1299743652 8.8299865723 7.6599731445 3.1166992188 3.2132873535 3.4233703613 6.9233093262 7.0299987793 7.6466674805 7.1199951172 12.7900390625 20.3566589355 20.9400024414 21.1966857910 23.7432861328 24.0033569336 23.8699951172 23.7366638184 23.6366577148 23.3866882324 23.2333374023 23.0833435059
-9999.0000000000 -9999.0000000000 -9999.0000000000 -9999.0000000000 -9999.0000000000 -9999.0000000000 -9999.0000000000 -9999.0000000000 -9999.0000000000 -9999.0000000000 -9999.0000000000 -9999.0000000000 -9999.0000000000 -9999.0000000000 -9999.0000000000 -9999.0000000000 -9999.0000000000 -9999.0000000000 -9999.0000000000 -9999.0000000000 -9999.0000000000 -9999.0000000000 -9999.0000000000 -9999.0000000000 17.4533386230 17.0000000000 16.1599731445 16.3200073242 12.7766418457 4.1833190918 3.3266601562 4.0366821289 6.7333984375 7.4533081055 7.0499877930 4.7199707031 13.4233093262 18.9366149902 19.7133483887 21.6966857910 23.3767089844 23.2433776855 23.0132751465 22.8800354004 22.7166442871 22.6600036621 22.2999877930
-9999.0000000000 -9999.0000000000 -9999.0000000000 -9999.0000000000 -9999.0000000000 -9999.0000000000 -9999.0000000000 -9999.0000000000 -9999.0000000000 -9999.0000000000 -9999.0000000000 -9999.0000000000 -9999.0000000000 -9999.0000000000 -9999.0000000000 -9999.0000000000 -9999.0000000000 -9999.0000000000 -9999.0000000000 -9999.0000000000 -9999.0000000000 -9999.0000000000 -9999.0000000000 -9999.0000000000 -9999.0000000000 -9999.0000000000 19.4799804688 17.8300170898 16.6033325195 12.5733947754 7.0133666992 2.7966918945 4.3967285156 6.8033752441 6.5733337402 6.8333129883 9.7232971191 12.7133178711 15.8966369629 17.4499511719 21.7200317383 22.4833679199 22.6633300781 22.4299926758 22.3167114258 22.1499633789 22.2966613770
-9999.0000000000 -9999.0000000000 -9999.0000000000 -9999.0000000000 -9999.0000000000 -9999.0000000000 -9999.0000000000 -9999.0000000000 -9999.0000000000 -9999.0000000000 -9999.0000000000 -9999.0000000000 -9999.0000000000 -9999.0000000000 -9999.0000000000 -9999.0000000000 -9999.0000000000 -9999.0000000000 -9999.0000000000 -9999.0000000000 -9999.0000000000 -9999.0000000000 -9999.0000000000 -9999.0000000000 -9999.0000000000 -9999.0000000000 -9999.0000000000 -9999.0000000000 18.7266235352 16.5666503906 13.2533264160 7.2600402832 3.8466491699 5.7100219727 7.0633239746 6.9900207520 7.6366271973 6.9133300781 10.5800170898 9.9699707031 13.9566650391 16.4366149902 20.4033203125 22.0733337402 21.8333129883 21.7366333008 21.9799804688
-9999.0000000000 -9999.0000000000 -9999.0000000000 -9999.0000000000 -9999.0000000000 -9999.0000000000 -9999.0000000000 -9999.0000000000 -9999.0000000000 -9999.0000000000 -9999.0000000000 -9999.0000000000 -9999.0000000000 -9999.0000000000 -9999.0000000000 -9999.0000000000 -9999.0000000000 -9999.0000000000 -9999.0000000000 -9999.0000000000 -9999.0000000000 -9999.0000000000 -9999.0000000000 -9999.0000000000 -9999.0000000000 -9999.0000000000 -9999.0000000000 -9999.0000000000 -9999.0000000000 17.6433410645 17.1133422852 14.8200378418 5.4899902344 5.1100158691 6.1400146484 6.6532897949 8.0800476074 7.9299926758 6.2233276367 13.1966552734 11.5166625977 13.2000122070 13.9966430664 17.6766662598 19.0467224121 21.9400024414 22.1466369629
-9999.0000000000 -9999.0000000000 -9999.0000000000 -9999.0000000000 -9999.0000000000 -9999.0000000000 -9999.0000000000 -9999.0000000000 -9999.0000000000 -9999.0000000000 -9999.0000000000 -9999.0000000000 -9999.0000000000 -9999.0000000000 -9999.0000000000 -9999.0000000000 -9999.0000000000 -9999.0000000000 -9999.0000000000 -9999.0000000000 -9999.0000000000 -9999.0000000000 -9999.0000000000 -9999.0000000000 -9999.0000000000 -9999.0000000000 -9999.0000000000 -9999.0000000000 -9999.0000000000 -9999.0000000000 18.0700378418 17.3066406250 9.8133239746 2.9333496094 5.9533386230 6.0599975586 7.2633666992 7.9766845703 5.3133544922 8.4632873535 14.4066772461 14.8966369629 15.7799987793 16.2666625977 17.7767028809 21.4900512695 21.9866638184
-9999.0000000000 -9999.0000000000 -9999.0000000000 -9999.0000000000 -9999.0000000000 -9999.0000000000 -9999.0000000000 -9999.0000000000 -9999.0000000000 -9999.0000000000 -9999.0000000000 -9999.0000000000 -9999.0000000000 -9999.0000000000 -9999.0000000000 -9999.0000000000 -9999.0000000000 -9999.0000000000 -9999.0000000000 -9999.0000000000 -9999.0000000000 -9999.0000000000 -9999.0000000000 -9999.0000000000 -9999.0000000000 -9999.0000000000 -9999.0000000000 -9999.0000000000 -9999.0000000000 -9999.0000000000 -9999.0000000000 16.6500244141 12.2133178711 4.4332885742 5.1633605957 6.5733337402 7.0833129883 7.4099731445 5.8433227539 7.2966918945 10.7833251953 14.8033447266 15.2833557129 16.8099975586 18.7300109863 21.5433349609 21.8166809082
-9999.0000000000 -9999.0000000000 -9999.0000000000 -9999.0000000000 -9999.0000000000 -9999.0000000000 -9999.0000000000 -9999.0000000000 -9999.0000000000 -9999.0000000000 -9999.0000000000 -9999.0000000000 -9999.0000000000 -9999.0000000000 -9999.0000000000 -9999.0000000000 -9999.0000000000 -9999.0000000000 -9999.0000000000 -9999.0000000000 -9999.0000000000 -9999.0000000000 -9999.0000000000 -9999.0000000000 -9999.0000000000 -9999.0000000000 -9999.0000000000 -9999.0000000000 -9999.0000000000 -9999.0000000000 -9999.0000000000 16.3567504883 13.3333129883 6.0999755859 5.1300048828 6.9500122070 7.1799621582 7.0199890137 5.3699951172 5.0266723633 8.5567016602 13.4132995605 13.6466674805 16.3633422852 20.0733337402 20.4799804688 21.5633239746
-9999.0000000000 -9999.0000000000 -9999.0000000000 -9999.0000000000 -9999.0000000000 -9999.0000000000 -9999.0000000000 -9999.0000000000 -9999.0000000000 -9999.0000000000 -9999.0000000000 -9999.0000000000 -9999.0000000000 -9999.0000000000 -9999.0000000000 -9999.0000000000 -9999.0000000000 -9999.0000000000 -9999.0000000000 -9999.0000000000 -9999.0000000000 -9999.0000000000 -9999.0000000000 -9999.0000000000 -9999.0000000000 -9999.0000000000 -9999.0000000000 -9999.0000000000 -9999.0000000000 -9999.0000000000 -9999.0000000000 15.4533081055 14.1333312988 8.3999938965 3.5700073242 6.5100097656 6.7466430664 6.9933166504 5.7466735840 4.3833618164 7.6599426270 10.8166809082 13.7400207520 16.4633789062 18.9299926758 19.5199890137 21.0933227539
