model_inputs/inputs_caete3/tas/tas_LAYER9.asc
ncols 720
nrows 360
xllcorner -180
yllcorner -90
cellsize 0.500000
NODATA_value -9999.000000
[rows 120 to 139 of 360, columns 329 to 375 of 720]
-9999.0000000000 -9999.0000000000 -9999.0000000000 -9999.0000000000 -9999.0000000000 -9999.0000000000 -9999.0000000000 -9999.0000000000 -9999.0000000000 -9999.0000000000 23.5899963379 22.5666503906 21.5633544922 20.1699829102 22.6766357422 24.7933349609 26.4166564941 27.3399963379 27.9732971191 28.4000549316 28.6433105469 29.1699829102 29.6000061035 29.8033142090 30.1100769043 30.1099853516 30.4100036621 30.4033203125 30.4233093262 30.5166931152 30.8166503906 30.9933471680 30.7366333008 30.2833557129 30.0200195312 30.0533752441 30.0434265137 30.6433105469 30.7467346191 30.9466552734 31.0567016602 30.9466857910 30.9499816895 30.9500122070 30.9666442871 30.7600402832 30.4500427246
-9999.0000000000 -9999.0000000000 -9999.0000000000 23.0066833496 -9999.0000000000 -9999.0000000000 -9999.0000000000 -9999.0000000000 -9999.0000000000 -9999.0000000000 23.5033264160 21.8699645996 21.6933288574 23.2899780273 25.3000183105 26.3099975586 27.1266479492 27.5567016602 28.0899963379 28.4399719238 28.9699707031 29.3999938965 29.8433532715 30.1733093262 30.4100646973 30.6133728027 30.7266540527 30.7233581543 30.6233520508 30.8833312988 31.3732910156 31.7366638184 31.3866271973 31.0166625977 30.7600097656 30.3433837891 30.2433166504 31.1499633789 31.1499938965 31.1533813477 31.2566528320 31.2499694824 31.1533203125 30.8565979004 30.6533508301 30.9466552734 30.6366577148
-9999.0000000000 -9999.0000000000 24.0333862305 23.4166564941 -9999.0000000000 -9999.0000000000 -9999.0000000000 -9999.0000000000 24.4367065430 24.4200439453 24.3000183105 23.3833312988 24.5066833496 25.7000122070 26.4132995605 26.7233581543 27.3233337402 28.2566528320 28.9033508301 29.6333312988 29.9767150879 30.3166809082 30.6633911133 30.8933715820 31.1366271973 31.2766723633 31.4233398438 31.6333618164 31.6366882324 31.8333435059 32.2266540527 32.0866394043 31.7200317383 31.4333801270 30.9366455078 30.5400085449 30.4499816895 30.7399597168 30.8366088867 30.8533630371 31.0466003418 31.1599426270 31.2533569336 31.0599975586 31.0699768066 30.8432617188 30.5333251953
23.3699340820 -9999.0000000000 23.1500244141 24.4300231934 -9999.0000000000 -9999.0000000000 25.1900329590 25.3733520508 25.3433227539 25.1366577148 25.4066772461 25.7033081055 25.2066650391 26.2033081055 26.9299926758 27.7299804688 28.3399353027 28.8633117676 29.3966674805 29.8466186523 30.1800231934 30.6132812500 30.8466491699 31.0999755859 31.3466796875 31.4933166504 31.6466674805 31.7867126465 31.9333190918 32.6500244141 32.5966186523 32.3366699219 32.2366027832 31.9333496094 31.1466979980 31.0400085449 30.9433593750 30.9432983398 30.9433593750 31.1599731445 31.2567138672 31.2533874512 31.2633056641 31.0666503906 31.1600036621 30.5433044434 30.3366394043
23.3933105469 -9999.0000000000 -9999.0000000000 -9999.0000000000 25.8133850098 25.0966796875 25.3799438477 25.3699340820 25.5600280762 25.7500000000 25.6166381836 25.9133605957 26.4133605957 27.1199645996 27.6433105469 28.0499877930 28.5700378418 28.7833557129 29.3966369629 30.4400024414 30.8732910156 30.6233825684 30.9600219727 31.1999816895 31.3433227539 32.0933837891 32.2500305176 32.5933532715 32.8300170898 32.8933105469 32.8266601562 32.6299438477 32.6333007812 32.4433288574 31.9433898926 32.2433471680 32.3433532715 31.9500122070 31.5566711426 31.6599121094 31.4533081055 31.0466613770 30.8666992188 31.2566528320 31.0500183105 30.9367065430 30.8366699219
-9999.0000000000 -9999.0000000000 -9999.0000000000 -9999.0000000000 24.9199829102 25.4967041016 26.0799865723 26.2766723633 26.5566711426 26.9366760254 26.5333557129 26.8300476074 27.1333007812 27.8466491699 27.9666748047 28.5733032227 28.9800109863 29.4000244141 30.0166320801 30.9500122070 31.0766906738 30.9300231934 31.1700134277 31.3999633789 31.5399475098 32.2933044434 32.3466796875 32.7833557129 33.0266418457 33.0766601562 33.2099914551 33.0166931152 33.1300048828 33.1133422852 33.2266235352 33.5200195312 33.6300354004 33.1266174316 32.5467224121 32.1400146484 31.6499328613 31.2433776855 31.0533447266 31.2466430664 30.8399658203 31.1266784668 31.1366577148
-9999.0000000000 -9999.0000000000 -9999.0000000000 26.8367004395 25.7233276367 26.3132934570 26.6933593750 27.0933227539 27.6700134277 27.7600097656 27.9533081055 27.0299987793 27.5400390625 27.9632873535 28.2833251953 28.9899902344 29.8033752441 30.7200012207 31.2366638184 31.1600036621 31.3866271973 31.6233520508 31.7666931152 32.1133422852 32.2466430664 32.5867004395 32.8333129883 33.1833190918 33.2133178711 33.3433532715 33.3866577148 33.3933715820 33.6033325195 34.0066833496 34.1100158691 34.0199890137 34.0099487305 33.5199584961 32.7233276367 32.2232971191 31.5333251953 30.7400207520 30.2333374023 30.7433776855 30.3233337402 30.6066894531 30.5166625977
-9999.0000000000 -9999.0000000000 26.1299438477 26.2166442871 26.7233276367 27.3233337402 27.5133666992 27.7933349609 28.3833312988 28.5666198730 28.7567138672 28.0500183105 28.2633361816 28.6766052246 29.1900024414 30.0000305176 31.0233764648 31.4500122070 31.7433471680 31.5700073242 31.5833740234 31.8333129883 32.0700378418 32.2100219727 32.4466552734 32.7966613770 33.2233886719 33.3667297363 33.3800354004 33.5266723633 33.6633300781 33.7900085449 33.8933715820 34.0899658203 34.2000122070 34.1033020020 34.0000305176 33.5966186523 32.7033691406 32.3100280762 31.2100219727 30.6166687012 29.9132995605 29.8067016602 29.8933410645 29.6967163086 29.3899841309
-9999.0000000000 26.4032897949 26.3099670410 26.7000122070 27.2033386230 27.5066833496 27.8166809082 28.4133911133 28.5966796875 28.9833374023 29.1766967773 28.9733581543 29.0799560547 29.3933715820 29.5999755859 30.6267089844 31.6333007812 31.6433105469 31.9566650391 31.7832946777 31.9033508301 32.1333312988 32.3766784668 32.5932922363 32.5433654785 33.0799865723 33.4000244141 33.4166259766 33.5566406250 34.0033264160 34.1533203125 33.8732910156 33.9666748047 33.8733520508 33.9799499512 33.8699951172 33.7799682617 32.8800354004 31.6866760254 30.3866577148 30.0933227539 30.6032409668 29.6966247559 29.1900024414 29.0766601562 28.4866943359 28.3866882324
-9999.0000000000 26.7766723633 26.9933166504 27.4833984375 27.9967041016 28.3099975586 28.5066528320 29.3200378418 29.7133178711 29.8900146484 29.8833618164 30.1867370605 30.2933349609 30.0066833496 30.2167053223 31.0233459473 32.0433349609 32.0566711426 32.0866699219 31.9833374023 32.2233276367 32.5299987793 32.5666809082 32.9133300781 33.2366333008 33.3500366211 33.4799804688 33.4866333008 33.6400146484 33.9900512695 34.1267089844 33.9599914551 34.0566406250 33.7666931152 33.8566589355 33.6666564941 33.3600158691 32.8666992188 31.6799621582 30.2833251953 30.1766357422 30.4832763672 29.6667175293 29.2700195312 29.1632995605 28.5566711426 28.3533020020
-9999.0000000000 27.3666687012 27.5700378418 27.8800048828 28.3766479492 28.8900451660 29.5932922363 30.2000427246 30.5066528320 30.5899658203 30.6766662598 31.0933837891 31.2966308594 31.3133544922 31.4066772461 31.6366577148 31.9466857910 32.2833557129 32.0866699219 32.2933349609 32.5133361816 32.9433593750 33.0666809082 33.1967163086 33.3033142090 33.4166564941 33.5399475098 33.5766906738 33.7299804688 33.8566589355 34.0066833496 34.1366882324 34.0466613770 33.9400024414 33.7467346191 32.9433288574 32.5567016602 32.3433227539 31.4533386230 30.6600341797 30.8566894531 28.7633056641 28.1633911133 28.8466186523 28.7500610352 28.3400573730 28.2433166504
27.0300292969 27.5366516113 27.9499511719 28.4766540527 28.9766845703 29.5800170898 30.2766723633 30.6866760254 31.0899963379 31.0900268555 31.3000488281 31.5999755859 31.8200683594 31.9233398438 31.9400024414 32.1533203125 32.2667236328 32.2733459473 32.3900756836 32.7100524902 33.0266723633 33.1533203125 33.2567138672 33.3533630371 33.4799499512 33.4833679199 33.6033630371 33.5533142090 33.8066711426 33.9433593750 33.9866943359 34.1233825684 34.0333251953 33.7399902344 33.7333068848 32.8366088867 32.6300354004 32.1399841309 31.5466918945 30.6433410645 29.5400085449 28.3499755859 27.9466552734 28.8267211914 28.5333251953 28.3233642578 28.3333740234
27.3133544922 27.9266357422 28.6366271973 29.0633544922 29.7699890137 30.2700195312 30.8633728027 31.2600097656 31.4700012207 31.6766967773 31.8966369629 32.0066528320 32.1199645996 32.2300109863 32.3500366211 32.4599609375 32.4733276367 32.4900512695 32.4999694824 32.6133728027 33.0333251953 33.2400512695 33.3367004395 33.4466857910 33.5466613770 33.5466613770 33.6799926758 33.7333068848 33.8766784668 33.9199829102 33.9666748047 33.9933471680 33.8233032227 33.5066528320 33.1166687012 32.7266845703 32.4166259766 32.3200073242 31.9199829102 30.7233276367 29.7266235352 28.3233337402 27.0200195312 26.1133422852 26.7133178711 27.5099792480 28.0066528320
27.6000061035 28.4100036621 29.1333007812 29.6499938965 30.3566284180 30.8633117676 31.2700500488 31.6399841309 31.9499816895 32.0500488281 32.2833557129 32.4132995605 32.4199829102 32.5499572754 32.5666809082 32.4667358398 32.5832824707 32.5933532715 32.7066345215 32.7233886719 32.9133300781 33.1100158691 33.3200073242 33.5200195312 33.5233154297 33.4266662598 33.6567077637 33.8232727051 33.8666076660 33.8966369629 33.9333496094 33.8766479492 33.6000366211 33.4033508301 32.9100341797 32.5133056641 32.2933349609 32.2200317383 31.9100036621 30.8133544922 29.9100036621 27.3099975586 24.2033386230 25.9866943359 27.5899963379 28.4966430664 27.6866760254
27.7666625977 28.3999938965 29.2099914551 30.1300048828 30.8433227539 31.1466064453 31.5433349609 32.0266418457 32.2266845703 32.0466308594 32.0633239746 32.4933166504 32.6366577148 32.4467163086 32.2567138672 32.3666992188 32.4833374023 32.5967102051 32.6133422852 32.6999816895 32.7999877930 32.7933044434 32.8999938965 33.0966491699 33.2966918945 33.4200134277 33.6566162109 33.7966918945 33.7467041016 33.8800354004 33.8299560547 33.6733093262 33.6766967773 33.6966857910 33.5833435059 32.8933410645 32.8900451660 32.7933349609 32.6033630371 31.3032836914 30.1967163086 28.9866943359 28.1700134277 27.9732971191 29.3733215332 29.6666259766 28.7633056641
27.7533264160 28.7733154297 29.7866516113 30.5133361816 31.3166809082 31.7299804688 31.9299926758 31.9066467285 32.0166931152 32.0200195312 31.9433288574 32.1833190918 32.2133789062 32.3433532715 32.3533020020 32.4732971191 32.4933471680 32.5933532715 32.5833435059 32.6799621582 32.6699829102 32.7766113281 32.9733276367 33.3799743652 33.3799743652 33.5166015625 33.6499938965 33.7866516113 33.8166503906 33.6633300781 33.3999633789 33.6400451660 33.5632629395 33.5766906738 33.5800476074 32.9766540527 32.8766174316 32.7799987793 32.6766357422 31.5799865723 30.6733398438 29.6666259766 29.2533264160 29.5566711426 30.2366638184 30.2433471680 29.7266235352
28.6466369629 29.7600402832 30.7799682617 31.2933044434 32.0133361816 31.8200378418 32.3100280762 32.2999572754 32.3932800293 32.3000183105 32.3366699219 32.4633483887 32.4899902344 32.5333557129 32.5699768066 32.6966552734 32.6799926758 32.7799682617 32.7733764648 32.8666687012 32.8600158691 32.9467163086 32.9466857910 32.9500122070 33.0800170898 33.6099853516 33.8399963379 33.8766479492 33.7099914551 33.7500305176 33.3866882324 33.0133361816 32.9466552734 32.9566955566 32.9599609375 32.7700805664 32.6667480469 32.3466186523 32.3666687012 31.5499572754 31.2467041016 31.2399902344 31.1233215332 30.7233276367 31.4166870117 31.0900268555 31.0000000000
29.2266540527 30.3433227539 31.2566528320 31.7766418457 32.2933654785 32.0099792480 32.5966491699 32.4799804688 32.4766540527 32.3766479492 32.5199890137 32.5433044434 32.5799865723 32.6134033203 32.6566162109 32.6733398438 32.7633361816 32.7600097656 32.7499694824 32.9400329590 32.9199829102 32.9233703613 32.9200134277 32.9400024414 33.0733337402 33.3899841309 33.8333435059 33.8733520508 33.7033081055 33.6300048828 33.2666625977 32.9000244141 32.9300231934 32.8500366211 32.8400573730 32.7533569336 32.6499633789 32.0466308594 31.8400268555 31.5299682617 31.6100158691 31.4066772461 31.4966735840 31.5966796875 31.0899963379 31.2799987793 31.3733520508
29.7166442871 31.0299987793 32.0299987793 32.6666870117 32.8732910156 32.3833312988 32.4766845703 32.6566772461 32.5499877930 32.5666503906 32.5966491699 32.4266662598 32.5599975586 32.6000061035 32.6166687012 32.6199951172 32.7433471680 32.7400207520 32.7266540527 32.8200378418 32.8033447266 32.8099975586 32.8933105469 32.9299926758 32.9633483887 33.0933532715 33.6199645996 33.6466674805 33.6766357422 33.3166809082 33.1500244141 32.6799926758 32.7132873535 32.6333312988 32.5300292969 31.9333801270 31.9132690430 31.6199951172 31.1033325195 31.6033020020 31.9966430664 31.9800109863 31.9733276367 32.4633178711 32.4599914551 31.9533996582 31.9400024414
30.3233337402 31.6366577148 32.6533508301 33.0633239746 33.1733398438 32.6733093262 32.6667175293 32.7433166504 32.6299743652 32.5466613770 32.5833129883 32.5233154297 32.4433898926 32.4567260742 32.5599975586 32.5866699219 32.5966796875 32.6133728027 32.7166748047 32.6999511719 32.6933898926 32.7833557129 32.7866516113 32.8066711426 32.9500122070 32.9866943359 33.5100402832 33.6333312988 33.6666564941 33.1933593750 33.1366577148 32.6633605957 32.6033020020 32.1066589355 31.7066650391 31.5100097656 31.5100097656 31.2966613770 31.1900024414 32.0632934570 32.1666259766 32.3533325195 32.1466979980 32.5399780273 32.6300048828 32.0266723633 31.9167480469
