model_inputs/inputs_caete3/tas/tas_LAYER5.asc
ncols 720
nrows 360
xllcorner -180
yllcorner -90
cellsize 0.500000
NODATA_value -9999.000000
[rows 40 to 59 of 360, columns 470 to 516 of 720]
-9999.0000000000 -9999.0000000000 -9999.0000000000 -9999.0000000000 -9999.0000000000 -9999.0000000000 -9999.0000000000 -1.8966674805 -2.1000061035 -2.0833129883 -2.2866210938 -2.3899841309 -2.4000549316 -2.3967285156 -2.4899597168 -2.3866882324 -3.0967102051 -3.0833435059 -9999.0000000000 -9999.0000000000 -9999.0000000000 -9999.0000000000 -9999.0000000000 -3.4233398438 -2.2099914551 -2.1833801270 -2.3699951172 -2.3599243164 -2.2466430664 -2.3699645996 -2.5800170898 -2.5800170898 -2.6999816895 -2.7133178711 -2.6233215332 -5.2399902344 -9999.0000000000 -2.8233337402 -2.9067077637 -2.8833312988 -3.0799865723 -3.1499938965 -3.2399597168 -3.2232971191 -3.3033447266 -3.2766723633 -3.2633056641
-9999.0000000000 -9999.0000000000 -9999.0000000000 -9999.0000000000 -9999.0000000000 -9999.0000000000 -9999.0000000000 -9999.0000000000 -9999.0000000000 -9999.0000000000 -1.8866577148 -1.8800048828 -2.1900024414 -2.3866577148 -2.6833190918 -2.5800476074 -2.3833312988 -2.2766723633 -1.9599914551 -1.8666687012 -1.7666625977 -3.0333251953 -9999.0000000000 -9999.0000000000 -9999.0000000000 -3.2867431641 -1.6532897949 -1.8532714844 -1.7633361816 -1.7800598145 -2.0932922363 -2.1099853516 -2.2166442871 -2.2232666016 -2.1233520508 -4.9133605957 -9999.0000000000 -5.0633544922 -2.2633056641 -2.2533264160 -2.3299865723 -2.3066711426 -2.3866577148 -2.4799804688 -2.6533508301 -2.6366577148 -2.7267150879
-9999.0000000000 -0.1333618164 -0.3300170898 -0.4199829102 -0.3099975586 -0.6033630371 -0.7966613770 -0.7900390625 -0.8700256348 -0.8799743652 -1.2733459473 -1.1766662598 -1.2833251953 -1.5832824707 -1.3700256348 -1.5733337402 -1.7766723633 -1.8666992188 -1.7600402832 -1.8566589355 -1.7399597168 -1.8299865723 -1.9133300781 -1.4000244141 -1.1900024414 -2.9732971191 -9999.0000000000 -3.1666870117 -1.3800048828 -1.4933166504 -1.4966735840 -1.6133422852 -1.6166687012 -1.6933288574 -1.5799865723 -1.5700073242 -1.5433349609 -4.6433715820 -9999.0000000000 -1.7033081055 -1.6932983398 -1.7666931152 -1.8466491699 -1.8366394043 -4.0100097656 -1.8900146484 -1.8833007812
0.4599914551 0.1700134277 -0.1166687012 -0.1166381836 -0.1000061035 -0.3933410645 -0.9833374023 -1.0766601562 -0.6666564941 -0.5766296387 -0.8699951172 -0.9733276367 -0.9666748047 -0.9667053223 -0.7666320801 -0.6533203125 -1.2633361816 -1.2500000000 -1.2466735840 -1.3433227539 -1.3366699219 -3.6166381836 -4.0066528320 -2.9966735840 -1.6700134277 -1.1567077637 -0.7566528320 -0.7900085449 -0.8833312988 -0.9100036621 -0.9966735840 -0.9899902344 -1.0666198730 -1.0533142090 -0.9400024414 -1.0267333984 -1.0133972168 -4.1966552734 -4.0766601562 -1.1500244141 -1.1433105469 -1.2200012207 -1.1966857910 -1.2966613770 -1.1700439453 -1.1466979980 -1.3367004395
0.7699584961 0.6666564941 0.5799865723 0.3933410645 0.3100280762 0.2066650391 0.0199890137 -0.2699584961 -0.3633728027 -0.4733581543 -0.7767028809 -0.7600097656 -0.7666625977 -0.6633300781 -0.6533508301 -0.4333190918 -0.6366577148 -0.6333312988 -0.6266479492 -0.7200012207 -0.7133178711 -3.0066833496 -3.7966308594 -2.9799804688 -0.9633178711 -0.3633422852 -0.3799743652 -0.3966979980 -0.2866821289 -0.3700256348 -0.2600402832 -0.2533264160 -0.3333435059 -0.3266601562 -0.4100036621 -0.3999938965 -3.3800048828 -9999.0000000000 -9999.0000000000 -0.5166931152 -0.7933349609 -0.7666625977 -0.6566467285 -0.6433105469 -0.6266174316 -0.5933227539 -0.6832885742
1.3466796875 1.2666320801 1.2766723633 1.1866760254 1.0066528320 0.8100280762 0.6199951172 0.3300476074 0.1333312988 0.0433044434 -0.1566772461 -0.1433715820 -0.0500183105 -0.0433044434 -0.0333251953 -0.0366516113 -0.0299682617 -0.0233459473 -0.2199707031 -0.8099670410 -2.6966552734 -2.4999694824 -3.6833496094 -2.5667114258 -0.6733093262 0.0266723633 0.3200073242 0.3367004395 0.2600097656 0.2633056641 0.3766784668 0.2799682617 0.2900085449 0.2033386230 0.3233032227 -2.4566345215 -9999.0000000000 -9999.0000000000 0.1000366211 0.0299987793 -0.1466674805 -0.2199707031 -0.0099792480 -0.0999450684 -0.0666809082 -0.0466613770 -0.1466979980
2.1166687012 2.1233215332 1.9333496094 1.8432922363 1.8633422852 1.6866760254 1.3866882324 1.0966491699 0.9199829102 0.8233642578 0.7166748047 0.8300476074 0.6466674805 0.7533264160 0.7700195312 0.6833190918 0.3833312988 -0.8066711426 -1.8999633789 -1.6933593750 -1.4866943359 -0.0866699219 0.4299926758 0.7266540527 0.9299926758 1.0366516113 1.0500183105 0.9633483887 0.8933715820 0.9966735840 1.0133056641 0.9199829102 0.9266662598 -1.4533081055 -9999.0000000000 -1.7366943359 0.7832946777 0.6900024414 0.6233215332 0.4533386230 0.3866577148 0.4166870117 0.3300476074 0.3500366211 0.3700256348 0.3899841309 0.3066711426
2.8733215332 2.8833007812 2.7866821289 2.7100219727 2.6233520508 2.3233337402 2.0366516113 1.8599548340 1.6733398438 1.6933288574 1.6799926758 1.4699707031 1.2867126465 1.2966918945 1.3066711426 0.3133544922 -1.3699951172 -0.0700378418 0.9466552734 1.2633666992 1.7666625977 1.7833557129 1.7899780273 1.7333679199 1.7533264160 1.6466979980 1.5833435059 1.6999816895 1.4199523926 1.5267028809 1.6333312988 1.5399780273 1.4599914551 1.4700012207 1.3866882324 1.2900390625 1.1966857910 1.2267150879 1.0633850098 0.9899597168 1.0166320801 0.9466857910 0.9666748047 0.9833374023 0.9166870117 0.9366760254 0.9466552734
3.5699768066 3.4599914551 3.4566650391 3.4633483887 3.3766784668 3.1000061035 2.7166748047 2.5166320801 2.2466430664 1.7599792480 1.5466613770 1.2533569336 0.9366760254 0.0333557129 -0.3533020020 -0.1466674805 1.0666503906 1.7733764648 1.9933166504 1.9033203125 2.0166625977 1.9266967773 1.9566955566 1.9966735840 1.9199829102 1.9299926758 1.8600158691 1.8799743652 1.7999877930 1.8233032227 1.7433776855 1.6566467285 1.6766662598 1.5966491699 1.7166442871 1.7233276367 1.6399841309 1.6566467285 1.5866394043 1.6166381836 1.5566406250 1.5766906738 1.6066894531 1.5466918945 1.5600280762 1.5766601562 1.5766906738
4.1566467285 4.2566528320 4.1365966797 4.2266540527 4.1433410645 3.6499633789 3.3666076660 2.8833618164 1.8133239746 -0.8766784668 -0.8766784668 0.0166320801 -1.0866699219 0.6100158691 2.1000061035 2.3033142090 2.4066467285 2.5166931152 2.4232788086 2.5466918945 2.5699768066 2.4900512695 2.5299682617 2.5732727051 2.4900207520 2.5099792480 2.4366760254 2.4566955566 2.3733215332 2.2900085449 2.3133544922 2.2232971191 2.1499938965 2.1633300781 2.2933044434 2.2066345215 2.2300109863 2.1633605957 2.2033081055 2.1399841309 2.1733398438 2.1166992188 2.1433410645 2.1666564941 2.2033386230 2.2200012207 2.1066589355
4.9033813477 4.7900085449 4.7899780273 4.5933532715 4.4966735840 4.5233154297 4.0433349609 2.5566711426 0.5700378418 -1.1066894531 0.4066772461 1.6866455078 2.3766479492 2.6799621582 3.2600097656 3.0632934570 3.1499938965 3.1533508301 3.0700378418 3.0132446289 3.1333312988 3.2699890137 3.0933227539 3.0299682617 3.1633605957 3.1899719238 3.0066833496 3.0266723633 2.9500427246 2.8800048828 2.8800048828 2.8100280762 2.7299499512 2.6466674805 2.6633605957 2.5899963379 2.5133361816 2.5299987793 2.4733581543 2.5133666992 2.5499572754 2.4966735840 2.5199890137 2.5733337402 2.6033630371 2.5267028809 2.5266723633
5.2433471680 5.3399658203 5.1332702637 5.1232910156 5.1599731445 4.9733581543 4.3933715820 3.9132690430 1.6267089844 2.0567016602 3.4633483887 4.2600097656 4.1567077637 4.0433349609 3.8433532715 3.7366333008 3.7333068848 3.6300354004 3.5433349609 3.5733642578 3.7099914551 3.7366943359 3.6700439453 3.6066589355 3.5300292969 3.6666870117 3.5866088867 3.6066589355 3.5199890137 3.4366455078 3.3533020020 3.2799987793 3.2966918945 3.2200012207 3.1399841309 3.0733642578 3.0766296387 3.0167236328 3.0566711426 2.9866333008 3.0266418457 3.0666503906 3.1133117676 3.0233154297 3.0466918945 3.0600585938 3.0866699219
5.7900085449 5.8866577148 5.7766418457 5.8766479492 5.8033142090 5.2333068848 4.3466796875 3.5766906738 2.0933837891 3.7265930176 4.2333068848 4.7199707031 4.7200012207 4.6200256348 4.6099853516 4.4033203125 4.4199829102 4.3266296387 4.4333496094 4.3599853516 4.2799987793 4.3166809082 4.3399963379 4.2733764648 4.3099975586 4.2433471680 4.1566467285 4.1799926758 4.0866699219 4.0099792480 4.1366271973 4.0566711426 3.7767028809 3.6833190918 3.7299499512 3.6366882324 3.5632934570 3.5933532715 3.5299987793 3.5666809082 3.6133728027 3.5266418457 3.5499572754 3.5666503906 3.5699768066 3.5966491699 3.6266784668
6.6233825684 6.5233764648 6.4133300781 6.3433532715 6.1600036621 5.2866516113 5.0033569336 3.9366760254 3.0566406250 4.5866394043 5.5900268555 5.4966735840 5.5933532715 5.2933349609 5.2933349609 5.3133544922 5.2300109863 5.1199951172 5.1233825684 5.0333557129 4.9733581543 4.9666442871 4.9099731445 4.9299621582 4.8766784668 4.7999877930 4.7433166504 4.6499938965 4.7699890137 4.7866516113 4.7200012207 4.6300048828 4.3533325195 4.2699890137 4.2033081055 4.1133422852 4.0366516113 4.0633544922 3.9966430664 4.0166625977 4.0366516113 4.0533142090 4.0800170898 4.0966491699 4.1000061035 4.1333312988 4.1632995605
6.6366577148 6.6533508301 7.0733337402 6.8933105469 6.9099731445 6.4433288574 5.8634033203 5.2966613770 4.4133300781 4.2366638184 6.0600280762 5.9799804688 5.8600158691 5.9766540527 5.8800048828 5.7799377441 5.6966552734 5.6033325195 5.6066589355 5.5100097656 5.4367065430 5.4633178711 5.2867126465 5.3066406250 5.3399963379 5.2800598145 5.3099975586 5.2300109863 5.2533569336 5.1633300781 5.0799560547 5.0099487305 4.9266967773 4.8500061035 4.6699523926 4.6899719238 4.6033630371 4.5199584961 4.5433349609 4.5533447266 4.5766601562 4.4966735840 4.4967041016 4.5299987793 4.5366821289 4.5700073242 4.5866699219
7.3766784668 7.3833618164 7.5000610352 7.4266967773 7.2600402832 6.5766601562 6.4000244141 5.7233581543 4.7666320801 5.2933044434 6.6033325195 6.6166687012 6.5399475098 6.5566406250 6.5533447266 6.1633605957 6.3600158691 6.2766723633 6.1900024414 6.0932922363 6.1233215332 6.0433349609 5.9766235352 5.9900207520 6.0199890137 6.0400390625 5.9733581543 5.8999938965 5.8266906738 5.7433471680 5.6600036621 5.5800170898 5.3999938965 5.3267211914 5.2300109863 5.1399841309 5.0366516113 4.9566955566 4.9800109863 5.0032958984 5.0099792480 5.0233154297 5.0433654785 5.0632934570 5.0633239746 5.0966796875 5.1133117676
8.0099792480 7.9133300781 7.7233276367 7.8733215332 7.6866455078 7.2200012207 6.9499511719 6.0766296387 4.0999755859 5.9266662598 7.1500244141 7.1799621582 7.4966735840 7.4166870117 7.2266540527 6.8367004395 6.8466491699 6.7433166504 6.7633361816 6.8800048828 6.8933410645 6.8166503906 6.8533020020 6.7733459473 6.6966247559 6.6233520508 6.4432983398 6.4766540527 6.3933410645 6.3133239746 6.2400207520 6.0666503906 5.9599914551 5.8599853516 5.7766418457 5.5733337402 5.4800109863 5.4932861328 5.5166625977 5.5333557129 5.5367126465 5.5499877930 5.5700378418 5.5800170898 5.5966796875 5.6166381836 5.6500244141
8.4366455078 8.2399902344 8.2599792480 8.0766296387 7.7233581543 7.1666564941 7.0867004395 6.1166687012 4.8466796875 6.0766601562 7.5099792480 7.7266845703 8.0400390625 7.8599853516 7.7766723633 7.6967163086 7.7000122070 7.6166992188 7.5399780273 7.5599670410 7.5834045410 7.4999694824 7.4233398438 7.3600769043 7.2766113281 7.1999816895 7.1333312988 7.0599670410 6.9833374023 6.8833618164 6.6966552734 6.5933837891 6.5033264160 6.3099975586 6.2166748047 6.1133422852 6.0266418457 5.9266967773 5.9499816895 5.9633178711 5.9733276367 5.9733276367 6.1000061035 6.1133422852 6.1300048828 6.1399536133 6.1799621582
9.1666259766 8.8833618164 8.7833251953 8.5133056641 8.0366516113 7.7799987793 7.1266174316 6.5433044434 5.7867126465 7.0166625977 7.7599792480 8.2700195312 8.4966735840 8.5133666992 8.4233398438 8.3400268555 8.2633056641 8.2833251953 8.2033691406 8.2233276367 8.1433410645 8.0632934570 8.0933227539 7.9300537109 7.8566894531 7.7666625977 7.6966857910 7.6233215332 7.5366516113 7.4366760254 7.4399719238 7.2466430664 7.0600280762 6.8466491699 6.7467041016 6.6599731445 6.5700073242 6.4733276367 6.4899902344 6.5000305176 6.5133666992 6.5133361816 6.5366516113 6.5433044434 6.6566162109 6.6766967773 6.6200256348
9.5966796875 9.3999938965 9.2100219727 9.2299499512 8.9700317383 8.1233215332 7.2499694824 6.3865966797 5.6266479492 7.7533569336 8.4900207520 8.7366638184 9.0533142090 8.9600219727 8.9633789062 8.8967285156 8.8166198730 8.8466186523 8.7633361816 8.7933349609 8.7132873535 8.7200317383 8.6799621582 8.5899963379 8.4233398438 8.3399963379 8.2433471680 8.1566467285 8.0766906738 7.9032897949 7.8099975586 7.7066650391 7.5100097656 7.4100341797 7.3233337402 7.2300109863 7.1466674805 7.0499877930 7.0599670410 7.0599975586 7.0800476074 7.0899963379 7.0932922363 7.1033325195 7.1133422852 7.1266479492 7.1466979980
