model_inputs/inputs_caete3/tas/tas_LAYER5.asc
ncols 720
nrows 360
xllcorner -180
yllcorner -90
cellsize 0.500000
NODATA_value -9999.000000
[rows 220 to 239 of 360, columns 611 to 657 of 720]
22.5533447266 22.2533264160 22.1632995605 21.9733276367 21.6766662598 21.1900329590 21.0399475098 20.6699829102 20.6166076660 20.5567016602 20.5966796875 20.7200012207 20.9732971191 21.1166687012 21.3533630371 21.4833068848 21.6366577148 21.3266601562 21.2266845703 21.5232543945 21.4166870117 21.3833007812 21.4766540527 21.6433410645 21.5300292969 21.4333496094 21.4099731445 21.0566711426 21.3033142090 22.2366638184 22.7566833496 22.7666625977 22.7799682617 22.6999816895 22.3033447266 21.7833557129 21.2500000000 19.6099548340 19.1900024414 19.5666503906 20.7866516113 21.1100158691 21.3299865723 20.8933410645 19.4967041016 20.8333740234 21.5967102051
22.3099975586 21.9199829102 21.6199951172 21.1300048828 20.8266601562 20.9400329590 20.7766418457 20.3033752441 20.1533203125 20.0933532715 20.0299987793 20.2733459473 20.6066589355 20.7500000000 20.8899536133 21.0199584961 21.1499938965 20.7399902344 20.6399841309 20.7399597168 21.0499877930 21.0433044434 21.1266784668 21.3066711426 21.2967224121 21.3833007812 21.2300109863 20.7099609375 20.4266357422 21.2466735840 22.0500488281 22.2699584961 22.1866455078 22.2033081055 21.9233703613 21.8200073242 21.6833190918 21.0533447266 20.2467041016 20.1666870117 20.8933410645 21.1033020020 21.2333374023 20.5766906738 19.1033325195 20.0499877930 20.9033508301
21.8633422852 21.6666259766 21.2700195312 20.9766845703 20.6799926758 20.2699890137 20.5233459473 20.0466613770 19.8966369629 19.9266357422 19.8699951172 19.6033325195 19.7533569336 20.0800170898 20.1300048828 20.2600097656 19.6733398438 19.9633178711 20.0599975586 19.9466552734 20.3466796875 20.4566650391 20.7566223145 21.1700439453 21.1766662598 21.2533264160 21.0966796875 20.5501098633 20.1800231934 20.7566833496 21.0533752441 21.4566345215 21.4733581543 21.3933410645 21.4066467285 21.3099975586 21.1866455078 20.8633728027 20.6866760254 20.5100097656 20.6166687012 20.6333618164 20.5667114258 20.4132995605 20.4166870117 19.1466674805 18.9667053223
21.6166687012 21.4200134277 20.9232788086 20.7199707031 20.3266906738 20.0133056641 20.2566833496 19.8833618164 19.6266784668 19.3699951172 19.3033447266 19.2500000000 19.1800537109 19.3233642578 19.1666870117 19.2966613770 19.0933532715 19.2700195312 19.4699401855 19.3666687012 19.6700134277 19.8699951172 20.0866394043 20.4833068848 20.6933593750 20.9066467285 20.9567260742 20.3866577148 20.2366638184 20.5166625977 20.5100097656 20.6766662598 20.9633483887 20.9766540527 20.9866638184 20.7899780273 20.4866943359 20.4932861328 20.2399902344 20.1632995605 20.1632995605 20.1733398438 20.2033691406 20.0066528320 20.0166625977 19.3500366211 19.2666931152
21.2566833496 20.8733215332 20.4633483887 20.3800354004 19.9866638184 19.9566345215 20.0899963379 19.7300109863 19.2566528320 18.7033386230 18.5466613770 18.4766845703 18.6199645996 18.3533020020 17.7900085449 17.6200256348 17.8066711426 17.8900146484 18.2833557129 18.6933593750 18.9833374023 19.3966369629 19.6066284180 19.9100036621 20.1333312988 20.4466247559 20.6899719238 20.4566650391 20.2933044434 20.2866821289 20.4666442871 20.5499572754 20.6200256348 20.5066833496 20.3833007812 20.1766967773 20.2332763672 20.2233276367 20.1933593750 20.2033386230 19.9066467285 19.8300476074 19.7299804688 19.6232910156 19.4100036621 20.1266479492 20.1566772461
20.7600097656 20.3200073242 20.1133728027 19.8333129883 19.4465942383 19.5933227539 19.6333618164 19.3700256348 19.0133666992 18.3332824707 18.0765991211 18.1200256348 17.9500122070 17.8899536133 17.3166503906 16.9133605957 17.1133422852 17.1033020020 17.2934265137 17.8067016602 18.2066955566 18.9166870117 19.1433715820 19.4533081055 19.4733276367 19.8933410645 20.4233093262 20.3033447266 20.3599853516 20.2466735840 20.4299621582 20.4933471680 20.5632934570 20.3300170898 19.9000244141 19.9033508301 19.8400268555 19.7433471680 19.7166442871 19.8300170898 19.5500183105 19.4466857910 19.3233337402 19.3199768066 19.0033569336 19.7333374023 19.9799804688
20.1333312988 20.0199890137 19.9866943359 19.7933044434 19.2866516113 18.8366394043 18.6766662598 18.2200012207 18.2400512695 17.7767028809 17.6133117676 17.2533264160 16.9866638184 16.7299804688 16.3566589355 16.2333679199 16.1166687012 15.7266235352 16.4133300781 16.9200439453 17.8467102051 18.5632934570 18.8800354004 19.0966491699 19.1099853516 19.6199645996 19.9366760254 20.1033325195 20.3666992188 20.3533325195 20.1399841309 20.3000183105 20.3666381836 20.0233154297 20.0200195312 19.8166503906 19.7533264160 19.4666442871 19.3299560547 19.2800292969 18.8599853516 18.5499877930 18.5632934570 18.7666931152 19.0233459473 19.6499633789 19.6833190918
19.8999938965 19.7866821289 19.5733032227 19.4333190918 19.0466613770 18.5799560547 18.0066528320 18.0499877930 17.4833984375 17.1233520508 17.0500183105 16.6899719238 16.2265930176 15.5600280762 14.9633483887 15.3533325195 15.5333557129 15.8432922363 16.6499938965 16.8599853516 17.6799926758 18.1900024414 18.6100463867 19.1166687012 19.0233459473 19.2433166504 19.6500244141 19.7167053223 19.9566650391 19.9566345215 20.0299682617 19.9966735840 19.9700012207 19.8399963379 19.6299743652 19.6532897949 19.4733581543 19.1533508301 19.0900268555 18.8733520508 18.5066528320 18.2133483887 18.2299804688 18.0933532715 18.4400329590 19.2466125488 19.1799621582
19.2732849121 19.1633605957 18.9499816895 18.7566833496 18.5967407227 18.2133178711 17.9533386230 17.8800354004 17.6233215332 17.3533325195 16.6933288574 16.2399902344 15.5566711426 15.9933776855 15.9833068848 15.7499694824 15.6399841309 16.4500122070 17.0799560547 17.3833923340 17.7000122070 18.1066589355 18.6134033203 18.9333190918 19.1466369629 19.1566162109 19.4733276367 19.6100158691 19.6433410645 19.6266479492 19.7033691406 19.7867126465 19.5599365234 19.4566955566 19.2500000000 19.3699951172 19.0100402832 19.0599975586 18.7366333008 18.5266113281 18.0599670410 17.3833618164 16.9900207520 17.1200256348 17.7100219727 17.0133361816 17.1700134277
18.6633300781 18.7400207520 18.5300292969 18.4166870117 18.2033386230 17.9600219727 17.5933227539 17.3299865723 16.9533691406 17.0899353027 16.9166564941 16.5633239746 16.1832885742 15.8933105469 15.8866577148 15.9600219727 15.9566650391 16.2633056641 17.1000366211 17.4100036621 17.7099609375 18.1267395020 18.3266601562 18.7566528320 18.9566955566 19.0766906738 19.1799926758 19.1966247559 19.2299804688 19.2166748047 19.2799682617 19.3666687012 19.3700256348 19.1633300781 19.1600341797 19.1800231934 18.8200073242 18.7133178711 18.2566528320 18.1566467285 17.6733093262 17.1433715820 16.4766235352 16.2866821289 15.5932922363 16.1933593750 16.5466308594
18.2533569336 18.1400146484 17.8166809082 17.7099609375 17.8999633789 17.4966735840 16.5166320801 16.2533264160 16.0833435059 16.2166442871 16.1399841309 16.3800048828 16.0166625977 15.9933471680 15.9866333008 16.2733764648 16.3633728027 16.4633178711 16.9200439453 17.5299987793 17.6366882324 17.9533386230 18.2532958984 18.6700134277 18.7866821289 18.8899841309 18.9899902344 18.9066772461 19.0199890137 19.1000366211 18.9666748047 18.9532775879 18.8733520508 19.0800170898 19.1733398438 19.1600341797 18.6666564941 18.2666931152 17.7100219727 17.6199340820 16.9500122070 16.9933471680 16.3366394043 15.8533935547 15.1500244141 15.4599914551 15.7133483887
17.8634033203 17.6533508301 17.2433776855 17.1466369629 17.2500000000 17.0366821289 16.3466796875 15.8666381836 15.5099792480 15.6333618164 15.6633300781 16.0033264160 15.5066833496 15.7000122070 15.6966552734 15.7766723633 16.0733032227 16.3733520508 16.7232971191 17.3566894531 17.4599914551 17.9599914551 18.1833496094 18.4932861328 18.5967102051 18.7099914551 18.8133544922 18.6033630371 18.5966186523 18.6633605957 18.6600341797 18.5700378418 18.6833190918 18.8800048828 18.8766479492 18.8333435059 18.3333129883 18.1233215332 17.9399719238 17.2733154297 16.7833557129 16.5900268555 15.9400329590 15.4700317383 15.5966491699 14.9300231934 15.2066345215
17.2933349609 17.0766296387 16.7733459473 16.6866455078 16.6800231934 16.5699768066 16.1033020020 14.9933166504 14.5266723633 14.2633361816 14.3900451660 14.7133178711 14.3966674805 14.7166442871 15.3066711426 15.5900268555 16.1834106445 16.6700134277 16.7333374023 17.0633239746 17.3966674805 18.0867004395 18.2033691406 18.3266906738 18.5332946777 18.4300231934 18.5299987793 18.5300292969 18.4066772461 18.3766784668 18.2899780273 18.4000244141 18.7066345215 18.5833740234 17.9933471680 18.4900207520 18.3866882324 18.0800170898 17.8100280762 17.3099975586 17.0967102051 16.7133178711 16.0533447266 15.4899597168 15.5100097656 15.5333251953 15.4199829102
16.9166564941 16.8099975586 16.6233215332 16.6266784668 16.6066894531 16.6100158691 16.3233337402 14.9399719238 14.4566955566 14.3833312988 14.1199645996 14.3999938965 14.4967041016 14.8066406250 15.2133178711 15.4066772461 16.0866699219 16.4833374023 16.6234130859 16.8700256348 17.2033386230 17.9133605957 18.0233459473 18.1367187500 18.3466491699 18.2500000000 18.3432922363 18.2366333008 18.1133117676 18.0933532715 18.1100158691 18.0999755859 18.2933654785 18.0866699219 17.7066345215 18.0233154297 17.9200439453 18.0866699219 17.6666870117 17.3367004395 17.0066528320 16.7200012207 15.9732971191 15.8033447266 15.6199645996 15.5666809082 15.6433105469
16.7666931152 16.5833435059 16.3833618164 16.3633117676 16.2533569336 16.4599609375 16.3666687012 14.9800415039 14.5766906738 14.6133728027 14.3133850098 14.6933288574 14.5932922363 14.5900878906 14.7066650391 16.0999450684 16.2966918945 16.2866516113 16.4199523926 16.5700683594 16.4066772461 17.8333129883 17.9499511719 18.0633544922 18.0766601562 18.0799865723 17.8566894531 18.0367126465 18.1233215332 18.2333374023 17.9433288574 18.0133972168 18.0033264160 17.7866821289 17.6099853516 17.8267211914 17.6500549316 17.8266601562 17.4033203125 17.0966796875 16.7666625977 16.6133117676 16.4933166504 16.2433471680 15.9700317383 16.0433654785 15.9933166504
16.3167419434 16.2200012207 16.0166931152 16.0033264160 15.8933410645 16.0866699219 16.0066833496 15.1233520508 14.7333679199 14.3300170898 14.2066345215 14.8866271973 14.9900512695 15.2833251953 15.2867126465 16.0999755859 16.1099853516 16.2000427246 16.4300231934 16.4700012207 16.3133544922 17.6466674805 17.8733215332 17.8799438477 17.8933105469 17.7966613770 17.5866699219 17.7433776855 17.8599548340 17.9699401855 17.7233276367 17.7266845703 17.7166748047 17.7000122070 17.6133117676 17.5466918945 17.5800170898 17.5533447266 17.0433654785 16.8367004395 16.6133422852 16.4999084473 16.3966979980 16.2799377441 16.1333618164 15.9500122070 16.1566772461
16.1766967773 16.0599975586 15.9499816895 15.8432922363 15.7233581543 15.6266784668 15.4500122070 15.5666503906 15.4766845703 15.5300292969 15.4933471680 15.5766296387 15.5799865723 15.5866394043 15.7866516113 16.0032653809 16.1100158691 16.2066650391 16.3300781250 16.2900085449 16.2233581543 17.4633789062 17.5933532715 17.8033142090 17.7099914551 17.6066894531 17.6000061035 17.5933227539 17.5833435059 17.7733764648 17.6366271973 17.4266357422 17.4166564941 17.3099975586 17.1333312988 17.3499755859 17.3567199707 17.2799987793 16.9599609375 16.7499694824 16.5500488281 16.5466308594 16.5466613770 16.3333740234 16.3599853516 16.2033386230 16.1533508301
16.0066528320 15.8866577148 15.7666320801 15.6766662598 15.5633544922 15.5700073242 15.3900146484 15.7999877930 15.6933593750 15.6400146484 15.4066772461 15.6632995605 15.4733276367 15.4766845703 15.7766723633 15.9899597168 16.2033081055 16.2066650391 16.3433532715 16.3933715820 16.2333374023 17.0666809082 17.3866271973 17.6266784668 17.5299682617 17.3299865723 17.3233032227 17.4166564941 17.3966674805 17.4799804688 17.3599243164 17.1300354004 17.0233764648 16.9300231934 17.1500244141 17.1399841309 17.0233154297 16.9700012207 16.7933349609 16.5000000000 16.5166320801 16.5733032227 16.4700012207 16.4932861328 16.4000244141 16.1633605957 16.1266784668
15.8366394043 15.8299865723 15.7200012207 15.6133422852 15.4967041016 15.7999877930 15.7133789062 15.6333618164 15.7032775879 15.6566772461 15.4133300781 15.4833984375 15.4700012207 15.3700256348 15.5700073242 15.9866638184 16.0933227539 16.1933288574 16.3333435059 16.3900146484 16.3366394043 16.6733093262 16.9032897949 17.2299804688 17.1666870117 17.1533203125 17.2533264160 17.2366638184 17.3233642578 17.0899658203 16.8700256348 16.4632873535 16.1400146484 16.5433349609 16.8332824707 16.7200012207 16.4966735840 16.5466613770 16.5066223145 16.3565979004 16.3699951172 16.3132934570 16.3033142090 16.3367004395 16.3800048828 16.3067016602 16.2800598145
15.8766479492 16.0766601562 15.8533325195 15.8333129883 15.7466430664 15.9333496094 15.8599853516 15.7366333008 15.6866455078 15.6700439453 15.4233398438 15.4032897949 15.2766723633 15.1600036621 15.4633483887 15.5699462891 15.6933593750 15.7966613770 15.9266357422 15.8800354004 15.9433288574 16.3966979980 16.5133361816 16.6466979980 16.2633361816 16.4800415039 16.7466430664 16.4300231934 16.6999816895 16.8833618164 16.5666503906 16.2499694824 15.8399658203 16.3366394043 16.5299987793 16.2266845703 16.1833801270 16.2366638184 16.2132873535 16.1866455078 16.1367187500 16.0533447266 16.0666809082 16.0966796875 16.1233215332 16.1533508301 16.1433105469
