model_inputs/inputs_caete3/tas/tas_LAYER9.asc
ncols 720
nrows 360
xllcorner -180
yllcorner -90
cellsize 0.500000
NODATA_value -9999.000000
[rows 20 to 39 of 360, columns 282 to 328 of 720]
-24.1233520508 -24.1199951172 -24.0267028809 -23.7299804688 -22.9266815186 -22.5333709717 -22.5333099365 -22.1399841309 -21.3366699219 -20.8400115967 -20.7466735840 -20.2533111572 -19.6566314697 -19.0533599854 -18.4600067139 -17.9600067139 -17.4700012207 -16.6666870117 -15.8633117676 -14.9666748047 -13.0733337402 -13.0700073242 -12.8766479492 -12.4699707031 -11.6799926758 -10.8800354004 -10.6566772461 -10.3333435059 -9.7200012207 -8.9133300781 -8.2099914551 -8.0933532715 -7.8800048828 -7.5633544922 -7.7500000000 -8.2533569336 -6.7499694824 -6.4500122070 -8.0533142090 -7.2499694824 -7.3500061035 -7.1566772461 -6.5666809082 -9999.0000000000 -9999.0000000000 -9999.0000000000 -9999.0000000000
-23.9500122070 -23.9499816895 -23.8500061035 -23.5566558838 -22.9566650391 -22.2666625977 -22.2699890137 -21.8666534424 -20.9633026123 -20.4633331299 -20.3733367920 -19.8733215332 -19.2700195312 -18.6766662598 -18.0899963379 -17.5900268555 -17.0932922363 -16.4933471680 -15.7966308594 -14.4966735840 -13.2966613770 -12.9966430664 -13.0966796875 -12.0133666992 -11.4100036621 -11.3099670410 -10.5967102051 -10.2933654785 -9.8700256348 -9.0533447266 -8.2366638184 -7.6233215332 -6.8233337402 -6.6033020020 -6.2900085449 -6.4766540527 -6.9733276367 -7.6733093262 -6.3800048828 -5.1766662598 -9999.0000000000 -7.0455017090 -5.4732971191 -9999.0000000000 -9999.0000000000 -9999.0000000000 -9999.0000000000
-24.5733184814 -24.6700286865 -24.2899932861 -23.9899902344 -23.5933532715 -23.2899780273 -22.5966644287 -22.1966552734 -21.6967010498 -21.3933563232 -20.7033691406 -20.2033081055 -19.4133300781 -19.1166381836 -18.8233337402 -18.3200683594 -17.3166198730 -16.6233215332 -16.1233215332 -15.6299743652 -15.1299743652 -14.6266479492 -13.9300231934 -13.4333496094 -13.0300292969 -12.7399902344 -12.4399719238 -12.1267089844 -11.7099609375 -11.2966918945 -10.4866638184 -9.4700317383 -8.0433654785 -7.6266784668 -6.3200073242 -5.3067016602 -4.2866821289 -4.5933532715 -4.3866577148 -4.4866638184 -4.3966369629 -4.3966369629 -9999.0000000000 -9999.0000000000 -9999.0000000000 -9999.0000000000 -9999.0000000000
-24.4099731445 -24.5166625977 -24.0100097656 -23.7099761963 -23.2200164795 -22.9199829102 -22.2200317383 -21.8266601562 -21.3299713135 -21.0299835205 -20.2266235352 -19.8267211914 -19.0266723633 -18.7366638184 -18.3366088867 -17.8466796875 -17.0433654785 -16.2566528320 -16.0500183105 -15.6533203125 -15.1600341797 -14.6699829102 -13.9666442871 -13.2700195312 -12.8733215332 -12.4733581543 -11.9700012207 -11.7633361816 -11.2466735840 -10.9333190918 -9.8166503906 -8.5999755859 -7.1866455078 -6.3732910156 -5.1766662598 -4.1499633789 -3.9299926758 -4.0133056641 -4.0133056641 -5.0200195312 -9999.0000000000 -9999.0000000000 -9999.0000000000 -9999.0000000000 -9999.0000000000 -9999.0000000000 -9999.0000000000
-24.3366851807 -24.2433166504 -23.7400360107 -23.3366699219 -23.0399932861 -22.7433013916 -22.1600036621 -21.7566833496 -21.0533599854 -20.4599914551 -19.9666748047 -19.3699951172 -19.0666503906 -18.6700286865 -18.1766815186 -17.6800079346 -16.9800109863 -16.3833618164 -15.7833251953 -15.3833312988 -14.8833312988 -14.4766845703 -13.7832946777 -13.3900451660 -12.6933288574 -12.2866516113 -11.1000061035 -10.1933593750 -9.3866577148 -8.3766784668 -7.4599914551 -6.5367126465 -5.8367309570 -5.0100097656 -4.3866577148 -5.0766906738 -5.5599975586 -4.9500122070 -5.1366271973 -4.8366699219 -9999.0000000000 -3.8433227539 -4.3466796875 -9999.0000000000 -9999.0000000000 -9999.0000000000 -9999.0000000000
-24.0699920654 -23.8600158691 -23.4600219727 -23.0666809082 -22.5699920654 -22.2799987793 -21.8800048828 -21.4732971191 -20.9799957275 -20.4833374023 -19.8833312988 -19.3866882324 -18.9966583252 -18.6033325195 -18.0866699219 -17.5999755859 -17.1000061035 -16.5999755859 -16.1166687012 -15.7133178711 -15.2166442871 -14.8199768066 -14.3200378418 -13.8133239746 -13.2200012207 -12.7166442871 -11.9300231934 -10.4266967773 -8.8233032227 -7.3033142090 -6.0833435059 -4.6767272949 -4.2733154297 -4.1533203125 -4.7299804688 -5.1199951172 -5.7000122070 -5.0833129883 -4.9733276367 -4.6566467285 -4.2533264160 -3.9499816895 -9999.0000000000 -9999.0000000000 -9999.0000000000 -9999.0000000000 -9999.0000000000
-23.8899841309 -23.7900085449 -23.4933776855 -23.1933288574 -22.7966613770 -22.4000091553 -22.1132965088 -21.8066864014 -21.1066436768 -20.8133544922 -20.4199981689 -20.0266723633 -19.5266265869 -19.1233367920 -18.8299865723 -18.7333679199 -18.0299835205 -17.7366638184 -17.2433166504 -16.8466796875 -16.3399963379 -16.0399780273 -15.6566467285 -15.1499633789 -14.5566711426 -14.0533142090 -13.4533386230 -11.7566833496 -8.6533508301 -7.6466674805 -5.6300048828 -4.1199645996 -3.6966552734 -3.4766540527 -3.7733154297 -3.3566894531 -4.0433349609 -4.1333312988 -4.2099914551 -4.0966491699 -4.4766540527 -3.7766723633 -9999.0000000000 -9999.0000000000 -9999.0000000000 -9999.0000000000 -9999.0000000000
-23.5166931152 -23.4300231934 -23.2366638184 -23.0399780273 -22.7300262451 -22.5333251953 -22.1366424561 -21.8433685303 -21.4466552734 -21.1466369629 -20.7467041016 -20.3433532715 -20.0500030518 -19.6499938965 -19.2566528320 -19.1533203125 -18.7633361816 -18.3599700928 -17.7666931152 -17.4633331299 -17.0666503906 -16.6666870117 -16.2700195312 -15.8833923340 -15.7966613770 -15.0833435059 -13.1833190918 -11.7866821289 -9.6866455078 -8.7833251953 -7.2699584961 -6.6567077637 -6.3267211914 -5.1099853516 -4.0033569336 -4.8766479492 -4.5633239746 -3.7300109863 -3.6232910156 -3.1199645996 -4.1866760254 -9999.0000000000 -9999.0000000000 -9999.0000000000 -9999.0000000000 -9999.0000000000 -9999.0000000000
-23.6333465576 -23.5433502197 -23.4466552734 -23.2466583252 -22.8566894531 -22.6600036621 -21.9500274658 -21.7600250244 -21.3666687012 -20.9632873535 -20.6699676514 -20.3800354004 -20.1733551025 -19.9800109863 -19.4966735840 -19.1966705322 -18.8966827393 -18.5933380127 -18.1966552734 -17.5999603271 -16.8999938965 -16.5033569336 -15.9999694824 -15.5000305176 -15.0166931152 -14.4132995605 -13.1099548340 -12.3033447266 -11.2033691406 -10.3999938965 -9.9867248535 -9.0600280762 -7.4333496094 -5.9233093262 -6.3099975586 -5.5866394043 -5.7766723633 -4.8500061035 -3.5433044434 -9999.0000000000 -9999.0000000000 -9999.0000000000 -9999.0000000000 -9999.0000000000 -9999.0000000000 -9999.0000000000 -9999.0000000000
-23.0733489990 -22.9766693115 -22.8733367920 -22.5799865723 -22.6833648682 -22.3899536133 -22.1899871826 -21.7933502197 -21.5033111572 -21.0933685303 -20.7000579834 -20.3966674805 -19.8033142090 -19.6100158691 -19.1200256348 -18.7100219727 -18.5100097656 -18.1133270264 -17.8033142090 -17.1999969482 -16.5133056641 -16.1133117676 -15.5133361816 -15.1066894531 -14.6033020020 -14.0033264160 -13.3067016602 -12.8166503906 -12.5033569336 -12.1000061035 -11.1933288574 -10.2666320801 -7.1400146484 -6.6300048828 -6.1100463867 -5.0966491699 -4.4766540527 -3.8899536133 -2.9900207520 -2.2633361816 -2.3033752441 -2.3733215332 -2.0733032227 -9999.0000000000 -9999.0000000000 -9999.0000000000 -9999.0000000000
-22.7933044434 -22.8033294678 -22.7000122070 -22.5000000000 -22.2999877930 -22.1000213623 -21.8099517822 -21.5033264160 -21.3000183105 -21.1033172607 -20.8033599854 -20.5000305176 -19.9099731445 -19.6067047119 -18.8099975586 -18.4066619873 -18.0099792480 -17.6066436768 -17.3199768066 -16.7200012207 -15.7133178711 -15.2166442871 -14.7266845703 -13.9233093262 -13.3200073242 -12.6132812500 -12.3067016602 -12.3066711426 -11.8000183105 -11.2067260742 -10.8799743652 -10.1600341797 -7.9499816895 -6.8399658203 -4.9233093262 -4.6199951172 -3.3266601562 -3.1133117676 -2.7266540527 -2.5700073242 -1.9966735840 -1.9800415039 -9999.0000000000 -9999.0000000000 -9999.0000000000 -9999.0000000000 -9999.0000000000
-22.1066436768 -22.1000213623 -22.0033264160 -21.8066558838 -21.6099853516 -21.5000000000 -21.3066558838 -21.1066589355 -20.7033081055 -20.5166320801 -20.3133392334 -20.0166168213 -19.6200256348 -19.2233428955 -18.4133148193 -17.8166809082 -17.5233306885 -17.0133056641 -16.7133483887 -15.6099853516 -14.5133361816 -13.6133422852 -12.5100097656 -11.4100341797 -10.5066833496 -9.7066650391 -8.3033447266 -8.4033508301 -7.8933105469 -7.4966735840 -7.2900085449 -6.3766784668 -4.5733642578 -3.5633544922 -2.6533508301 -3.6600036621 -2.8566894531 -2.0600585938 -2.6266174316 -2.8733215332 -9999.0000000000 -9999.0000000000 -9999.0000000000 -9999.0000000000 -9999.0000000000 -9999.0000000000 -9999.0000000000
-22.0099639893 -22.0100097656 -21.9066772461 -21.7133178711 -21.5066833496 -21.3099975586 -21.1100006104 -20.9033355713 -20.7099914551 -20.5166473389 -19.8099822998 -19.6100006104 -19.5100402832 -19.0099945068 -18.4166870117 -17.7166748047 -16.4099731445 -15.7100524902 -14.2133178711 -12.8999938965 -10.9033508301 -11.1033325195 -8.9000244141 -8.3933715820 -8.2933349609 -7.6033630371 -5.8966674805 -5.1000061035 -5.2966308594 -3.1900024414 -4.4899902344 -5.2000427246 -5.6033630371 -3.6966552734 -2.1899719238 -2.9900207520 -2.1833496094 -1.6833190918 -9999.0000000000 -9999.0000000000 -9999.0000000000 -9999.0000000000 -9999.0000000000 -9999.0000000000 -9999.0000000000 -9999.0000000000 -9999.0000000000
-21.7067108154 -21.8033294678 -21.8200073242 -21.6099853516 -21.5000152588 -21.3033599854 -20.9033050537 -20.7033233643 -20.3133544922 -20.0200347900 -19.2066955566 -19.0166778564 -18.9133453369 -18.5099792480 -17.9100036621 -17.1133422852 -16.3099975586 -15.4933471680 -13.8000183105 -13.1133117676 -11.0033569336 -9.4066467285 -8.0066223145 -8.9966735840 -6.4800415039 -6.4867248535 -5.1800231934 -5.3866577148 -4.7799987793 -3.3900146484 -3.7100219727 -3.3300476074 -2.0333251953 -1.8267211914 -2.2233276367 -1.7333679199 -1.4199829102 -9999.0000000000 -9999.0000000000 -9999.0000000000 -9999.0000000000 -9999.0000000000 -9999.0000000000 -9999.0000000000 -9999.0000000000 -9999.0000000000 -9999.0000000000
-21.2066497803 -21.3099822998 -21.4099884033 -21.3133239746 -21.0133056641 -20.9199829102 -20.4132843018 -20.3200225830 -20.0166320801 -19.9167022705 -19.4100036621 -19.2100219727 -18.1899871826 -17.9033203125 -17.1966705322 -16.3067016602 -16.0000000000 -15.0866699219 -14.0899658203 -12.8866882324 -11.9800415039 -10.0000000000 -6.6900024414 -7.5733337402 -6.3799743652 -6.8733215332 -7.1700134277 -5.3766479492 -3.1066589355 -5.1166687012 -2.6333312988 -2.4466552734 -1.5633239746 -1.3566894531 -9999.0000000000 -9999.0000000000 -9999.0000000000 -9999.0000000000 -9999.0000000000 -9999.0000000000 -9999.0000000000 -9999.0000000000 -9999.0000000000 -9999.0000000000 -9999.0000000000 -9999.0000000000 -9999.0000000000
-20.6233215332 -20.7166595459 -20.7100067139 -20.7066650391 -20.3066406250 -20.1932983398 -19.8000030518 -19.7033386230 -19.4067077637 -19.3066406250 -18.8066406250 -18.5966644287 -17.6900329590 -17.2966308594 -16.0866699219 -15.1000061035 -14.2899780273 -13.3833007812 -11.6899719238 -9.5800170898 -8.6833801270 -10.1799621582 -7.9766235352 -7.4733276367 -5.7733154297 -6.6733398438 -7.4866943359 -6.7099609375 -6.8233642578 -4.0499877930 -1.1600036621 -0.9767150879 -0.7900390625 -1.6866760254 -9999.0000000000 -9999.0000000000 -9999.0000000000 -9999.0000000000 -9999.0000000000 -9999.0000000000 -9999.0000000000 -9999.0000000000 -9999.0000000000 -9999.0000000000 -9999.0000000000 -9999.0000000000 -9999.0000000000
-19.3100128174 -19.3066864014 -19.6066436768 -19.5066680908 -19.8033447266 -19.7000427246 -19.5999603271 -19.1967010498 -19.0966491699 -18.7000274658 -18.3899383545 -18.0966796875 -17.6933135986 -16.8865966797 -15.9833068848 -14.6833190918 -13.1733398438 -11.9767150879 -10.2833557129 -7.3800354004 -6.0700073242 -4.2666625977 -5.8600158691 -6.0566711426 -6.7732849121 -8.0033264160 -6.9100341797 -8.2366333008 -4.6466674805 -3.7633361816 -2.0766296387 -1.3999633789 -0.9133300781 -0.6233215332 -0.5299682617 -9999.0000000000 -9999.0000000000 -9999.0000000000 -9999.0000000000 -9999.0000000000 -9999.0000000000 -9999.0000000000 -9999.0000000000 -9999.0000000000 -9999.0000000000 -9999.0000000000 -9999.0000000000
-18.6066894531 -18.6099853516 -18.8100128174 -19.0066680908 -19.1999664307 -19.0933380127 -19.0000152588 -18.5933227539 -18.4900360107 -18.0799865723 -17.7766876221 -17.4766845703 -17.1799926758 -16.5733337402 -15.7766418457 -14.3699951172 -12.7699890137 -11.8599853516 -11.5599975586 -8.8633117676 -6.2700500488 -3.7766418457 -4.9766845703 -7.2866210938 -6.5966491699 -6.2133483887 -2.3399963379 -1.5533752441 -0.4766540527 -1.1933288574 -1.2032775879 -1.2233276367 -1.6433410645 -1.0566406250 -0.1566467285 -9999.0000000000 -9999.0000000000 -9999.0000000000 -9999.0000000000 -9999.0000000000 -9999.0000000000 -9999.0000000000 -9999.0000000000 -9999.0000000000 -9999.0000000000 -9999.0000000000 -9999.0000000000
-18.4966735840 -18.6999969482 -18.5933380127 -18.5933532715 -18.4899902344 -18.4899902344 -18.2833251953 -18.1766662598 -17.8766784668 -17.2799682617 -16.7733459473 -16.6766662598 -16.2766418457 -15.6733398438 -14.7666625977 -13.5666503906 -11.3633117676 -9.1633300781 -8.1733398438 -6.2533264160 -5.7633666992 -3.4833679199 -4.5000000000 -4.7066650391 -3.9333190918 -3.1499633789 -2.7566833496 -0.6766662598 -9999.0000000000 0.4899902344 0.0699768066 -0.7367248535 -0.4666442871 -1.1766662598 -0.2766723633 -9999.0000000000 -9999.0000000000 -9999.0000000000 -9999.0000000000 -9999.0000000000 -9999.0000000000 -9999.0000000000 -9999.0000000000 -9999.0000000000 -9999.0000000000 -9999.0000000000 -9999.0000000000
-17.6966552734 -17.9900054932 -17.9833221436 -17.8832855225 -17.8766784668 -17.7733459473 -17.6866760254 -17.5800018311 -17.2699890137 -16.8633422852 -16.1666564941 -16.0666809082 -15.7666931152 -15.2599792480 -14.2600097656 -13.1600341797 -10.9566650391 -7.9533691406 -6.4533386230 -5.5599670410 -4.5866699219 -4.3966674805 -4.7099914551 -5.6199951172 -3.7533569336 -1.2700195312 -2.4866943359 -1.4099426270 -1.9199829102 -2.3399963379 1.2466735840 1.0233459473 0.1100158691 0.6833801270 -1.0833435059 -9999.0000000000 -9999.0000000000 -9999.0000000000 -9999.0000000000 -9999.0000000000 -9999.0000000000 -9999.0000000000 -9999.0000000000 -9999.0000000000 -9999.0000000000 -9999.0000000000 -9999.0000000000
