model_inputs/inputs_caete3/tas/tas_LAYER5.asc
ncols 720
nrows 360
xllcorner -180
yllcorner -90
cellsize 0.500000
NODATA_value -9999.000000
[rows 60 to 79 of 360, columns 141 to 187 of 720]
6.1133117676 6.1133117676 5.6166687012 5.2099914551 4.7167053223 4.4133300781 4.2200012207 3.7233276367 3.4299621582 3.1233520508 2.7433776855 2.2767028809 1.8033752441 1.3200073242 0.9533081055 0.4466247559 0.0633544922 -0.0433349609 0.0733337402 -0.1133117676 -0.3933410645 -0.7033386230 -1.0000000000 -1.2066650391 -1.5466308594 -1.6333312988 -1.8199768066 -1.9133300781 -1.9666748047 -1.6433715820 -9999.0000000000 -9999.0000000000 -9999.0000000000 -9999.0000000000 -9999.0000000000 -9999.0000000000 -9999.0000000000 -9999.0000000000 -9999.0000000000 -9999.0000000000 -9999.0000000000 -9999.0000000000 -9999.0000000000 -9999.0000000000 -9999.0000000000 -9999.0000000000 -9999.0000000000
7.3166809082 7.3233642578 7.0266418457 6.5333862305 6.2366638184 5.8332824707 5.5300292969 5.1366271973 4.8400268555 4.4367065430 3.8399963379 3.2400207520 2.6766357422 2.2166442871 1.7266540527 1.3299865723 0.9566345215 0.6500244141 0.8700561523 0.7833251953 0.5933532715 0.2933349609 -0.1166687012 -0.3333740234 -0.5599975586 -0.7533264160 -0.9400024414 -1.1233520508 -1.1999816895 -0.7733459473 -9999.0000000000 -9999.0000000000 -9999.0000000000 -9999.0000000000 -9999.0000000000 -9999.0000000000 -9999.0000000000 -9999.0000000000 -9999.0000000000 -9999.0000000000 -9999.0000000000 -9999.0000000000 -9999.0000000000 -9999.0000000000 -9999.0000000000 -9999.0000000000 -9999.0000000000
7.5100097656 6.8266906738 6.5266418457 6.1333007812 5.8399963379 5.6433410645 5.7433471680 6.0466918945 5.3533630371 4.9499816895 4.5532836914 4.0599975586 3.5600280762 2.9833374023 2.6066894531 2.3300170898 1.9433288574 1.9500122070 1.7633361816 1.8733215332 1.6833496094 1.2833251953 0.9666442871 0.5333251953 0.1233215332 0.0299377441 -0.0500488281 -0.3366394043 -0.5166931152 -0.7966308594 -1.0899963379 -1.1399841309 -0.3933715820 -9999.0000000000 -9999.0000000000 -9999.0000000000 -9999.0000000000 -9999.0000000000 -9999.0000000000 -9999.0000000000 -9999.0000000000 -9999.0000000000 -9999.0000000000 -9999.0000000000 -9999.0000000000 -9999.0000000000 -9999.0000000000
7.5299987793 7.0333251953 6.6499938965 6.3466491699 5.9367370605 6.1466674805 6.2499389648 6.1533508301 5.7433166504 5.3466796875 5.0566406250 4.8666687012 4.3600158691 3.7733154297 3.2833251953 3.0200195312 2.9233398438 2.7533569336 2.6533508301 2.6633605957 2.3666687012 2.1533203125 1.9400024414 1.4233398438 1.0033264160 0.8099975586 0.5299987793 0.4333801270 0.2566528320 0.0800476074 -0.0933532715 -0.1366271973 0.0100097656 0.3566894531 -9999.0000000000 -9999.0000000000 -9999.0000000000 -9999.0000000000 -9999.0000000000 -9999.0000000000 -9999.0000000000 -9999.0000000000 -9999.0000000000 -9999.0000000000 -9999.0000000000 -9999.0000000000 -9999.0000000000
7.2599792480 6.9699707031 6.7666625977 6.4399719238 6.3566894531 6.6633605957 6.6633300781 6.2667236328 5.8666992188 5.8733520508 5.5766601562 5.3766784668 4.8800048828 4.6799621582 4.3999938965 3.9833068848 3.9133605957 3.9299926758 3.7366638184 3.6333312988 3.4366760254 3.2266540527 2.8999633789 2.4833068848 2.0666503906 1.7766418457 1.4933776855 1.3133544922 0.9366455078 0.7833251953 0.7100219727 0.8599548340 0.8099975586 0.8566894531 -9999.0000000000 -9999.0000000000 -9999.0000000000 -9999.0000000000 -9999.0000000000 -9999.0000000000 -9999.0000000000 -9999.0000000000 -9999.0000000000 -9999.0000000000 -9999.0000000000 -9999.0000000000 -9999.0000000000
7.8800048828 7.4933471680 7.2766418457 6.9732971191 6.6633300781 6.9632873535 6.9667053223 6.6733093262 6.3766479492 6.3800354004 6.0733337402 5.7933654785 5.3866271973 5.4766845703 5.0733337402 4.9866333008 4.9933166504 4.9933471680 4.8099670410 4.7166442871 4.4967346191 4.2832946777 3.8632812500 3.4399719238 3.0466613770 2.7500000000 2.5733642578 2.4000244141 2.0433044434 1.7832946777 1.8167114258 1.8733215332 1.8133239746 1.7599792480 1.9166564941 1.7599792480 1.6133422852 1.5533447266 1.3066101074 -9999.0000000000 -9999.0000000000 -9999.0000000000 -9999.0000000000 -9999.0000000000 -9999.0000000000 -9999.0000000000 -9999.0000000000
8.5099792480 8.2133483887 8.0133056641 7.5966491699 7.2833251953 7.0933837891 6.9800109863 6.7966918945 6.8900146484 6.7866821289 6.5766601562 6.2666931152 6.0566406250 5.7633361816 5.6566772461 5.5633544922 5.9599914551 6.0799865723 5.9800109863 5.8799743652 5.5633239746 5.0366821289 4.6166992188 4.2033081055 3.9199523926 3.6266479492 3.4600219727 3.4133605957 3.2366638184 3.1000061035 2.8266296387 2.7733154297 2.8066711426 2.6533813477 2.5233459473 2.3699645996 2.0166931152 1.9667053223 1.9066772461 2.0466308594 1.9566650391 1.9666442871 1.1967163086 -9999.0000000000 -9999.0000000000 -9999.0000000000 -9999.0000000000
8.9266662598 8.5633239746 8.3399658203 8.1299743652 8.0100097656 7.7133483887 7.4933471680 7.2866210938 7.2733764648 7.2733764648 6.9633483887 6.6700439453 6.5466613770 6.3400268555 6.2399902344 6.2500000000 6.6533813477 6.7433776855 6.6533203125 6.5433654785 6.1166687012 5.7033386230 5.4800109863 5.1600036621 4.8799743652 4.7233581543 4.4632873535 4.4066467285 4.2533264160 4.2933349609 3.8266906738 3.7733764648 3.8166503906 3.5633544922 3.3299865723 3.1799621582 2.7233276367 2.5766906738 2.5166625977 2.6466369629 2.5566711426 2.6866760254 2.4933471680 2.5066833496 -9999.0000000000 -9999.0000000000 -9999.0000000000
8.7133789062 9.0600585938 8.9799804688 8.5500183105 8.4199829102 8.2932739258 8.1933593750 7.8866882324 7.7766723633 7.4633178711 7.3566589355 7.0433654785 6.8566894531 7.0299682617 6.9432983398 7.2366333008 7.1466674805 7.2399902344 7.0433044434 7.0166625977 6.7933654785 6.4733581543 6.0499877930 6.1433410645 5.9866943359 5.5233764648 5.2733154297 5.5199890137 5.3666687012 5.1899414062 4.9367065430 4.5799560547 4.3266906738 4.1599731445 4.0166625977 4.0799865723 3.9266357422 3.4866638184 3.3333435059 3.0532836914 2.8599853516 2.9833068848 2.7999877930 2.3999938965 2.3033447266 2.1100463867 2.3133544922
8.7966918945 9.0533447266 9.0466918945 8.8233032227 8.5966796875 8.5766906738 8.5599975586 8.2533264160 8.0400085449 7.9333190918 7.8433227539 7.6266479492 7.5166931152 7.8133239746 7.8167114258 7.9199829102 7.6200561523 7.6199645996 7.4100036621 7.1966857910 7.0666809082 7.0433349609 6.8533630371 7.0466613770 6.9000244141 6.3399963379 6.0766906738 6.3233337402 6.1633300781 5.9966735840 5.7366943359 5.4866638184 5.2466735840 4.9733276367 4.8000183105 4.8666992188 4.7366638184 4.2799987793 4.1400451660 3.7599792480 3.6766662598 3.6833496094 3.4933471680 3.0933227539 2.9966735840 2.7966613770 2.7066650391
9.1333007812 8.6699523926 9.0066833496 8.7900085449 8.8733215332 8.4566650391 8.0299987793 8.0166931152 7.8099975586 8.0966491699 7.7999572754 8.6899719238 8.5766906738 8.7533569336 8.8499755859 8.8999938965 8.1033325195 7.9066772461 7.6866760254 7.5699462891 7.4800109863 7.7666931152 7.8699951172 7.7699890137 7.4899902344 7.1400146484 6.8933410645 6.7400207520 6.5766601562 6.7033691406 6.5333557129 6.1033325195 5.8466796875 5.6799926758 5.4100036621 5.3633117676 5.1300354004 4.9933166504 4.8267211914 4.6699829102 4.4933471680 4.2799682617 4.2033386230 4.2000122070 4.0000305176 3.9166564941 3.7300109863
9.6567077637 9.5599365234 9.3067016602 9.2733764648 9.0333251953 8.7266845703 8.3966674805 8.3900146484 8.3833618164 8.5633239746 8.4599914551 9.2333679199 9.1199951172 9.1133117676 9.0133056641 9.0567321777 8.3866577148 8.1766662598 7.9766845703 7.7899780273 7.6900024414 8.0900573730 8.2900390625 8.2766723633 8.0033264160 7.6399841309 7.6033020020 7.4399719238 7.2700195312 7.4133300781 7.2333374023 6.9033508301 6.6533203125 6.3999938965 6.2333374023 6.1733093262 5.9399719238 5.6799621582 5.5433654785 5.2799987793 5.1866455078 4.9933471680 4.9100036621 4.9200134277 4.8300170898 4.7466735840 4.5499877930
9.8633422852 9.4333190918 9.0033264160 9.1633605957 9.2200317383 9.1000061035 8.7666625977 9.2433166504 9.3400268555 9.7133483887 9.5833129883 9.7799987793 9.6733093262 9.7732849121 9.5899658203 9.2166748047 8.7700195312 8.5033264160 8.2133483887 8.1066284180 7.9133300781 8.2066955566 8.1066589355 8.3999633789 8.3166809082 8.0400085449 7.9833068848 7.9499816895 7.8899841309 7.8266296387 7.5433349609 7.3966369629 7.1566772461 6.9066467285 6.6499938965 6.4967041016 6.2233886719 5.9900512695 5.7366333008 6.0866394043 6.0033569336 5.7200012207 5.8367309570 5.5399780273 5.5567016602 5.2567138672 5.0633239746
10.6600036621 10.3133544922 9.5700073242 9.4366760254 9.3933105469 9.6700134277 9.8367004395 9.7033081055 9.7766418457 10.0633544922 9.7400207520 10.3266906738 9.8500366211 9.0400085449 8.4499816895 9.3166198730 9.2033386230 9.0199890137 8.8266601562 8.3200073242 7.8233337402 8.7300109863 8.6199951172 8.5333557129 8.5233459473 8.3433227539 8.2799987793 8.3400573730 8.4033203125 8.3200683594 8.1566467285 7.9000244141 7.7600402832 7.6066589355 7.3566589355 7.1099853516 6.8433227539 6.6033020020 6.4633178711 6.8033447266 6.6066589355 6.3433227539 6.4433288574 6.1666564941 6.1733093262 5.8833618164 5.6800231934
11.1766967773 10.9033508301 10.8466491699 10.5233154297 10.3833312988 10.7700195312 10.7433166504 10.3699645996 10.2200317383 10.3033752441 9.5933227539 9.4166564941 9.4200134277 9.1200256348 9.0499877930 8.7366638184 9.1433715820 9.8466491699 9.4432983398 9.1366577148 8.3432922363 8.5433044434 9.0500183105 9.0399780273 8.9499816895 8.6466674805 8.6899414062 8.9366455078 8.9866943359 8.8233032227 8.6600036621 8.4000244141 7.6500549316 8.2099914551 7.9699707031 7.3166809082 7.1766662598 7.3266601562 7.1866760254 6.9133300781 6.7333679199 6.5466613770 6.5633239746 6.1700134277 6.0833435059 6.4733886719 6.2733154297
10.9933166504 10.7700195312 10.7866516113 10.8432922363 10.8933715820 11.1699829102 11.1100158691 10.9466857910 10.6966857910 10.2900390625 10.0366821289 9.8332824707 9.5666809082 9.3833312988 9.1266784668 9.0833435059 9.6766967773 10.0700073242 10.0599365234 9.6566772461 9.0566711426 9.0567016602 8.9599914551 9.4600524902 9.4632873535 8.9632873535 8.9866638184 9.2167053223 9.3699645996 9.2133483887 9.1600036621 8.8966369629 8.3533325195 8.7099609375 8.5733642578 7.8366394043 7.6033630371 7.9466857910 7.7133178711 7.4266662598 7.2232971191 7.1466674805 7.0666503906 6.7800292969 6.5699768066 7.0833435059 6.8733520508
10.9066772461 11.0266113281 11.0599670410 11.1833801270 11.2500000000 11.2133483887 10.9900207520 11.1366882324 11.0866699219 10.4799804688 10.1832580566 9.6966552734 9.8266296387 10.1466674805 9.7733764648 9.8766784668 9.1133728027 9.5066223145 9.8866577148 10.2799987793 9.7733459473 9.3766784668 9.3766479492 9.4866943359 9.2766723633 9.0766906738 9.3966369629 9.4266967773 9.5466613770 9.4899902344 9.3500061035 9.3966369629 9.3566589355 8.6299743652 8.4933776855 8.9500122070 8.8167114258 8.7767028809 8.5299987793 7.6432800293 7.4399719238 7.2433166504 7.2499694824 7.2466735840 7.1733398438 7.2700195312 7.3633728027
11.2900390625 11.2433471680 11.6166992188 11.6433410645 11.5733337402 11.1466674805 10.9433288574 10.9132995605 11.3900146484 10.9933166504 10.5567016602 10.0699768066 10.2900085449 10.4066772461 10.1400146484 10.1866760254 9.6433105469 10.0333557129 9.8233642578 10.9033508301 10.4967346191 9.9900207520 10.1866760254 10.1932983398 9.9033508301 9.6066589355 10.0066833496 10.1266174316 10.0533142090 9.9933166504 9.8366699219 9.8000183105 9.7733154297 9.1499938965 9.0133361816 9.4766235352 9.3466491699 9.2966613770 9.0332946777 8.0199890137 7.7033386230 7.4033203125 7.5100402832 7.5233154297 7.5266113281 7.6400451660 7.7700500488
11.5966796875 11.7433166504 11.8633117676 11.5800170898 11.2000122070 11.2966003418 11.0799865723 11.2599792480 11.5833435059 11.8899841309 11.2566223145 11.1399841309 11.0633850098 10.7700500488 10.5899963379 10.3333740234 10.2699584961 10.2733154297 9.4399719238 9.7333374023 11.1366577148 10.8266906738 11.0166931152 11.0166625977 10.6066894531 10.8233032227 10.5166625977 10.9366149902 10.7599487305 10.5933227539 10.5400085449 9.9033508301 9.8766784668 9.7599487305 9.7566833496 9.5199584961 9.2733154297 8.7966918945 8.3900146484 8.2933654785 7.8866882324 7.6666564941 7.5833435059 7.5833435059 7.6933288574 7.9166564941 7.8333435059
11.4233398438 11.1900024414 11.1166687012 10.8932800293 11.0566711426 11.3500061035 11.0400085449 11.1199951172 11.5166625977 11.9366760254 11.5233154297 10.7966613770 10.8266601562 10.7333374023 10.7600402832 11.0133361816 10.9199829102 10.8966674805 9.7532958984 10.0133361816 11.2466735840 11.5566711426 11.3867187500 11.5899658203 11.2766723633 10.9799804688 10.9766235352 11.1866149902 11.0333557129 10.9500122070 11.0033264160 10.2733459473 10.3866577148 10.3632812500 10.3699951172 10.0500183105 9.7632751465 9.1633605957 8.6599731445 8.4533386230 8.0266418457 7.7266845703 7.7366638184 7.8600158691 7.9633178711 8.0666503906 8.2900695801
