model_inputs/inputs_caete4/tas/tas_LAYER6.asc
ncols 720
nrows 360
xllcorner -180
yllcorner -90
cellsize 0.500000
NODATA_value -9999.000000
[rows 80 to 99 of 360, columns 470 to 516 of 720]
21.6732788086 21.4733581543 21.3733215332 20.8766479492 20.8066406250 20.7466430664 20.5700073242 20.7933349609 20.8333435059 21.2733154297 21.7066650391 21.8399963379 21.9533081055 22.3633422852 22.8766479492 22.8800659180 22.9633483887 22.9366760254 22.7967224121 22.4600219727 22.0166931152 21.6433105469 20.7967224121 20.2733764648 20.0499572754 19.8300170898 19.6333923340 19.8266906738 20.2133178711 20.0933227539 19.7800292969 19.5499877930 19.4700317383 19.4900207520 19.3033142090 19.5166625977 18.7600097656 18.3900451660 18.5267333984 18.3566894531 18.4833679199 18.5233459473 17.3533020020 17.5899963379 17.4400024414 17.4766845703 18.3999938965
22.2533264160 21.9799804688 21.8800048828 21.5000305176 21.3199768066 21.3666076660 21.0933837891 20.8366699219 21.3533630371 21.7800292969 22.1133117676 22.2533569336 22.4766235352 22.8900146484 23.2966918945 23.2966308594 23.4266662598 23.3566589355 23.0133056641 22.6766662598 22.2733459473 21.6233520508 21.2933349609 20.4733276367 19.7599792480 19.5433044434 19.7566223145 20.1333312988 20.3300170898 20.3133239746 20.0933227539 19.7433471680 19.4633483887 19.9766235352 19.7966613770 19.4200134277 18.3266601562 17.7300415039 17.7599792480 17.4866333008 18.5200195312 18.1566772461 17.7933044434 17.9399719238 17.7667236328 17.9000244141 17.8600158691
22.6732788086 22.2766723633 22.0866699219 21.9066772461 21.9366760254 21.9766845703 21.6233520508 21.1533203125 22.1066589355 22.4166870117 22.6466369629 22.9633483887 23.3833007812 23.6166992188 23.7766723633 23.5766601562 23.5800170898 23.6699523926 23.4400024414 22.8966674805 22.4500732422 22.1366577148 21.2900390625 20.6833190918 19.9600219727 20.1700439453 20.4633178711 20.6566772461 20.7432861328 20.7199707031 20.6999816895 20.6266479492 20.3600158691 20.1900024414 19.6100463867 19.1767272949 18.0733032227 18.2733764648 17.5899963379 17.3399963379 17.7566528320 18.1966857910 18.3299560547 18.8733215332 18.6066589355 19.0466918945 18.1433715820
22.8799743652 22.7866516113 22.5000000000 22.4166870117 22.1466979980 22.2899475098 22.0266418457 22.2733459473 22.5100097656 22.7567138672 22.9766235352 23.2066955566 23.8700256348 24.0199890137 24.2466430664 24.1166687012 24.1932983398 23.8499755859 23.7133483887 23.2800292969 22.9566650391 22.2400207520 21.4066467285 20.7833251953 20.5766601562 20.7800292969 21.0733947754 21.0599670410 21.3600158691 21.5466308594 21.3166503906 20.9366760254 20.7633361816 20.3866271973 19.2466430664 18.7266540527 18.4200134277 18.7233276367 18.2333679199 18.0633544922 19.1999816895 19.5267028809 19.5699768066 19.4967041016 19.6233215332 19.6366882324 19.3133239746
22.9899902344 23.0066528320 23.0133056641 22.9333801270 22.6800231934 22.5100402832 22.4466857910 22.7933044434 23.2366333008 23.0733642578 23.3333740234 23.9033203125 24.1666564941 24.3099670410 24.5466613770 24.3566589355 24.3366394043 24.0166931152 23.8866271973 23.8966979980 23.2666625977 22.6433410645 21.6267089844 21.1932983398 21.9866333008 21.8800048828 22.0866394043 22.0666503906 21.9633483887 21.9533386230 21.5100402832 21.4333496094 21.2699890137 20.8999938965 20.0900268555 19.1799926758 19.0700073242 19.3900451660 20.1867065430 20.5033569336 20.7266540527 20.6733093262 20.6999816895 20.5066223145 19.6100158691 19.5066528320 19.6999816895
23.2932739258 23.2132873535 23.2199707031 23.2500000000 23.2933349609 23.2300415039 23.3633117676 23.7133178711 23.5599670410 23.6466369629 24.0133666992 24.1833496094 24.4533691406 24.8166503906 24.7966918945 24.5366516113 24.3866577148 24.2966918945 24.1899414062 24.0799255371 23.7700195312 23.2333068848 22.6166687012 22.3833312988 22.7899780273 22.5800170898 22.6867065430 22.6766357422 22.4733276367 22.2532958984 22.0000000000 21.7134094238 21.7499694824 21.6433715820 20.9299926758 19.6399841309 19.6399536133 19.9367065430 21.1399536133 20.9366455078 21.1766662598 21.0799865723 20.9866638184 20.8866577148 20.3833618164 20.1733398438 20.0766906738
24.0266418457 23.8267211914 24.0333557129 23.9633178711 24.0099792480 23.8533020020 23.6833496094 24.0499877930 24.1333007812 24.3066711426 24.5832824707 24.9633178711 25.2333679199 25.4233093262 24.7999877930 24.6699829102 24.4732971191 24.3699951172 24.4633178711 24.4533081055 24.3366394043 24.2333374023 23.6166076660 23.1932983398 23.2066650391 23.1933288574 23.4033203125 23.2767028809 22.7833862305 22.7400207520 22.2799987793 22.1066894531 21.9733581543 21.3533325195 21.4633483887 21.3699951172 21.6733093262 21.9833374023 22.2866821289 22.4899597168 22.4799499512 22.3565979004 22.1600341797 22.0566406250 21.7533264160 21.7566528320 21.8600158691
24.3433227539 24.1366577148 24.1466674805 23.9800415039 23.9200134277 23.9867248535 24.0567016602 24.3333129883 24.7133483887 25.1733398438 25.5233459473 25.5599975586 25.7099914551 25.3933715820 24.8600158691 24.7466430664 24.8433227539 24.7499694824 24.6433105469 24.6466369629 24.5366210938 24.7333374023 24.6233215332 24.1099548340 23.9066772461 23.8966674805 23.9133300781 23.8933105469 23.5866699219 23.0333251953 22.6666259766 22.6133117676 22.6100158691 22.3033447266 21.9999694824 21.9033203125 22.3166809082 22.7100524902 22.5033569336 22.3933715820 22.7900085449 22.6766662598 22.6666870117 22.5533142090 22.5566711426 22.4599609375 22.4500427246
24.6567077637 24.1567077637 24.3666992188 24.4066467285 24.3833007812 24.5333557129 24.2867126465 24.7266540527 25.5799560547 25.6133117676 25.7733764648 25.9132995605 26.0033264160 25.3699951172 25.1233215332 25.2399597168 25.3332824707 25.2432861328 25.2499694824 25.2400207520 25.0367431641 25.1300048828 25.2266845703 24.9266967773 24.7166442871 24.3133544922 24.1166381836 24.1100158691 24.0866699219 23.7199707031 23.1666564941 22.9533081055 22.9299621582 22.9333190918 22.7366638184 22.4399414062 22.9300231934 22.9166870117 23.3033142090 23.3033142090 23.2966613770 23.2066650391 23.0900268555 22.8866882324 22.8633728027 22.6599426270 22.2399597168
24.5299682617 24.3533325195 24.2633056641 24.4066467285 24.4499816895 24.5000000000 24.4433288574 25.4966735840 25.7366333008 25.7799682617 25.9366455078 26.0733337402 26.0700378418 25.7766418457 25.5400085449 25.6233520508 25.7299804688 25.7333374023 25.6466674805 25.6366577148 25.6333312988 25.6300048828 25.5400085449 25.4433288574 25.4366760254 25.1300354004 24.8333435059 24.5099792480 24.3700561523 24.3033447266 24.1833496094 23.7633666992 23.5599975586 23.3599853516 23.1600341797 22.6466674805 22.7399902344 23.4266967773 23.6232604980 23.6199951172 23.6233215332 23.6233215332 23.4099426270 23.1966857910 23.0833435059 22.8766784668 21.0633850098
24.2966613770 24.3099975586 24.3433227539 24.2832946777 24.2066345215 24.3533630371 24.7033386230 25.8466186523 25.8933105469 26.0400390625 26.1866760254 26.2866821289 26.1399841309 26.0933227539 25.9466857910 25.9166564941 25.9266662598 26.0266723633 26.0266723633 26.0233154297 26.0233459473 26.0233764648 25.9333801270 25.8432922363 25.1466369629 25.4333190918 25.6400451660 25.3300170898 24.8566589355 24.8299865723 24.7133789062 24.5966491699 24.4900817871 24.2766723633 24.2600097656 23.5533752441 23.1532897949 23.4333190918 23.6299743652 24.0233459473 24.1333618164 23.8433532715 23.4332885742 23.3133544922 22.9133911133 21.8933715820 19.2866516113
24.1733093262 24.4033203125 24.4233093262 24.4633178711 24.5833435059 24.6233215332 24.8600158691 26.0066528320 26.0633544922 26.1933288574 26.3333129883 26.3466491699 26.2399902344 26.2033386230 26.3767089844 26.3333129883 26.3233337402 26.5133361816 26.4333190918 26.4300231934 26.3200073242 26.3233337402 26.2399902344 26.1500244141 24.9533691406 23.8600158691 24.3500366211 25.0133666992 24.5766601562 24.3533630371 24.6266784668 24.4999694824 24.6933593750 24.4799499512 24.5700378418 24.2633666992 24.2532958984 23.2466125488 22.1466674805 22.6399841309 23.1466674805 23.1533813477 23.2533569336 23.4400329590 22.4266357422 20.5200195312 18.2033081055
23.9399719238 24.1799621582 24.3132934570 24.8466491699 25.0799865723 25.1033020020 25.2199707031 25.8566589355 25.8933715820 26.4600219727 26.5633239746 26.3933715820 26.3566284180 26.4333190918 26.3866271973 26.6466369629 26.6233520508 26.7133483887 26.9233398438 26.8233032227 26.8100280762 26.6133422852 26.5366210938 26.3500061035 26.1600036621 24.9666442871 22.6599731445 21.7166748047 23.9866333008 24.3500366211 24.0100097656 24.2033691406 23.9833068848 23.9866333008 23.8733520508 23.6666259766 23.5700378418 23.5500183105 22.2566833496 21.2566833496 21.4599914551 22.2666625977 22.9600219727 23.3600158691 23.3433837891 23.1333312988 22.9200134277
23.9266662598 24.2699890137 24.6000061035 24.8333435059 25.2666320801 25.5866699219 25.5199890137 25.8399963379 25.8767089844 26.0033569336 26.1499938965 26.2166748047 26.3766784668 26.5367126465 26.8133239746 26.9733581543 26.8332824707 26.8999938965 27.1099548340 27.0133056641 26.9032897949 26.9199829102 27.0333557129 26.7500000000 26.5500488281 26.3666687012 26.0733642578 25.0333251953 24.2799682617 22.7433471680 22.5133056641 24.2033996582 24.1866455078 24.2833557129 23.3733215332 22.7800292969 23.0600280762 23.0666503906 23.2700195312 21.7666625977 19.4799804688 19.7866210938 21.2766418457 20.3766479492 16.7533264160 13.7999877930 16.3533325195
24.6134033203 25.0533142090 25.1833190918 25.4032897949 25.4432983398 25.3633728027 25.7066650391 25.8233642578 25.9466552734 25.9933166504 26.2299804688 26.4266662598 26.5899963379 26.8600463867 27.1166687012 27.2867126465 26.8467102051 26.8099670410 27.2100219727 27.3099975586 27.2066650391 27.2233581543 27.1333312988 26.9566650391 26.7467346191 26.5399475098 26.4066772461 26.2433471680 25.6033935547 23.9700012207 20.0599670410 20.5499572754 20.4599609375 17.7499694824 14.7499694824 15.8399963379 12.7466735840 15.2600097656 14.5633239746 15.3499755859 15.1366577148 14.6233520508 10.7000122070 9.5533447266 12.4400329590 13.2066650391 13.8800048828
24.7900085449 25.3333129883 25.7799987793 25.8033142090 26.4200134277 26.3566589355 26.2866210938 26.3166198730 26.3533630371 26.3932800293 26.4099731445 26.2033081055 26.8199462891 27.2099914551 27.4200439453 27.8999938965 27.9566955566 27.3299865723 27.4967041016 27.4932861328 27.6066589355 27.5199584961 27.4133300781 27.1999511719 26.9900207520 26.6766662598 26.4366455078 25.9667053223 25.2166442871 22.9866638184 17.1833496094 12.5800170898 11.4733276367 11.6733703613 11.9667358398 10.7866210938 9.6966552734 9.2066955566 10.2866210938 8.1533203125 9.9132995605 11.7900390625 13.1667175293 15.5199890137 16.3233032227 15.4666442871 10.0932922363
24.8733215332 25.3233642578 25.7500000000 26.0966796875 26.8133239746 26.8633117676 26.7000122070 26.7433166504 26.7733459473 26.7999877930 26.9332885742 26.9766540527 27.0033874512 27.2966613770 27.4932556152 27.8900146484 28.3966674805 28.4000244141 28.1000061035 28.2866821289 28.2733459473 27.8666687012 27.5633239746 27.2499694824 26.9500427246 26.7299804688 26.4700317383 25.4966430664 24.5366516113 19.9166870117 12.1100158691 11.3099975586 12.1100158691 13.5267028809 16.3233337402 18.0267028809 16.1399841309 14.6133728027 12.9800109863 11.2466430664 9.8999633789 10.3633422852 9.8300170898 7.9433288574 5.9166870117 5.0799865723 3.7933349609
25.0666809082 25.9066467285 26.3466796875 26.4866638184 27.0399780273 27.0733642578 27.1066589355 27.0433349609 27.1733398438 27.2199707031 27.3399963379 27.4366455078 27.3599548340 27.2700500488 27.5666198730 27.6666870117 27.5733032227 27.2733459473 27.6766662598 28.1933288574 28.0533447266 27.8267211914 27.6233215332 27.3100280762 26.8967590332 26.7666625977 26.6999511719 26.3299560547 25.6633605957 20.9633483887 12.4499816895 11.6466674805 19.9600524902 22.1567077637 21.0633239746 17.7666320801 16.3399963379 12.8933410645 14.0599975586 15.2232971191 13.3800354004 13.2733459473 9.9633789062 7.7066955566 4.6899719238 4.5566406250 6.5966491699
25.8600158691 26.2066650391 26.8500061035 27.2000122070 27.3433532715 27.4866638184 27.3133239746 27.3533325195 27.3800354004 27.5366516113 27.5500488281 27.5733642578 27.4966430664 27.4299926758 27.5600280762 27.6567077637 27.7533569336 27.3600463867 28.0400085449 28.1966857910 27.6466674805 26.7999877930 25.9866638184 26.6866455078 26.9700012207 27.1166687012 26.9465942383 26.9766540527 26.2200012207 21.6166076660 19.7233276367 25.1033630371 26.0966796875 26.1966857910 25.2000122070 23.4599609375 17.8233032227 13.9066772461 6.7099609375 5.1933288574 7.3833312988 8.5833435059 7.1533508301 7.8900451660 8.1633300781 9.3366699219 12.2066955566
26.2666320801 26.7133483887 27.2699584961 27.8166809082 27.9633178711 27.9866333008 27.8300170898 27.7633361816 27.8033447266 27.9399719238 27.6667175293 27.6866455078 27.6566772461 27.5799255371 27.6000061035 27.6400146484 27.7366638184 27.8366088867 27.8466491699 27.7033386230 26.7400207520 25.5000305176 24.3433227539 23.6466369629 23.2333374023 26.0566711426 26.8066101074 26.7400207520 26.3833618164 25.1033020020 24.1866760254 24.8800354004 22.1699829102 24.7666320801 20.3533935547 19.4466247559 15.1300048828 12.4266357422 10.3133239746 3.6100158691 7.2000122070 7.8933410645 9.9766540527 14.5999755859 15.9500427246 16.2199707031 17.9933166504
