model_inputs/inputs_caete4/tas/tas_LAYER6.asc
ncols 720
nrows 360
xllcorner -180
yllcorner -90
cellsize 0.500000
NODATA_value -9999.000000
[rows 100 to 119 of 360, columns 517 to 563 of 720]
24.2333679199 24.1533508301 24.0866088867 24.0566406250 24.0199890137 24.0567626953 25.0633850098 25.8766784668 26.1000061035 26.1099853516 26.0299377441 26.0433349609 25.8633117676 25.7700195312 25.6966552734 25.6166687012 25.5266723633 25.5433349609 25.5000000000 25.5933532715 25.5933227539 26.2033386230 26.2333984375 26.6232910156 25.8133239746 25.3900146484 24.3266601562 24.0700073242 23.1000366211 22.4566650391 20.8166503906 21.5099792480 20.3800048828 16.8699645996 10.3766784668 11.3366699219 9.7966613770 12.2633056641 13.3266601562 16.1933593750 20.0066528320 20.5700378418 20.7232971191 20.1966857910 19.8566284180 20.5033569336 21.6666564941
24.6166381836 24.6566467285 24.5766906738 24.5566406250 24.5133361816 24.4300842285 25.4466857910 25.7666625977 25.5699768066 26.1933593750 26.1066894531 26.0199584961 25.9400329590 25.7633972168 25.6799926758 25.5933532715 25.6132812500 25.6233215332 25.7466430664 25.5400085449 24.8333435059 24.9266662598 22.8966674805 21.7966918945 20.6766357422 16.4333801270 15.5733337402 15.6199645996 15.1432800293 12.7866821289 8.6533508301 11.8399963379 9.6200256348 9.5066833496 7.3833312988 4.9166564941 0.2699890137 5.6366882324 5.0033264160 7.4799194336 8.7033691406 14.7633361816 18.1099548340 19.7799987793 16.2300109863 16.5833129883 19.7566528320
24.0966491699 24.2600097656 24.3932800293 24.5833740234 24.7799987793 24.8067321777 25.5166320801 25.2400207520 24.6600341797 24.7666625977 25.0833129883 25.0032653809 24.4266662598 24.7366943359 24.7633056641 24.7800292969 25.0899963379 25.5133056641 22.2333374023 17.6533508301 13.0433044434 9.6299743652 7.2100524902 9.1533508301 8.3099975586 12.0333557129 12.4899902344 12.7266845703 12.6666564941 13.9066467285 13.9933166504 13.8566894531 13.8433532715 13.4266662598 8.9066467285 3.9933776855 6.2499694824 2.3166809082 3.3033447266 3.3966369629 3.2999877930 3.2566833496 6.8199768066 10.7599792480 15.4166259766 15.0866699219 14.4466857910
24.3933105469 24.4499511719 24.6932983398 24.8599548340 25.0700073242 24.9932861328 25.1066894531 24.9300231934 24.8366699219 24.7633361816 24.5800170898 24.4833068848 24.2966613770 24.1166687012 24.0467224121 23.8633422852 20.9866638184 14.3900146484 8.5166625977 8.9166564941 5.9166870117 6.9833679199 8.2866821289 13.4633178711 13.0533142090 13.4000244141 13.6366271973 13.8866577148 14.0366210938 14.1833190918 14.2333374023 13.8967285156 13.2699584961 9.0466308594 3.7433471680 1.7333068848 2.3367004395 2.3866577148 3.0333557129 1.7300109863 2.8466186523 2.5233154297 3.1800537109 5.3067016602 7.4266662598 10.9967041016 12.9666748047
23.7033386230 23.7466430664 24.1933288574 25.4299621582 25.3566589355 25.2700195312 25.1833496094 25.1066589355 25.0200195312 24.8333129883 24.7566528320 24.5766296387 24.3900451660 23.7133178711 22.5267028809 13.6466979980 7.4667053223 6.3766784668 3.3900146484 2.6899719238 6.1833190918 6.1633605957 5.9499816895 7.8066406250 9.1933593750 10.9066467285 12.5866394043 14.3566589355 15.2033386230 15.2500000000 15.2032775879 15.2532958984 15.2299804688 14.4766845703 10.3400573730 6.2099914551 3.1833190918 4.6766967773 3.7366638184 1.8366088867 3.6699829102 3.1532897949 2.6066589355 4.7566833496 5.1767272949 7.5166931152 6.4833068848
22.0766296387 23.1266479492 23.8966979980 25.6133117676 25.5267333984 25.4533691406 25.3666076660 25.2933654785 25.1000061035 24.6199645996 22.5366821289 21.7500000000 18.4866638184 16.3033142090 9.1166687012 3.9267272949 4.5399475098 4.3600463867 4.2699890137 4.5633544922 4.8500061035 6.8300476074 7.3166503906 8.1633605957 4.8266906738 4.8067321777 8.4300231934 12.1533203125 15.6299743652 16.2866516113 16.3600463867 16.6133728027 16.7099609375 16.5099792480 14.8399963379 10.3033752441 12.0567016602 10.1267089844 9.9700012207 6.5633239746 6.0833740234 8.0766601562 8.7266540527 8.9132995605 8.1400451660 6.3666687012 7.5433349609
13.2433471680 14.4966430664 19.7700195312 18.2966613770 22.9166870117 23.9433593750 23.2633361816 20.7767333984 19.4033508301 16.8200073242 14.4333801270 9.5566711426 4.3700256348 3.5767517090 4.6033325195 5.2233276367 2.5399780273 2.7366638184 3.1433715820 3.3433227539 2.9266662598 2.1166381836 1.9033203125 6.1033325195 4.1666259766 4.6400146484 8.0266723633 10.1533508301 12.9733581543 13.2133178711 14.0499877930 16.1100158691 16.7633361816 16.9166870117 16.6600341797 16.6099548340 16.3800048828 15.2600097656 13.2199707031 10.4933471680 8.0066528320 7.7033386230 8.3699951172 10.0766906738 10.7033386230 11.2733764648 14.3167114258
5.3166503906 4.1866149902 11.2633361816 10.9933166504 15.9166870117 17.4233703613 12.9500122070 5.7666625977 5.9800109863 3.5033264160 4.5199584961 5.0499877930 4.6499938965 3.6666870117 3.6766052246 3.4833679199 2.8166809082 1.2200622559 -0.6666870117 2.1266784668 1.7100219727 2.5933532715 1.7700195312 0.1666870117 -1.6866455078 1.9800109863 3.3566894531 4.6433410645 4.2700195312 4.1066589355 4.9066467285 7.7666625977 11.2533569336 11.2533264160 11.8132934570 13.0667114258 13.2766418457 15.4633178711 14.5466613770 11.5466613770 4.7433166504 4.9566955566 9.3399963379 9.6499938965 9.9900817871 11.7466735840 11.6599731445
2.5799865723 3.6833190918 1.4466857910 2.4833679199 4.6999816895 3.1133422852 2.4266662598 2.0499877930 2.4767150879 4.3900146484 5.8099670410 5.7200012207 6.1299743652 4.5466918945 1.7666320801 1.3833923340 2.4833374023 3.7000427246 3.7066650391 3.0033264160 1.4733276367 2.1533508301 1.6266784668 1.4132995605 1.7733459473 2.0399780273 1.5200500488 2.0966796875 2.6833190918 3.6933288574 4.3533020020 5.7966308594 6.9633178711 5.6533203125 6.1100158691 6.1633605957 6.0599670410 6.0166625977 8.2899780273 7.4833374023 5.3999938965 4.6099853516 6.6166381836 11.0299987793 10.7466430664 9.5233459473 10.8499450684
1.4966735840 3.5765991211 4.6466674805 3.2733154297 2.9899902344 2.5066528320 2.1166992188 2.4333190918 3.9566955566 4.8633117676 4.3966064453 5.0033264160 5.5233154297 5.2333068848 5.1433105469 4.3533630371 4.0699768066 4.1866455078 3.7700195312 3.9766540527 2.0467224121 2.6333312988 1.4666442871 3.4700317383 2.8300476074 2.3966674805 2.5599975586 2.9366455078 2.9233398438 3.3933410645 4.1499938965 4.9166870117 4.3866577148 4.8533325195 5.1933288574 4.3466796875 4.3433532715 4.7933349609 5.6433410645 5.5266723633 5.8467102051 5.5800170898 7.4033508301 10.9100036621 9.0099792480 7.1099853516 8.1199951172
3.8933410645 2.6732788086 2.8432922363 2.5666809082 2.2800292969 2.5899963379 3.6166381836 3.7333068848 3.2466430664 3.6567382812 3.9766540527 2.6833801270 3.3933410645 2.5100097656 3.0266723633 3.4367065430 2.1467285156 2.5533447266 2.1600036621 2.8566894531 3.3167419434 3.8999633789 2.7433776855 4.0166320801 2.8833007812 1.0466613770 1.2132873535 2.6766357422 2.1499938965 3.9499816895 4.6500244141 5.1433410645 5.3099975586 3.4833679199 2.8933105469 2.3099975586 4.1199645996 5.5833129883 6.1232604980 5.6099853516 5.3466491699 2.1866455078 6.8766479492 6.9500427246 8.9700012207 9.0033264160 8.6933288574
5.6832885742 2.7666931152 1.3166198730 2.3500061035 3.6600036621 3.0799865723 3.5900268555 2.9133605957 3.3266601562 3.4466857910 4.1500244141 3.0766601562 3.2700195312 2.4899902344 2.2133178711 2.6999816895 2.4267272949 3.1466369629 2.9300231934 1.4366760254 1.6966247559 4.9799804688 2.6900024414 1.4700012207 1.7333374023 1.8066711426 3.1566467285 4.3299865723 5.2166442871 5.2000122070 4.5966796875 3.7833251953 2.3899230957 2.6000366211 2.6900024414 0.1866455078 1.4933776855 0.8599853516 3.1266784668 5.3533325195 5.7166442871 3.5166320801 7.5966491699 8.5000305176 8.6299743652 9.3699951172 9.2767028809
7.1832885742 7.1600036621 6.7233581543 5.8500061035 5.9633483887 4.4766235352 4.5766601562 3.9900207520 3.5033264160 4.4166564941 4.2333374023 5.4499816895 5.5599670410 4.6733093262 3.0799560547 2.6000061035 4.6133422852 3.2099914551 2.2133178711 4.2133178711 2.0666809082 1.6500244141 0.8433532715 3.5299987793 2.4933166504 2.4466857910 5.1166687012 5.3200073242 5.3966369629 4.4766845703 3.7533264160 2.3366699219 -0.2633361816 -0.8633422852 3.3233337402 3.8800354004 2.9066467285 5.2133789062 3.5400085449 5.2166748047 3.3000183105 5.5200195312 8.3233337402 8.5599975586 8.3866882324 8.7299804688 8.7632751465
6.4933166504 6.6433410645 8.7100219727 9.3366699219 7.8533325195 6.7533264160 5.3633117676 4.2699890137 4.5933837891 3.8933410645 4.3132934570 4.7300109863 4.9466247559 4.2399597168 4.2533569336 4.6800231934 5.2900390625 3.1900024414 4.0933837891 4.3833007812 3.1333312988 3.1999816895 3.7999877930 4.1766357422 2.7500305176 2.2099914551 2.9133300781 3.6199645996 3.5833435059 3.8699951172 3.9399719238 2.2132873535 3.1966552734 1.6833801270 1.0433349609 4.6900024414 6.1433105469 5.6200256348 6.7000122070 7.6300048828 3.9699707031 4.6033325195 7.9199829102 6.8933105469 6.3099670410 5.0633239746 7.9067077637
6.0766601562 7.1300048828 7.2999572754 6.6266784668 4.6300354004 4.2466735840 4.5433349609 6.8533020020 6.7700195312 6.3766784668 6.0899353027 6.5033264160 6.8200378418 5.6333618164 5.6466674805 5.8533325195 5.8599853516 6.4667053223 5.6733093262 5.8600463867 5.3033752441 5.2533569336 4.2500305176 5.2366943359 5.5966796875 4.9033813477 4.0166931152 3.6067199707 3.4866943359 2.8633422852 2.5399780273 1.6199645996 5.5766296387 5.4432983398 3.2233276367 5.6733703613 2.4200134277 4.2099914551 4.9399719238 2.3733520508 5.9033508301 5.6133117676 6.0200195312 7.1233520508 6.4066467285 7.5833435059 7.4266662598
7.2833251953 5.7366943359 7.7867126465 7.0199890137 5.3399963379 5.6300048828 5.2366638184 6.3466796875 6.4533386230 5.2633361816 5.6766662598 6.2866516113 6.0933227539 6.5100097656 6.6266784668 6.7366638184 6.4533386230 5.1533813477 5.8400268555 6.5466613770 5.7833251953 5.3066711426 5.9033203125 7.6932983398 6.2999877930 5.8966674805 5.5166625977 6.2999572754 5.7733459473 4.6599731445 4.7433471680 2.6033325195 4.7700195312 8.1500244141 9.8333740234 6.1200256348 6.9733581543 4.9433288574 4.8699951172 4.1066589355 4.6166687012 6.5299682617 6.5366516113 7.7433166504 6.6232910156 4.2933349609 10.0833435059
12.3766479492 11.2333679199 6.5833435059 4.8132934570 3.2366027832 4.9666137695 6.4767456055 6.6666564941 4.7766723633 4.6633300781 4.5633239746 5.7633361816 6.1866760254 6.9933471680 5.6000061035 6.5066833496 6.8200073242 7.4166870117 8.1300048828 6.5232849121 9.1499938965 9.1500244141 8.3599853516 8.6932983398 7.0033264160 6.3133544922 7.2266845703 7.2066955566 7.4799499512 4.9467163086 6.2099914551 7.1766662598 4.8566589355 7.1533508301 3.9400024414 5.8400268555 5.5166015625 5.6900329590 4.7266845703 5.3266601562 5.1333007812 8.4467163086 10.8467102051 9.1600341797 7.4499816895 5.6266174316 12.8999633789
14.4666442871 12.0300292969 6.8699951172 6.6999816895 5.6233215332 2.3366699219 3.6733398438 3.8233642578 4.6300354004 4.6300048828 5.2166137695 8.2200012207 7.4266967773 6.9200439453 7.5199890137 7.0200195312 7.7000122070 6.8000183105 6.4966125488 8.0066833496 7.2200012207 7.0333557129 6.0700378418 8.1999816895 8.6066589355 8.0233459473 8.7300109863 8.2866821289 7.3600158691 5.2266845703 6.9899902344 7.0599975586 7.9566650391 9.9400024414 4.4400329590 4.1300048828 4.9399719238 4.8233337402 4.2366638184 7.2433471680 9.2433166504 10.1499938965 7.7599792480 9.7699890137 8.8732910156 10.4600219727 14.3266906738
13.9700317383 10.6299743652 7.7666625977 4.3833007812 5.4066162109 6.4232788086 5.6433410645 4.1833190918 3.0366821289 3.7666931152 4.6800537109 4.7699890137 5.2733154297 5.1700134277 6.7700195312 6.1733398438 7.2466430664 7.0333251953 5.9266662598 5.9133605957 6.0599975586 5.7799987793 6.7200012207 9.0100097656 7.7433471680 8.0599975586 7.2866516113 5.9866638184 7.2366638184 6.3067016602 5.6666259766 6.5499572754 6.8466796875 6.4500122070 2.7400207520 4.5266723633 3.4266662598 5.2166748047 8.6466674805 9.8566589355 9.3599853516 11.7767028809 9.5733337402 12.0933227539 10.0966491699 10.2866516113 12.6566772461
21.6499938965 19.9100341797 11.8433532715 10.2699890137 5.8033447266 2.8166198730 5.5299987793 4.2633666992 5.7767028809 6.2399902344 4.6766662598 2.9332885742 3.1166687012 2.7166748047 3.9266357422 5.5066223145 6.0000305176 5.1833801270 3.9833679199 5.2466430664 5.6866760254 5.7099914551 5.2466735840 6.1233520508 7.4600219727 9.1133117676 9.3367004395 8.0566101074 7.5133056641 7.8934020996 7.7533569336 8.6533203125 12.8233337402 11.6300048828 3.7200317383 3.9066467285 6.4033203125 8.1233520508 8.1499938965 9.8666687012 11.3933410645 11.7999877930 9.0899963379 8.8100280762 8.9100036621 10.9233093262 10.7000122070
