model_inputs/inputs_caete4/tas/tas_LAYER6.asc
ncols 720
nrows 360
xllcorner -180
yllcorner -90
cellsize 0.500000
NODATA_value -9999.000000
[rows 200 to 219 of 360, columns 423 to 469 of 720]
18.6699829102 18.5733032227 18.2566528320 16.4400024414 18.2333374023 21.4299926758 19.1266479492 19.6166687012 19.2099914551 20.0899963379 19.7733459473 19.6733703613 21.1200561523 22.5566711426 22.3966369629 22.1366271973 24.0633239746 24.6366577148 -9999.0000000000 -9999.0000000000 -9999.0000000000 -9999.0000000000 -9999.0000000000 -9999.0000000000 -9999.0000000000 -9999.0000000000 -9999.0000000000 -9999.0000000000 -9999.0000000000 -9999.0000000000 -9999.0000000000 -9999.0000000000 -9999.0000000000 -9999.0000000000 -9999.0000000000 -9999.0000000000 -9999.0000000000 -9999.0000000000 -9999.0000000000 -9999.0000000000 -9999.0000000000 -9999.0000000000 -9999.0000000000 -9999.0000000000 -9999.0000000000 -9999.0000000000 -9999.0000000000
17.8766784668 18.1832885742 17.8800048828 16.6800231934 14.9700317383 20.4599914551 19.0366516113 18.0333557129 18.3200073242 19.5066223145 19.2066955566 20.5699462891 21.6133422852 22.3433227539 22.3766479492 22.3233947754 23.9566345215 24.4266052246 24.6233215332 -9999.0000000000 -9999.0000000000 -9999.0000000000 -9999.0000000000 -9999.0000000000 -9999.0000000000 -9999.0000000000 -9999.0000000000 -9999.0000000000 -9999.0000000000 -9999.0000000000 -9999.0000000000 -9999.0000000000 -9999.0000000000 -9999.0000000000 -9999.0000000000 -9999.0000000000 -9999.0000000000 -9999.0000000000 -9999.0000000000 -9999.0000000000 -9999.0000000000 -9999.0000000000 -9999.0000000000 -9999.0000000000 -9999.0000000000 -9999.0000000000 -9999.0000000000
16.9800109863 18.4866638184 18.7999877930 18.1799926758 17.2733154297 18.1666870117 19.3566589355 19.3433227539 20.0367126465 19.8366699219 21.1233520508 21.6699829102 22.2133789062 22.6466674805 23.0799560547 22.5132751465 23.0566711426 24.4033203125 -9999.0000000000 -9999.0000000000 -9999.0000000000 -9999.0000000000 -9999.0000000000 23.6199951172 -9999.0000000000 -9999.0000000000 -9999.0000000000 -9999.0000000000 -9999.0000000000 -9999.0000000000 -9999.0000000000 -9999.0000000000 -9999.0000000000 -9999.0000000000 -9999.0000000000 -9999.0000000000 -9999.0000000000 -9999.0000000000 -9999.0000000000 -9999.0000000000 -9999.0000000000 -9999.0000000000 -9999.0000000000 -9999.0000000000 -9999.0000000000 -9999.0000000000 -9999.0000000000
16.6999816895 18.1633300781 18.5900268555 17.9933471680 16.2933044434 20.8766784668 19.6633300781 19.1500244141 20.0599670410 20.3566894531 21.5200195312 21.8499145508 22.0000610352 23.0233459473 22.5700683594 22.1966857910 22.2599792480 24.1000366211 -9999.0000000000 -9999.0000000000 -9999.0000000000 -9999.0000000000 -9999.0000000000 22.6033630371 25.1899719238 -9999.0000000000 -9999.0000000000 -9999.0000000000 -9999.0000000000 -9999.0000000000 -9999.0000000000 26.0133361816 -9999.0000000000 -9999.0000000000 -9999.0000000000 25.4300231934 -9999.0000000000 -9999.0000000000 -9999.0000000000 -9999.0000000000 -9999.0000000000 -9999.0000000000 -9999.0000000000 -9999.0000000000 -9999.0000000000 -9999.0000000000 -9999.0000000000
19.6033630371 18.8733825684 17.5633544922 17.1700134277 16.5033874512 20.5000610352 20.5933837891 19.5066223145 19.1966247559 20.0666809082 20.5066528320 21.5533752441 22.0999755859 22.6233520508 22.1699829102 22.6033325195 22.9399719238 23.5866699219 24.4733276367 -9999.0000000000 -9999.0000000000 -9999.0000000000 -9999.0000000000 -9999.0000000000 24.5833435059 24.0899658203 24.3966979980 -9999.0000000000 -9999.0000000000 -9999.0000000000 -9999.0000000000 -9999.0000000000 -9999.0000000000 -9999.0000000000 25.2566528320 24.7233276367 25.2266540527 -9999.0000000000 -9999.0000000000 -9999.0000000000 -9999.0000000000 -9999.0000000000 -9999.0000000000 -9999.0000000000 -9999.0000000000 -9999.0000000000 -9999.0000000000
20.0166320801 19.0899658203 17.2566833496 17.2500305176 17.4733276367 21.3133544922 20.4200439453 17.5333557129 17.7133483887 19.4533386230 21.0133361816 21.3566589355 21.5933532715 21.8267211914 21.9633178711 22.0966491699 22.6333007812 23.5733337402 23.9466552734 -9999.0000000000 -9999.0000000000 -9999.0000000000 -9999.0000000000 -9999.0000000000 -9999.0000000000 -9999.0000000000 -9999.0000000000 24.9266357422 -9999.0000000000 -9999.0000000000 -9999.0000000000 -9999.0000000000 -9999.0000000000 -9999.0000000000 25.0566406250 23.2333374023 24.6500549316 -9999.0000000000 -9999.0000000000 -9999.0000000000 -9999.0000000000 -9999.0000000000 -9999.0000000000 -9999.0000000000 -9999.0000000000 -9999.0000000000 -9999.0000000000
19.3966369629 19.2966003418 18.3533325195 18.6366882324 17.7366943359 20.6699829102 20.5233764648 17.5567321777 18.3333129883 19.8566589355 20.3966674805 20.4333190918 20.6766357422 21.1066589355 21.4466552734 21.6733398438 22.3133239746 23.0666809082 24.1566772461 -9999.0000000000 -9999.0000000000 -9999.0000000000 -9999.0000000000 -9999.0000000000 -9999.0000000000 -9999.0000000000 -9999.0000000000 26.0376281738 -9999.0000000000 -9999.0000000000 -9999.0000000000 -9999.0000000000 -9999.0000000000 24.9000244141 24.7633056641 23.6533203125 23.6700439453 24.5800476074 -9999.0000000000 -9999.0000000000 -9999.0000000000 -9999.0000000000 -9999.0000000000 -9999.0000000000 -9999.0000000000 -9999.0000000000 -9999.0000000000
19.5033569336 18.9933166504 18.2699890137 18.4399719238 17.1132812500 19.8767089844 20.5333557129 18.7433471680 19.1866455078 19.8399963379 19.3733215332 19.8966674805 20.7433166504 20.8733215332 21.4034118652 22.1600036621 22.4166564941 22.7066345215 23.9966735840 -9999.0000000000 -9999.0000000000 -9999.0000000000 -9999.0000000000 -9999.0000000000 -9999.0000000000 -9999.0000000000 -9999.0000000000 -9999.0000000000 -9999.0000000000 -9999.0000000000 -9999.0000000000 -9999.0000000000 24.6266784668 23.8033752441 21.4800109863 19.5799560547 21.9733581543 23.8866577148 -9999.0000000000 -9999.0000000000 -9999.0000000000 -9999.0000000000 -9999.0000000000 -9999.0000000000 -9999.0000000000 -9999.0000000000 -9999.0000000000
18.8133239746 18.8033142090 19.2133178711 17.8833618164 16.9799499512 16.7066345215 20.9566955566 19.8199768066 19.2633361816 19.7033386230 20.0266418457 20.7732849121 21.2066650391 21.3566589355 21.4133300781 21.6766357422 22.2366333008 23.1400756836 23.9466857910 -9999.0000000000 -9999.0000000000 -9999.0000000000 -9999.0000000000 -9999.0000000000 -9999.0000000000 -9999.0000000000 -9999.0000000000 -9999.0000000000 -9999.0000000000 -9999.0000000000 -9999.0000000000 -9999.0000000000 24.4432983398 22.7166442871 17.5867004395 17.0966796875 20.9900207520 23.6033020020 -9999.0000000000 -9999.0000000000 -9999.0000000000 -9999.0000000000 -9999.0000000000 -9999.0000000000 -9999.0000000000 -9999.0000000000 -9999.0000000000
18.6633605957 19.3500366211 20.5466308594 18.8433532715 17.1533508301 17.0466613770 18.6399841309 19.9132995605 19.3333435059 19.4699707031 20.1132812500 19.9600219727 20.1133728027 20.6699523926 20.9333801270 21.3000183105 22.0866699219 22.7766723633 23.6866760254 -9999.0000000000 -9999.0000000000 -9999.0000000000 -9999.0000000000 -9999.0000000000 -9999.0000000000 -9999.0000000000 -9999.0000000000 -9999.0000000000 -9999.0000000000 -9999.0000000000 -9999.0000000000 24.5866699219 24.9599914551 23.0266723633 17.7166748047 18.0200195312 20.5167236328 23.1166381836 -9999.0000000000 -9999.0000000000 -9999.0000000000 -9999.0000000000 -9999.0000000000 -9999.0000000000 -9999.0000000000 -9999.0000000000 -9999.0000000000
19.5000000000 20.5966491699 21.2899780273 20.7066650391 19.7099914551 18.2967224121 18.9366760254 19.2000427246 19.0166931152 18.6566467285 18.9167175293 17.6766357422 19.5333557129 20.0899963379 20.6366577148 21.5299682617 22.2266845703 22.9233093262 23.8333740234 -9999.0000000000 -9999.0000000000 -9999.0000000000 -9999.0000000000 -9999.0000000000 -9999.0000000000 -9999.0000000000 -9999.0000000000 -9999.0000000000 -9999.0000000000 -9999.0000000000 24.3166198730 24.8933410645 24.4766540527 22.9433593750 19.5366516113 18.9499816895 21.2533569336 21.9533081055 -9999.0000000000 -9999.0000000000 -9999.0000000000 -9999.0000000000 -9999.0000000000 -9999.0000000000 -9999.0000000000 -9999.0000000000 -9999.0000000000
21.2999572754 21.7366638184 21.4500427246 21.7733459473 21.3833312988 20.2366027832 20.5466613770 18.3933715820 17.4266662598 18.2799377441 18.8233337402 19.3899841309 20.0499877930 20.7000427246 21.3833312988 21.9632873535 22.5766296387 23.1533203125 -9999.0000000000 -9999.0000000000 -9999.0000000000 -9999.0000000000 -9999.0000000000 -9999.0000000000 -9999.0000000000 -9999.0000000000 -9999.0000000000 24.6566162109 24.4533081055 24.6433105469 24.3399963379 24.3166809082 23.8933410645 22.2799377441 19.9866333008 18.7966918945 22.2833557129 22.3933410645 -9999.0000000000 -9999.0000000000 -9999.0000000000 -9999.0000000000 -9999.0000000000 -9999.0000000000 -9999.0000000000 24.8398437500 24.1266784668
19.7266845703 20.2732849121 21.1399841309 21.7066650391 22.3466491699 21.5633544922 21.5966796875 20.4133911133 18.9466247559 19.4900207520 20.0433044434 20.6033325195 21.3533325195 21.6266479492 22.1100463867 22.5033569336 22.8999938965 23.4932861328 -9999.0000000000 -9999.0000000000 -9999.0000000000 -9999.0000000000 -9999.0000000000 -9999.0000000000 -9999.0000000000 24.7366943359 24.2167053223 24.1032714844 24.0999755859 23.9699401855 24.0500183105 23.7433471680 22.5299987793 18.6099853516 18.2133483887 19.4266967773 22.0233459473 -9999.0000000000 -9999.0000000000 -9999.0000000000 -9999.0000000000 -9999.0000000000 -9999.0000000000 -9999.0000000000 -9999.0000000000 -9999.0000000000 -9999.0000000000
17.6633605957 19.0266723633 19.8966369629 21.2799682617 21.2232666016 21.9833374023 21.7366638184 21.5533142090 20.2699890137 20.3033447266 21.0599975586 21.5100097656 21.8733520508 22.2599792480 22.3699645996 22.7500305176 23.3433837891 -9999.0000000000 -9999.0000000000 -9999.0000000000 -9999.0000000000 -9999.0000000000 -9999.0000000000 -9999.0000000000 -9999.0000000000 24.5832824707 23.6766052246 22.9633178711 22.8299560547 23.2866821289 23.5499572754 22.3499755859 19.6433410645 18.7433776855 17.6499633789 19.7633361816 22.2500305176 23.1633300781 -9999.0000000000 -9999.0000000000 -9999.0000000000 -9999.0000000000 -9999.0000000000 -9999.0000000000 -9999.0000000000 -9999.0000000000 -9999.0000000000
16.8166198730 16.9933166504 18.5666809082 19.4533691406 19.9833374023 21.1567077637 21.5200805664 21.2766723633 20.5100097656 21.1200256348 21.4733276367 21.9200134277 22.2999877930 22.5966796875 22.6900024414 -9999.0000000000 -9999.0000000000 -9999.0000000000 -9999.0000000000 -9999.0000000000 -9999.0000000000 -9999.0000000000 24.6199645996 -9999.0000000000 24.5366821289 23.6232910156 22.8132629395 21.9766845703 21.1399841309 22.2033081055 22.0733642578 19.4566650391 19.4599914551 18.3766784668 18.7900390625 21.1800842285 22.6966552734 -9999.0000000000 -9999.0000000000 -9999.0000000000 -9999.0000000000 -9999.0000000000 -9999.0000000000 -9999.0000000000 -9999.0000000000 -9999.0000000000 -9999.0000000000
15.0866394043 16.2699584961 16.2499389648 18.0233154297 19.3500366211 20.3500366211 21.2133483887 21.6499633789 21.3066711426 21.7333374023 21.8800048828 22.1466979980 22.4433593750 -9999.0000000000 -9999.0000000000 -9999.0000000000 -9999.0000000000 -9999.0000000000 -9999.0000000000 -9999.0000000000 -9999.0000000000 -9999.0000000000 -9999.0000000000 -9999.0000000000 24.3767089844 23.2566223145 22.5366516113 21.5966796875 20.7633361816 20.4399719238 19.1867065430 18.7666931152 17.3666381836 18.5966491699 17.8099670410 21.0233459473 22.7332763672 -9999.0000000000 -9999.0000000000 -9999.0000000000 -9999.0000000000 -9999.0000000000 -9999.0000000000 -9999.0000000000 -9999.0000000000 -9999.0000000000 -9999.0000000000
13.9667053223 13.8466186523 14.0233459473 18.3733215332 19.2067260742 20.3299865723 21.3833312988 21.1366882324 21.6799926758 21.8266601562 21.8866577148 -9999.0000000000 -9999.0000000000 -9999.0000000000 -9999.0000000000 -9999.0000000000 -9999.0000000000 -9999.0000000000 -9999.0000000000 -9999.0000000000 -9999.0000000000 -9999.0000000000 -9999.0000000000 -9999.0000000000 23.9967041016 23.0933837891 21.8600158691 20.9133605957 18.7733459473 18.2433166504 17.0133666992 16.4733581543 16.7699890137 17.2066650391 18.5233154297 21.5433349609 -9999.0000000000 -9999.0000000000 -9999.0000000000 -9999.0000000000 -9999.0000000000 -9999.0000000000 -9999.0000000000 -9999.0000000000 -9999.0000000000 -9999.0000000000 -9999.0000000000
14.8166809082 14.9733276367 15.0033264160 18.3500061035 19.5632934570 20.7900085449 21.0799865723 21.2200012207 21.7633361816 21.8366699219 -9999.0000000000 -9999.0000000000 -9999.0000000000 -9999.0000000000 -9999.0000000000 -9999.0000000000 -9999.0000000000 -9999.0000000000 -9999.0000000000 -9999.0000000000 -9999.0000000000 -9999.0000000000 -9999.0000000000 -9999.0000000000 -9999.0000000000 22.9966430664 21.6599731445 21.4166259766 18.6800231934 18.2633666992 16.6232910156 15.9933166504 15.6966857910 17.3067321777 20.0233459473 22.1300048828 -9999.0000000000 -9999.0000000000 -9999.0000000000 -9999.0000000000 -9999.0000000000 -9999.0000000000 -9999.0000000000 -9999.0000000000 -9999.0000000000 -9999.0000000000 -9999.0000000000
15.9833374023 16.3199768066 15.7466430664 17.9366455078 19.6299743652 21.0499877930 21.1633300781 21.5166320801 21.8732604980 -9999.0000000000 -9999.0000000000 -9999.0000000000 -9999.0000000000 -9999.0000000000 -9999.0000000000 -9999.0000000000 -9999.0000000000 -9999.0000000000 -9999.0000000000 -9999.0000000000 -9999.0000000000 -9999.0000000000 -9999.0000000000 -9999.0000000000 -9999.0000000000 23.5000305176 22.1800537109 21.4333190918 18.7033081055 18.3600158691 15.7266540527 14.1900024414 14.8000183105 17.4066162109 20.5200195312 22.0167236328 -9999.0000000000 -9999.0000000000 -9999.0000000000 -9999.0000000000 -9999.0000000000 -9999.0000000000 -9999.0000000000 -9999.0000000000 -9999.0000000000 -9999.0000000000 -9999.0000000000
15.6666564941 17.3766174316 14.7966308594 17.8766784668 20.4600219727 20.9500122070 21.4433288574 21.7133483887 -9999.0000000000 -9999.0000000000 -9999.0000000000 -9999.0000000000 -9999.0000000000 -9999.0000000000 -9999.0000000000 -9999.0000000000 -9999.0000000000 -9999.0000000000 -9999.0000000000 -9999.0000000000 -9999.0000000000 -9999.0000000000 -9999.0000000000 -9999.0000000000 -9999.0000000000 23.2000122070 22.0766906738 21.5466613770 19.6999816895 17.3567199707 14.7333679199 13.7033691406 15.0000305176 18.6267089844 20.8300170898 -9999.0000000000 -9999.0000000000 -9999.0000000000 -9999.0000000000 -9999.0000000000 -9999.0000000000 -9999.0000000000 -9999.0000000000 -9999.0000000000 -9999.0000000000 -9999.0000000000 -9999.0000000000
