model_inputs/inputs_caete4/tas/tas_LAYER6.asc
ncols 720
nrows 360
xllcorner -180
yllcorner -90
cellsize 0.500000
NODATA_value -9999.000000
[rows 80 to 99 of 360, columns 517 to 563 of 720]
18.8399658203 19.7766723633 19.4899902344 19.0833435059 19.2866516113 19.0566711426 18.9900207520 18.3333740234 18.1799926758 17.3400268555 15.7900390625 17.0500183105 16.5900268555 11.6233825684 9.6533203125 6.5900268555 5.5766296387 8.3300170898 5.3833618164 7.0366516113 9.0966491699 8.6033325195 7.6066894531 13.0067138672 11.5633544922 6.6300048828 10.3866577148 15.2233276367 15.1533813477 15.0766906738 15.5000305176 16.1299438477 15.6366577148 14.4133300781 14.3000183105 12.3966674805 11.0966796875 10.0899658203 9.2900085449 9.5000000000 10.4933166504 11.1100158691 11.9900207520 11.3900146484 12.4733581543 12.2499694824 13.9600219727
17.9666137695 18.9600219727 19.0566711426 18.9833068848 19.0100097656 18.9667053223 18.9300537109 17.9866943359 17.1266174316 17.6632995605 18.9200134277 19.7833251953 17.5266418457 14.4566650391 12.3867187500 10.4233093262 8.2633666992 6.4766845703 5.2200012207 5.9733276367 6.5333251953 8.6333923340 9.1799926758 11.2299499512 13.8933410645 10.6499938965 11.8066711426 15.4433288574 16.6832885742 16.4366455078 14.4933471680 12.9566040039 11.6366577148 11.3699951172 12.6666564941 12.0799865723 12.2866516113 11.4866333008 10.5699768066 10.6700134277 10.0799865723 10.4700012207 10.8200073242 12.6333312988 14.1266174316 13.2267150879 13.7133483887
17.6466674805 17.9500427246 18.3399963379 18.6600341797 18.9199829102 18.2766723633 18.3467102051 19.3033142090 19.7766723633 19.8033142090 19.8599853516 17.5033264160 14.9566345215 11.9866943359 9.2199401855 11.6600036621 11.1832885742 8.3133544922 7.5633544922 7.3033142090 8.7733459473 7.6333007812 9.6866455078 8.3933410645 8.0933227539 14.3466186523 12.4333190918 15.1933898926 17.1433105469 17.7333679199 17.4100036621 16.2733459473 15.2466735840 14.1432800293 12.3666381836 10.5866699219 11.0033569336 11.8299560547 12.1266784668 10.9533081055 11.0766906738 10.8900146484 12.1266479492 11.7399902344 12.4399719238 12.7300415039 13.1499938965
18.9266967773 18.2266845703 17.7200012207 18.9366455078 19.4266357422 18.2966918945 18.2533264160 19.7233276367 20.4800109863 21.0267028809 21.2966613770 20.5233764648 19.8900756836 19.3166503906 19.4533386230 17.4833679199 16.7166442871 13.1466369629 10.3966369629 10.2533264160 8.3733520508 7.2033386230 7.7100219727 7.9166870117 7.9132995605 12.7033386230 17.2966613770 17.9200439453 17.9833679199 18.0599975586 17.9300231934 15.4933471680 14.4599914551 14.4400329590 12.7600097656 10.1633300781 9.9966125488 10.1166687012 10.1266784668 9.1499938965 9.3699645996 10.3966979980 9.6233520508 11.1399841309 10.5300292969 12.0433349609 12.7666320801
19.7033691406 20.0033264160 20.2000122070 19.6199951172 18.7367248535 17.3000183105 17.0566711426 17.8300476074 18.9866333008 20.6499633789 21.0166625977 20.6699829102 21.3067016602 21.4499511719 21.0900268555 20.4165954590 20.0499877930 20.2833251953 19.9032897949 16.5066528320 13.6232910156 12.8367004395 8.5533447266 10.1633300781 9.8799743652 9.6966857910 14.9432983398 21.5233154297 23.0000000000 22.8666381836 22.1533203125 16.8100280762 15.7766418457 15.3566284180 15.2499694824 12.1733093262 10.9766540527 9.3066711426 6.7166748047 6.4466857910 6.4666748047 8.9800109863 8.5066528320 9.8299560547 10.3333129883 10.2867126465 12.0233459473
19.9733276367 20.5766601562 20.5799560547 20.8933410645 20.1433105469 18.7066955566 17.6700134277 15.0366516113 14.6033630371 14.9633178711 16.1199645996 16.6799926758 17.7433776855 13.2866516113 12.7133789062 16.3399658203 19.2833557129 21.8032836914 21.6466369629 21.1733398438 19.4800720215 16.8033752441 13.3266906738 9.3333129883 8.3566894531 8.4000244141 10.1133422852 18.7067260742 18.6966552734 14.6734008789 15.6499938965 17.4299926758 16.6033020020 15.4700317383 15.7466735840 13.4566345215 9.9800109863 9.8966674805 9.0400085449 7.6632995605 7.0933227539 9.2000427246 8.6233520508 8.6466369629 9.6733703613 10.5400085449 11.7733459473
21.8632812500 21.8466186523 21.2466735840 21.2700195312 21.4266357422 21.5399780273 21.5933532715 21.2566833496 20.2133483887 20.5867004395 19.1433410645 13.6199951172 13.5566406250 14.2066955566 16.3466796875 17.6733398438 19.4100036621 21.9666748047 22.1999816895 20.8366699219 20.6633300781 19.6733703613 18.4866943359 14.6033020020 11.7533569336 11.0733337402 9.0033264160 8.4033203125 9.7866210938 12.9633789062 11.5366516113 15.3166503906 16.5933227539 14.9799804688 10.7500000000 12.1366882324 11.6632995605 11.2966308594 10.3133850098 9.2533569336 8.1866760254 12.0099792480 11.7400207520 10.0633239746 8.7833557129 8.0099487305 10.9499816895
22.4400329590 22.0299987793 21.5333251953 21.6466674805 21.5099792480 22.0399780273 20.4133300781 21.9899902344 20.8500366211 20.9200134277 22.8799743652 16.5266723633 20.3766784668 21.8233337402 21.3632812500 23.0133361816 22.8467102051 22.9066772461 22.0533447266 21.2999877930 21.0233154297 20.1400146484 19.8600158691 18.1099548340 17.3300476074 16.6533203125 12.9765930176 12.9899597168 10.9700012207 10.2566833496 10.7300109863 15.2099914551 17.6833496094 19.2566223145 17.4466552734 10.4366455078 9.2666320801 10.3900146484 13.0133361816 12.8433227539 10.4633483887 14.4833068848 13.4133300781 13.6366577148 13.4733276367 10.4033508301 11.7100219727
21.9433288574 21.7399902344 21.2433471680 20.1733398438 17.7166442871 13.4866638184 16.3500366211 21.3166809082 13.0867004395 23.8366394043 24.8933410645 25.5400390625 25.5933532715 25.3499755859 25.1100158691 25.4666442871 25.1000366211 24.7466735840 23.2033386230 22.9833374023 21.7900390625 20.7000122070 20.0699768066 18.3999938965 19.1099853516 19.3333740234 19.6499633789 18.4666748047 16.7699890137 15.2433166504 12.8199768066 10.5033569336 14.1733703613 14.3533020020 12.3367004395 11.8733215332 9.1999511719 13.4166564941 9.8499755859 12.2732849121 15.5032958984 18.2300109863 18.3500061035 19.3766479492 17.9800109863 16.9666748047 16.9933471680
21.1533203125 15.6466979980 12.6466064453 12.6733398438 10.2232971191 10.5200195312 12.3833618164 18.7600402832 20.8166503906 11.4633483887 15.5166320801 18.0633239746 19.8266601562 22.2899475098 22.0500183105 25.8066406250 25.6499633789 25.4900207520 25.2399902344 25.0433349609 22.8633422852 20.4366455078 19.1399841309 18.7666625977 15.2799987793 17.0133666992 19.3266906738 17.1433715820 17.7600097656 17.3299865723 16.8200073242 15.2833557129 17.8699951172 15.5466918945 15.3733215332 13.4066467285 10.0333251953 7.5566711426 8.0834045410 8.5132751465 10.6333007812 14.7633056641 16.5800170898 17.7066650391 19.9933471680 19.5933837891 18.7799987793
15.4699707031 8.5599975586 6.7500305176 1.9866638184 7.2333068848 12.7500000000 14.7199707031 20.4866638184 24.0300292969 24.3999633789 25.3566894531 26.2099609375 26.2566223145 26.4233398438 26.3833007812 26.2433166504 26.1999816895 26.0466308594 25.7932739258 25.3133239746 24.6866455078 23.5999755859 23.3266296387 23.0499877930 22.2666931152 22.3766479492 21.5933837891 21.9166870117 23.0333557129 22.8333129883 21.9099731445 21.0766601562 17.5632934570 12.1666564941 16.1033630371 15.9366760254 16.0665893555 15.0932922363 12.9200134277 13.3500061035 12.7699890137 15.8966064453 16.3166503906 15.5366516113 16.3200073242 17.7167053223 15.7933349609
16.3933105469 16.0699768066 18.7700500488 15.9000244141 17.8466491699 14.1800231934 10.3533630371 11.4033203125 12.9766845703 11.8200073242 16.8899841309 19.8466796875 19.3033142090 23.0699768066 24.2167358398 24.4799804688 25.8366394043 26.2899780273 26.3633422852 25.0366516113 24.6500549316 23.5832824707 22.7033386230 23.0166931152 22.4366455078 21.0499877930 19.8800354004 18.9933166504 20.2166137695 21.9233093262 23.0899963379 23.8666992188 23.1633300781 21.4933166504 19.2366638184 18.4666442871 19.6999511719 18.3366088867 17.8600463867 18.9800109863 18.4933166504 17.4333801270 16.8500061035 18.1632995605 19.0633239746 19.2366943359 19.2366638184
21.3966674805 23.0632934570 23.1566162109 22.4200134277 20.5567016602 19.7000732422 19.1033325195 18.7633666992 17.3133239746 15.9666748047 14.0333862305 6.0866394043 9.5466308594 10.0999755859 12.0566711426 12.0066528320 15.7633056641 16.9333496094 19.1966552734 10.8099975586 12.7333068848 15.6466979980 19.3699645996 18.1999816895 19.2200012207 19.2366333008 18.1532897949 16.0733032227 17.3899841309 13.3099975586 12.0766601562 19.9633483887 24.0933227539 24.6266784668 24.1667175293 20.9033203125 20.9333190918 20.6733093262 20.1966552734 19.6199951172 19.9333496094 21.4666748047 22.2966918945 21.3866577148 19.7800292969 19.7733154297 20.1600036621
18.0233764648 17.9366455078 15.4700012207 13.3333435059 12.6499938965 13.6699829102 17.1033630371 17.8133239746 19.3767089844 15.5299682617 13.6966857910 9.0466308594 6.9066467285 10.1599731445 9.4200134277 7.1766662598 7.7333679199 9.6966552734 14.5700073242 18.9899597168 19.9900207520 16.4967041016 17.4066772461 17.6966552734 20.3966979980 22.2066650391 23.7333374023 21.4500122070 20.0666503906 14.8966674805 13.7799987793 10.8933410645 14.6266784668 21.9667053223 23.5066528320 19.2399597168 17.1700744629 18.3033142090 19.9333496094 20.0500183105 20.0833129883 22.2066955566 21.8166198730 19.6200256348 19.6966857910 19.7033081055 18.7933044434
12.0133666992 11.9366760254 12.1633300781 14.1266479492 13.7700195312 13.7599487305 11.5766601562 9.7933349609 9.0099792480 7.0966796875 11.5533447266 12.5099792480 11.2733459473 11.5366516113 10.6899719238 14.1466369629 11.0966796875 9.0433654785 15.7133483887 25.4866943359 29.3800048828 30.7966308594 29.5866394043 27.3900146484 26.8899841309 28.0866699219 27.7966308594 27.9933166504 26.7866516113 25.2832946777 24.0000305176 19.0333251953 16.7566223145 19.4966735840 20.6366882324 19.1799621582 19.3966674805 20.5333251953 20.9733276367 20.2865905762 18.8099670410 21.6367187500 22.5566711426 21.4466247559 22.1399841309 21.8167114258 21.1200561523
9.2166442871 8.3433227539 4.1700134277 -1.9566650391 4.1733398438 7.1433410645 8.5633239746 13.1700439453 19.2900085449 13.1166992188 13.9233093262 14.4766235352 14.8399353027 15.3899841309 17.3599548340 21.7033386230 21.3599548340 19.6233520508 20.6700134277 22.0599975586 24.1833496094 25.5766601562 26.5766601562 25.7867126465 25.0799865723 24.8899841309 25.0799865723 26.4967041016 26.2933349609 25.8533325195 24.9133605957 23.9500122070 22.5999450684 20.5332946777 18.2666625977 17.6066589355 18.1433715820 21.1633300781 22.0967407227 22.2233276367 22.4566955566 22.6799926758 22.9867248535 22.4632873535 23.2633361816 23.1566772461 22.5466613770
5.2167053223 8.2399902344 8.6633300781 9.3400268555 13.9799804688 18.7333679199 22.0366516113 22.2467041016 23.9766540527 23.2900085449 23.8133544922 25.6267395020 25.4899597168 25.4499511719 24.1033325195 24.2699890137 23.3266906738 21.9800109863 22.8500366211 21.6066894531 22.9799499512 24.4766540527 24.1699829102 23.2766723633 23.1900329590 23.8765869141 23.8767089844 23.7767028809 23.9533386230 22.9866638184 22.6600646973 21.4466247559 19.5033264160 18.2666625977 16.9166564941 16.0266723633 17.0700073242 18.3000183105 20.5432739258 21.4633178711 21.4899902344 22.0032958984 22.9066772461 22.6966857910 23.0933532715 23.1900329590 23.2633666992
13.7166748047 18.9433288574 21.2666931152 22.6532897949 22.9833068848 23.1000061035 23.4100341797 24.1299743652 25.8566589355 26.6667480469 26.4933776855 26.5133361816 26.4166564941 26.4199523926 26.2799987793 26.2300109863 25.6932983398 23.4466247559 20.6133728027 20.2566833496 23.0666809082 22.3833618164 22.5733337402 23.1766662598 24.9766540527 25.6799926758 25.3633117676 23.7399902344 22.8999938965 22.9266052246 22.5966491699 21.1733703613 19.7866821289 19.1466674805 18.4100341797 18.4733276367 18.2966613770 17.2366943359 19.5699768066 21.4966430664 21.2233581543 20.4433288574 21.5333251953 22.4333496094 22.9267272949 23.1866455078 23.3367004395
14.9200134277 18.3533325195 18.9766235352 23.8500366211 23.9632873535 24.0866394043 24.6933898926 25.4199829102 26.6400146484 26.7533569336 26.7700195312 26.6800231934 26.6100158691 26.5199890137 26.5299682617 26.3900146484 26.2533569336 26.2166137695 26.0699768066 25.6967163086 25.3066711426 25.5766906738 25.5733337402 26.2699890137 26.4667358398 26.3433227539 25.6267089844 23.6866760254 23.7200317383 23.2733764648 22.0399780273 21.8299560547 21.7033081055 22.5399780273 22.0966491699 21.1632690430 20.6299743652 18.5633239746 19.7033386230 20.0433654785 19.7666931152 20.1566467285 22.4632873535 22.5332946777 22.6966247559 23.0600280762 23.1166687012
17.7332763672 22.6499938965 22.7766418457 24.4566955566 24.4400024414 24.4599609375 25.0834045410 25.6966552734 26.7133178711 26.9266357422 26.8500061035 26.8700256348 26.7832946777 26.6999816895 26.5166625977 26.4300231934 26.4100341797 26.2699890137 26.2266235352 26.3566284180 26.4533386230 26.6532897949 26.6700134277 26.5533447266 26.5299682617 26.4100341797 26.0833435059 26.1366271973 25.7799987793 24.9100036621 24.2800292969 24.9500122070 23.3432922363 23.0334167480 22.3900146484 19.9466247559 19.0100097656 18.6766662598 19.8433227539 22.2733154297 21.0066528320 20.7966918945 21.4533386230 22.1233520508 22.3733520508 22.5299682617 22.6833496094
